date,ID,lat,long,value
2009-01,ASN00061216,-33.4176,151.159,724
2009-01,ASN00061217,-33.2904,150.9708,176
2009-01,ASN00061220,-33.2381,151.3003,242
2009-01,ASN00061226,-32.936,151.1393,154
2009-01,ASN00061250,-32.6296,151.5919,247
2009-01,ASN00061260,-32.7886,151.3377,26
2009-01,ASN00061287,-32.1852,150.1737,138
2009-01,ASN00061288,-32.3322,151.4595,468
2009-01,ASN00061336,-33.1556,150.6847,300
2009-01,ASN00061295,-32.8108,151.3396,78
2009-01,ASN00061306,-31.8988,150.658,232
2009-01,ASN00061309,-32.6881,150.9728,60
2009-01,ASN00061324,-32.2451,150.513,200
2009-01,ASN00061327,-32.8248,151.2613,80
2009-01,ASN00061329,-32.8323,151.3085,104
2009-01,ASN00061334,-33.0488,150.2325,510
2009-01,ASN00061339,-32.5584,151.8043,266
2009-01,ASN00061346,-31.8626,151.4398,308
2009-01,ASN00061294,-33.4666,151.4126,322
2009-01,ASN00061211,-33.3588,150.7058,454
2009-01,ASN00061135,-32.1018,151.2333,95
2009-01,ASN00061205,-33.0297,151.1401,150
2009-01,ASN00061055,-32.9185,151.7985,154
2009-01,ASN00061071,-32.4027,151.9664,318
2009-01,ASN00061078,-32.7932,151.8359,206
2009-01,ASN00061092,-32.5932,151.3335,66
2009-01,ASN00061093,-33.3653,151.3264,554
2009-01,ASN00061095,-32.1939,151.0932,170
2009-01,ASN00061096,-32.5997,151.618,373
2009-01,ASN00061097,-31.9201,151.2355,214
2009-01,ASN00061100,-32.7667,151.0872,76
2009-01,ASN00061106,-32.3564,151.8059,272
2009-01,ASN00061110,-32.8736,150.7936,170
2009-01,ASN00061119,-33.385,150.9856,370
2009-01,ASN00061130,-32.5113,150.7968,152
2009-01,ASN00061143,-32.654,151.021,90
2009-01,ASN00061151,-32.2426,151.683,556
2009-01,ASN00061152,-32.9995,151.2908,80
2009-01,ASN00061162,-32.8446,150.8398,66
2009-01,ASN00061170,-32.2809,151.7948,610
2009-01,ASN00061191,-32.6126,150.9761,82
2009-01,ASN00061192,-32.2092,150.7365,160
2009-01,ASN00061196,-31.7069,151.2131,164
2009-01,ASN00061209,-32.9597,150.675,150
2009-01,ASN00061349,-32.5667,151.6083,125
2009-01,ASN00061381,-33.4036,151.3928,510
2009-01,ASN00061360,-32.05,150.8528,365
2009-01,ASN00062101,-32.5628,149.6149,122
2009-01,ASN00062102,-32.5204,150.0817,105
2009-01,ASN00063005,-33.4289,149.5559,186
2009-01,ASN00063013,-33.5366,150.4413,692
2009-01,ASN00063028,-33.6929,150.5291,222
2009-01,ASN00063029,-33.744,149.1046,178
2009-01,ASN00063035,-33.0362,149.4146,201
2009-01,ASN00063036,-33.8199,150.0227,61
2009-01,ASN00063039,-33.7122,150.3087,324
2009-01,ASN00062100,-32.7244,150.229,302
2009-01,ASN00063043,-33.5343,150.6338,552
2009-01,ASN00063061,-33.8222,149.3244,88
2009-01,ASN00063063,-33.6774,149.8374,64
2009-01,ASN00063073,-33.6896,149.5633,162
2009-01,ASN00063076,-33.0807,149.6901,328
2009-01,ASN00063081,-33.6956,150.5408,310
2009-01,ASN00063093,-34.3093,149.9677,246
2009-01,ASN00061054,-32.7103,152.1612,164
2009-01,ASN00063113,-33.5497,148.91,402
2009-01,ASN00063114,-33.3439,149.1617,270
2009-01,ASN00063049,-33.6094,150.0856,180
2009-01,ASN00062099,-32.8366,148.9963,146
2009-01,ASN00062093,-32.7236,149.7702,120
2009-01,ASN00062089,-32.8936,149.3808,186
2009-01,ASN00061363,-32.0335,150.8264,588
2009-01,ASN00061366,-33.2815,151.5766,186
2009-01,ASN00061372,-31.8017,150.925,52
2009-01,ASN00061373,-31.9583,150.8567,548
2009-01,ASN00061374,-32.2199,150.9193,124
2009-01,ASN00061375,-33.2894,151.2107,516
2009-01,ASN00061376,-33.0759,151.5382,158
2009-01,ASN00061377,-33.0933,151.6317,262
2009-01,ASN00061382,-33.1681,151.2181,220
2009-01,ASN00061383,-33.2528,151.3164,210
2009-01,ASN00061385,-33.0789,151.3403,270
2009-01,ASN00061387,-33.245,151.5119,98
2009-01,ASN00061392,-31.7416,150.7937,218
2009-01,ASN00061394,-33.2177,151.1251,398
2009-01,ASN00061405,-32.6753,151.6219,256
2009-01,ASN00061406,-33.0831,151.6511,50
2009-01,ASN00062003,-32.6657,149.1016,144
2009-01,ASN00062009,-31.9963,149.9856,188
2009-01,ASN00062013,-32.3634,149.5329,137
2009-01,ASN00062021,-32.5956,149.5956,90
2009-01,ASN00062075,-32.4753,149.5151,115
2009-01,ASN00061350,-32.1714,151.5942,630
2009-01,ASN00062032,-32.3592,149.9484,126
2009-01,ASN00059070,-30.4508,152.6231,800
2009-01,ASN00061031,-32.7756,151.735,170
2009-01,ASN00058180,-28.6069,153.2083,1200
2009-01,ASN00058186,-28.3283,153.4,2190
2009-01,ASN00058193,-28.3538,153.293,1420
2009-01,ASN00058194,-28.3811,152.7174,1440
2009-01,ASN00058198,-28.8353,153.5585,668
2009-01,ASN00058199,-28.7364,153.1634,766
2009-01,ASN00058201,-28.7967,153.2386,610
2009-01,ASN00058202,-28.7406,153.075,770
2009-01,ASN00058204,-28.3217,153.3467,2420
2009-01,ASN00058171,-28.9263,153.4178,900
2009-01,ASN00058206,-28.7231,153.3614,1480
2009-01,ASN00058212,-29.183,153.3964,912
2009-01,ASN00058214,-28.8343,153.2616,630
2009-01,ASN00058216,-28.6399,153.6358,976
2009-01,ASN00058220,-28.705,152.8414,898
2009-01,ASN00058222,-29.7847,153.2639,910
2009-01,ASN00059002,-30.65,152.8486,670
2009-01,ASN00059006,-30.1619,153.0982,956
2009-01,ASN00059007,-31.0711,152.7717,710
2009-01,ASN00059009,-30.2358,153.0163,510
2009-01,ASN00058208,-28.8775,153.052,516
2009-01,ASN00058167,-28.4147,153.3339,1190
2009-01,ASN00058165,-28.6229,153.409,1988
2009-01,ASN00058162,-28.7278,153.4622,780
2009-01,ASN00058027,-29.4227,153.2533,444
2009-01,ASN00063117,-33.6739,149.0471,141
2009-01,ASN00058040,-28.5451,153.4948,1188
2009-01,ASN00058044,-28.5966,153.2233,1758
2009-01,ASN00058045,-29.9691,152.7265,400
2009-01,ASN00058056,-28.2025,153.5502,2542
2009-01,ASN00058059,-29.6309,153.0286,196
2009-01,ASN00058068,-29.4133,153.0153,136
2009-01,ASN00058070,-28.6384,153.4128,1784
2009-01,ASN00058077,-29.6224,152.9605,208
2009-01,ASN00058079,-29.7619,153.1047,118
2009-01,ASN00058080,-29.87,153.2653,380
2009-01,ASN00058097,-29.1514,153.2792,596
2009-01,ASN00058099,-29.2822,152.9888,248
2009-01,ASN00058102,-29.737,152.7852,178
2009-01,ASN00058113,-28.4738,153.0861,1390
2009-01,ASN00058127,-28.7319,153.4065,990
2009-01,ASN00058147,-28.6696,153.2789,1270
2009-01,ASN00058148,-28.5276,153.1519,1588
2009-01,ASN00058158,-28.3395,153.3809,2226
2009-01,ASN00058161,-29.7583,153.0297,222
2009-01,ASN00059019,-30.3641,152.4061,760
2009-01,ASN00061041,-33.0955,151.5506,208
2009-01,ASN00059030,-30.9225,153.087,328
2009-01,ASN00059047,-31.1802,152.9681,429
2009-01,ASN00060104,-31.4138,151.598,726
2009-01,ASN00060106,-31.6647,152.0637,364
2009-01,ASN00060112,-32.0525,151.9147,436
2009-01,ASN00060116,-31.4367,152.4633,518
2009-01,ASN00060117,-31.8833,152.15,460
2009-01,ASN00060121,-31.5667,152.2401,840
2009-01,ASN00060122,-31.8922,152.2739,398
2009-01,ASN00060128,-31.5833,151.3167,272
2009-01,ASN00060130,-31.2936,152.3121,802
2009-01,ASN00060099,-32.4436,152.1561,300
2009-01,ASN00060137,-31.7683,151.8889,420
2009-01,ASN00060141,-31.8896,152.512,246
2009-01,ASN00060144,-32.3796,152.5062,252
2009-01,ASN00060146,-31.9572,152.585,412
2009-01,ASN00060148,-32.1625,152.2614,80
2009-01,ASN00061007,-32.0332,150.5836,190
2009-01,ASN00061010,-32.5879,151.7813,318
2009-01,ASN00061012,-33.0853,151.4633,218
2009-01,ASN00061014,-32.6385,151.4173,96
2009-01,ASN00061017,-32.4022,151.7582,182
2009-01,ASN00060139,-31.4336,152.8655,194
2009-01,ASN00060096,-32.2583,152.1208,170
2009-01,ASN00060095,-32.375,152.3808,180
2009-01,ASN00060090,-31.3422,152.341,846
2009-01,ASN00059107,-30.566,152.6528,688
2009-01,ASN00059110,-30.6688,152.7638,970
2009-01,ASN00059113,-30.3098,152.7636,1158
2009-01,ASN00059118,-30.2493,152.463,462
2009-01,ASN00059122,-30.8217,152.5067,610
2009-01,ASN00059124,-29.9806,152.7222,515
2009-01,ASN00059128,-30.9783,152.5106,150
2009-01,ASN00059138,-30.6639,152.6528,1290
2009-01,ASN00059139,-30.1014,153.0009,330
2009-01,ASN00059140,-30.3442,152.7187,1610
2009-01,ASN00060002,-32.4129,152.2079,94
2009-01,ASN00060015,-32.0063,151.9597,132
2009-01,ASN00060017,-31.7004,152.5833,320
2009-01,ASN00060024,-31.7816,152.6684,248
2009-01,ASN00060031,-31.3364,152.7852,375
2009-01,ASN00060036,-31.862,152.3444,348
2009-01,ASN00060042,-32.1532,151.9511,464
2009-01,ASN00060046,-31.6877,152.2688,1032
2009-01,ASN00060065,-32.2942,152.3047,200
2009-01,ASN00060075,-31.95,151.7923,542
2009-01,ASN00060085,-31.3865,152.2482,2614
2009-01,ASN00059040,-30.3107,153.1187,422
2009-01,ASN00058036,-28.31,153.2228,1460
2009-01,ASN00067119,-33.8511,150.8567,274
2009-01,ASN00063119,-34.2347,149.265,214
2009-01,ASN00068247,-34.7679,150.562,262
2009-01,ASN00068248,-34.6625,150.4333,180
2009-01,ASN00068249,-34.9636,150.0967,990
2009-01,ASN00068252,-34.6708,150.8497,144
2009-01,ASN00068255,-34.4875,150.4014,110
2009-01,ASN00069002,-36.6884,149.838,138
2009-01,ASN00069003,-36.6278,149.5705,174
2009-01,ASN00069006,-35.7011,149.7896,152
2009-01,ASN00069010,-35.4489,149.799,278
2009-01,ASN00068246,-34.5707,150.8383,84
2009-01,ASN00069013,-36.7677,149.6951,72
2009-01,ASN00069015,-37.0557,149.9053,356
2009-01,ASN00069017,-36.2519,150.2275,90
2009-01,ASN00069018,-35.9093,150.1532,170
2009-01,ASN00069019,-36.8402,149.5257,303
2009-01,ASN00069022,-36.2144,150.1358,88
2009-01,ASN00069023,-35.6488,150.1454,470
2009-01,ASN00069029,-37.3623,149.6984,228
2009-01,ASN00069033,-35.9017,149.9611,310
2009-01,ASN00069035,-35.7564,149.815,160
2009-01,ASN00069014,-36.3881,149.8882,147
2009-01,ASN00068245,-34.9528,150.7019,187
2009-01,ASN00068243,-34.5776,150.5118,148
2009-01,ASN00068241,-34.5638,150.79,26
2009-01,ASN00068044,-34.4474,150.4568,144
2009-01,ASN00068072,-34.9469,150.5353,280
2009-01,ASN00068080,-34.9158,150.7312,172
2009-01,ASN00068088,-35.0938,150.6228,332
2009-01,ASN00068110,-34.4829,150.8555,178
2009-01,ASN00068125,-34.0904,150.5052,382
2009-01,ASN00068151,-35.0936,150.8049,286
2009-01,ASN00068160,-34.0542,150.8772,230
2009-01,ASN00068181,-34.7275,150.5208,210
2009-01,ASN00068192,-34.0391,150.689,342
2009-01,ASN00068200,-34.2075,150.7095,390
2009-01,ASN00068202,-34.6033,150.5487,192
2009-01,ASN00068213,-34.8667,150.605,140
2009-01,ASN00068215,-34.4167,150.1967,160
2009-01,ASN00068216,-34.1194,150.7402,180
2009-01,ASN00068217,-34.6866,150.5253,344
2009-01,ASN00068224,-34.5858,150.6264,190
2009-01,ASN00068228,-34.3691,150.9291,168
2009-01,ASN00068229,-35.2439,150.5098,276
2009-01,ASN00068233,-34.8517,150.3883,460
2009-01,ASN00068239,-34.5253,150.4217,124
2009-01,ASN00069036,-36.0876,150.0508,266
2009-01,ASN00068035,-34.6642,150.7586,152
2009-01,ASN00069041,-35.2514,149.9158,392
2009-01,ASN00069048,-35.7581,149.8252,214
2009-01,ASN00070016,-35.5889,149.4478,360
2009-01,ASN00070025,-34.4578,149.4693,158
2009-01,ASN00070032,-35.2274,148.9139,538
2009-01,ASN00070043,-34.7823,149.2681,670
2009-01,ASN00070045,-35.1548,149.057,510
2009-01,ASN00070054,-36.2009,149.0602,164
2009-01,ASN00070060,-35.1559,149.7725,378
2009-01,ASN00070061,-35.5646,149.7406,364
2009-01,ASN00070071,-34.6514,149.5024,244
2009-01,ASN00070005,-36.9113,149.2379,192
2009-01,ASN00070077,-34.9031,149.67,528
2009-01,ASN00070084,-36.9325,148.9393,248
2009-01,ASN00070106,-36.8439,149.3897,226
2009-01,ASN00070112,-34.7226,149.1816,230
2009-01,ASN00070117,-34.7169,149.1207,442
2009-01,ASN00070124,-34.3024,149.8767,502
2009-01,ASN00070131,-34.545,149.6245,194
2009-01,ASN00058023,-28.7908,153.3958,882
2009-01,ASN00070143,-34.6389,149.9541,162
2009-01,ASN00070144,-34.4084,149.8836,205
2009-01,ASN00070080,-34.4048,149.8197,254
2009-01,ASN00069150,-35.3785,150.0032,326
2009-01,ASN00069148,-35.9004,150.1437,196
2009-01,ASN00069147,-36.9077,149.8989,212
2009-01,ASN00069049,-35.1165,150.0847,892
2009-01,ASN00069050,-36.2967,149.843,178
2009-01,ASN00069052,-35.7343,150.0508,609
2009-01,ASN00069054,-36.2967,149.51,506
2009-01,ASN00069062,-35.9446,149.5876,441
2009-01,ASN00069065,-36.5676,149.7511,696
2009-01,ASN00069066,-36.9296,149.646,140
2009-01,ASN00069068,-36.6036,149.9984,460
2009-01,ASN00069088,-36.1935,149.4735,387
2009-01,ASN00069114,-36.5404,149.8229,414
2009-01,ASN00069121,-35.4411,150.2857,500
2009-01,ASN00069127,-35.6864,149.8386,174
2009-01,ASN00069132,-35.4253,149.7835,268
2009-01,ASN00069133,-36.6631,149.5139,220
2009-01,ASN00069134,-35.7234,150.1872,352
2009-01,ASN00069137,-37.2622,150.0504,160
2009-01,ASN00069138,-35.3635,150.4827,278
2009-01,ASN00069139,-36.6722,149.8191,138
2009-01,ASN00069140,-36.4948,149.7434,359
2009-01,ASN00069142,-35.924,150.0362,212
2009-01,ASN00069145,-35.9775,149.8611,360
2009-01,ASN00069042,-35.7661,149.9416,582
2009-01,ASN00063118,-33.5156,150.4892,594
2009-01,ASN00068024,-34.2272,150.9111,576
2009-01,ASN00068000,-34.5712,150.7761,10
2009-01,ASN00064017,-31.3304,149.2699,296
2009-01,ASN00064024,-31.5622,148.9547,132
2009-01,ASN00064025,-31.8231,149.72,130
2009-01,ASN00064027,-31.3125,149.2048,446
2009-01,ASN00064029,-32.0156,149.3925,104
2009-01,ASN00064050,-31.646,149.6209,186
2009-01,ASN00064054,-31.7914,149.6705,172
2009-01,ASN00065000,-32.4975,148.7488,52
2009-01,ASN00065010,-33.2869,148.7396,508
2009-01,ASN00064015,-31.8227,149.1217,92
2009-01,ASN00065013,-33.4278,148.3721,126
2009-01,ASN00065020,-33.183,148.6941,344
2009-01,ASN00065022,-33.1628,148.5879,250
2009-01,ASN00065023,-33.0866,148.8598,503
2009-01,ASN00065030,-32.5192,148.5187,146
2009-01,ASN00065034,-32.5635,148.9503,64
2009-01,ASN00065041,-33.0956,148.8692,470
2009-01,ASN00065051,-32.9283,148.7547,266
2009-01,ASN00065068,-33.1281,148.2428,426
2009-01,ASN00065070,-32.2206,148.5753,38
2009-01,ASN00065019,-33.6146,148.435,230
2009-01,ASN00064010,-32.1141,149.0365,92
2009-01,ASN00064009,-32.0159,149.3964,126
2009-01,ASN00064008,-31.2712,149.2714,368
2009-01,ASN00063132,-33.3808,150.0818,248
2009-01,ASN00063142,-33.577,149.8591,92
2009-01,ASN00063146,-33.5544,150.0526,134
2009-01,ASN00063214,-33.3561,149.4058,180
2009-01,ASN00063229,-33.6773,148.6115,136
2009-01,ASN00063234,-33.6708,148.8565,150
2009-01,ASN00063246,-33.5105,150.3711,707
2009-01,ASN00063254,-33.3211,149.0828,627
2009-01,ASN00063271,-34.0417,149.3611,296
2009-01,ASN00063283,-33.7,150.0278,190
2009-01,ASN00063287,-33.4111,149.5861,170
2009-01,ASN00063290,-33.4983,150.5215,724
2009-01,ASN00063291,-33.412,149.654,230
2009-01,ASN00063292,-33.6185,150.2741,350
2009-01,ASN00063293,-33.74,149.8822,40
2009-01,ASN00063295,-33.6297,150.2803,440
2009-01,ASN00063297,-33.5728,149.9128,70
2009-01,ASN00063298,-33.6144,149.6981,180
2009-01,ASN00063302,-33.8275,149.6033,70
2009-01,ASN00063303,-33.3813,149.127,476
2009-01,ASN00063304,-33.7181,149.5106,40
2009-01,ASN00065084,-33.3711,148.5917,136
2009-01,ASN00068007,-34.0254,150.6455,356
2009-01,ASN00065096,-33.2682,148.3945,166
2009-01,ASN00065099,-32.3778,148.8741,300
2009-01,ASN00066194,-33.9057,151.1134,236
2009-01,ASN00066204,-34.0009,151.0738,223
2009-01,ASN00067002,-33.6667,150.6696,368
2009-01,ASN00067017,-33.8136,150.9392,342
2009-01,ASN00067019,-33.8193,150.9127,224
2009-01,ASN00067021,-33.6165,150.7477,44
2009-01,ASN00067023,-33.4972,151.0931,406
2009-01,ASN00067026,-33.7704,150.9318,342
2009-01,ASN00067027,-33.8902,150.5934,32
2009-01,ASN00066188,-33.7402,151.2173,548
2009-01,ASN00067033,-33.6022,150.7794,190
2009-01,ASN00067104,-33.6617,150.9,150
2009-01,ASN00067105,-33.6004,150.7761,182
2009-01,ASN00067108,-33.8969,150.7281,286
2009-01,ASN00067109,-33.7678,150.9814,115
2009-01,ASN00067110,-33.7858,150.9236,275
2009-01,ASN00067111,-33.7931,151.0167,195
2009-01,ASN00067112,-33.7672,151.0186,320
2009-01,ASN00067113,-33.7195,150.6783,192
2009-01,ASN00067114,-33.8667,150.8611,240
2009-01,ASN00067094,-33.4383,150.8917,332
2009-01,ASN00066176,-34.0658,151.0567,150
2009-01,ASN00066156,-33.7791,151.1121,165
2009-01,ASN00066148,-33.97,151.0638,120
2009-01,ASN00065103,-33.3627,147.9205,102
2009-01,ASN00065106,-32.0358,148.6552,208
2009-01,ASN00065111,-33.8449,148.6497,252
2009-01,ASN00065112,-33.4818,148.2608,396
2009-01,ASN00066011,-33.8,151.2,290
2009-01,ASN00066013,-33.8523,151.0985,114
2009-01,ASN00066034,-33.8507,151.1295,186
2009-01,ASN00066036,-33.9186,151.1402,180
2009-01,ASN00066037,-33.9465,151.1731,190
2009-01,ASN00066048,-33.8483,151.1105,132
2009-01,ASN00066052,-33.9096,151.2419,366
2009-01,ASN00066058,-33.9942,151.1292,210
2009-01,ASN00066059,-33.6908,151.2253,700
2009-01,ASN00066073,-33.9105,151.2276,385
2009-01,ASN00066078,-34.0517,150.98,254
2009-01,ASN00066080,-33.7809,151.2044,435
2009-01,ASN00066098,-33.8809,151.2658,302
2009-01,ASN00066124,-33.7917,151.0181,210
2009-01,ASN00066128,-33.5965,151.3221,542
2009-01,ASN00066137,-33.9181,150.9864,240
2009-01,ASN00066142,-33.6761,151.1818,958
2009-01,ASN00065098,-32.6833,148.9167,40
2009-01,ASN00058020,-28.2886,153.3651,2290
2009-01,ASN00047040,-33.9297,142.3572,0
2009-01,ASN00058012,-29.4333,153.3633,682
2009-01,ASN00043020,-26.4888,147.9777,167
2009-01,ASN00043035,-27.159,149.0703,208
2009-01,ASN00043037,-26.2094,149.0894,720
2009-01,ASN00043041,-28.1436,148.7089,570
2009-01,ASN00043043,-26.6133,149.3878,42
2009-01,ASN00043045,-28.0944,148.9731,504
2009-01,ASN00043051,-26.2625,149.2389,182
2009-01,ASN00043052,-27.0006,149.4969,278
2009-01,ASN00043060,-26.0756,147.9044,646
2009-01,ASN00043015,-25.8428,148.5669,248
2009-01,ASN00043061,-25.9847,148.5567,468
2009-01,ASN00043080,-27.2275,148.7411,546
2009-01,ASN00043091,-26.5442,148.7778,144
2009-01,ASN00043093,-26.6064,148.5372,402
2009-01,ASN00043095,-27.3867,149.3878,436
2009-01,ASN00043099,-26.82,148.0244,276
2009-01,ASN00043101,-27.3117,148.8267,170
2009-01,ASN00043102,-26.49,147.9792,150
2009-01,ASN00043105,-26.4083,148.7833,0
2009-01,ASN00043106,-26.5089,148.1314,602
2009-01,ASN00043065,-27.7683,148.7147,270
2009-01,ASN00043108,-25.96,148.3867,372
2009-01,ASN00042116,-28.23,149.5617,486
2009-01,ASN00042112,-26.6569,150.1819,556
2009-01,ASN00041534,-28.2111,152.0275,640
2009-01,ASN00041535,-28.3731,152.14,400
2009-01,ASN00041536,-28.2883,152.1053,570
2009-01,ASN00041537,-28.3394,152.2944,670
2009-01,ASN00041540,-29.1694,151.3414,330
2009-01,ASN00041543,-28.0719,151.1861,474
2009-01,ASN00041545,-27.6539,150.9136,452
2009-01,ASN00041547,-28.9236,151.9289,92
2009-01,ASN00041548,-28.8675,151.1611,200
2009-01,ASN00042115,-28.0697,149.9794,158
2009-01,ASN00041551,-26.9669,151.4847,790
2009-01,ASN00042016,-27.3411,150.0619,206
2009-01,ASN00042022,-27.3236,149.8828,163
2009-01,ASN00042023,-26.6581,150.1844,747
2009-01,ASN00042025,-26.5519,150.6322,718
2009-01,ASN00042034,-27.1689,150.0019,84
2009-01,ASN00042035,-26.6439,149.6278,22
2009-01,ASN00042078,-26.9186,150.4722,352
2009-01,ASN00042100,-27.7644,150.0694,360
2009-01,ASN00042104,-28.3839,149.6747,656
2009-01,ASN00042002,-27.2067,150.2828,254
2009-01,ASN00043109,-28.0489,148.5942,432
2009-01,ASN00043112,-26.7997,148.5989,710
2009-01,ASN00044010,-28.0336,147.4803,1043
2009-01,ASN00045003,-26.9011,144.3386,626
2009-01,ASN00045007,-26.1133,144.1333,746
2009-01,ASN00045009,-27.4008,141.8114,112
2009-01,ASN00045015,-26.6125,144.2578,611
2009-01,ASN00045025,-27.9867,143.815,466
2009-01,ASN00045029,-28.0722,141.5317,996
2009-01,ASN00046002,-29.7656,143.1142,364
2009-01,ASN00046006,-29.0885,141.2033,654
2009-01,ASN00046012,-31.5194,143.385,42
2009-01,ASN00044223,-25.4536,147.3031,30
2009-01,ASN00046015,-31.4459,142.1352,0
2009-01,ASN00046043,-31.5631,143.3747,14
2009-01,ASN00046052,-29.4089,143.3808,192
2009-01,ASN00046124,-29.8718,142.434,366
2009-01,ASN00046126,-29.4448,142.0567,132
2009-01,ASN00046128,-31.0867,141.7017,0
2009-01,ASN00046129,-30.8517,143.0742,90
2009-01,ASN00047013,-32.9669,143.1071,26
2009-01,ASN00047016,-34.0398,141.2652,0
2009-01,ASN00047019,-32.3937,142.4173,8
2009-01,ASN00046022,-31.4469,143.6548,156
2009-01,ASN00044211,-25.3353,147.3,116
2009-01,ASN00044208,-26.1394,145.6639,618
2009-01,ASN00044194,-28.3544,148.8217,646
2009-01,ASN00044021,-26.4139,146.2558,544
2009-01,ASN00044026,-28.0706,145.6808,614
2009-01,ASN00044038,-27.02,147.1536,884
2009-01,ASN00044040,-26.1108,144.8728,656
2009-01,ASN00044041,-25.9719,146.6189,312
2009-01,ASN00044044,-26.3453,147.1258,585
2009-01,ASN00044045,-27.4133,147.4314,672
2009-01,ASN00044047,-26.44,147.6942,236
2009-01,ASN00044050,-26.4156,147.1131,620
2009-01,ASN00044054,-28.8061,147.1194,660
2009-01,ASN00044056,-26.4458,147.5453,524
2009-01,ASN00044057,-25.4992,146.5442,750
2009-01,ASN00044070,-26.375,147.0394,604
2009-01,ASN00044075,-27.265,148.0814,1094
2009-01,ASN00044111,-25.8517,146.1894,334
2009-01,ASN00044137,-27.8717,148.0344,986
2009-01,ASN00044142,-27.6844,147.6981,972
2009-01,ASN00044153,-28.1631,145.0431,695
2009-01,ASN00044154,-28.3875,148.3111,1194
2009-01,ASN00044174,-27.62,145.8281,296
2009-01,ASN00044181,-28.9972,144.4094,138
2009-01,ASN00041533,-28.2292,152.2269,420
2009-01,ASN00041532,-28.3558,151.9967,650
2009-01,ASN00041531,-28.1167,152.0642,370
2009-01,ASN00041530,-28.2006,152.2156,500
2009-01,ASN00041085,-28.3253,152.3942,1310
2009-01,ASN00041086,-26.6653,151.3969,421
2009-01,ASN00041090,-26.5392,151.1347,516
2009-01,ASN00041091,-26.8086,151.0806,562
2009-01,ASN00041095,-28.6617,151.9339,369
2009-01,ASN00041096,-27.5094,151.9547,716
2009-01,ASN00041098,-28.2858,152.2425,628
2009-01,ASN00041100,-28.8544,151.1681,210
2009-01,ASN00041106,-27.9651,152.0752,1112
2009-01,ASN00041083,-28.0694,151.7797,232
2009-01,ASN00041116,-28.9231,151.9306,112
2009-01,ASN00041128,-28.4997,150.5928,700
2009-01,ASN00041134,-28.3128,152.4025,1412
2009-01,ASN00041145,-26.8397,151.165,690
2009-01,ASN00041152,-27.9753,150.9225,170
2009-01,ASN00041162,-28.2694,150.8106,166
2009-01,ASN00041166,-27.6764,151.6022,810
2009-01,ASN00041170,-27.5433,151.6383,268
2009-01,ASN00041175,-28.6217,151.9533,314
2009-01,ASN00041182,-27.1667,151.5697,348
2009-01,ASN00041120,-28.1897,152.2064,624
2009-01,ASN00041082,-27.7156,151.6333,626
2009-01,ASN00041072,-27.4831,151.6003,414
2009-01,ASN00041056,-28.3344,152.2953,862
2009-01,ASN00040965,-27.2442,153.0867,922
2009-01,ASN00070147,-34.5604,149.7381,178
2009-01,ASN00040969,-27.0717,153.1058,834
2009-01,ASN00040976,-27.4753,152.9753,732
2009-01,ASN00040978,-27.0797,153.1803,500
2009-01,ASN00040979,-27.1247,152.9356,1170
2009-01,ASN00040980,-27.1822,153.0186,1280
2009-01,ASN00041012,-26.6764,150.8992,334
2009-01,ASN00041013,-28.2264,152.0661,616
2009-01,ASN00041014,-28.3539,151.6281,278
2009-01,ASN00041016,-27.5331,151.2025,200
2009-01,ASN00041018,-27.9317,151.9058,238
2009-01,ASN00041022,-28.5,151.9722,611
2009-01,ASN00041024,-27.2067,151.8467,486
2009-01,ASN00041025,-27.5742,151.0839,240
2009-01,ASN00041034,-28.4039,151.4703,139
2009-01,ASN00041037,-27.3072,151.8506,242
2009-01,ASN00041047,-28.4147,151.0828,161
2009-01,ASN00041050,-26.7797,151.1111,524
2009-01,ASN00041052,-26.6928,151.0964,458
2009-01,ASN00041053,-27.3675,151.5897,104
2009-01,ASN00041191,-27.2627,151.3747,242
2009-01,ASN00047022,-32.4757,143.9409,12
2009-01,ASN00041208,-28.3542,152.3392,668
2009-01,ASN00041230,-28.7208,151.1825,674
2009-01,ASN00041473,-28.1022,151.8119,270
2009-01,ASN00041486,-26.9575,150.8633,210
2009-01,ASN00041489,-28.3011,150.2936,1102
2009-01,ASN00041490,-26.9,150.7833,340
2009-01,ASN00041491,-28.4333,151.4667,240
2009-01,ASN00041493,-27.4967,150.4539,1000
2009-01,ASN00041495,-28.4828,151.2831,200
2009-01,ASN00041503,-28.2167,152.05,360
2009-01,ASN00041504,-27.7358,151.4117,268
2009-01,ASN00041469,-27.0289,151.0947,954
2009-01,ASN00041506,-28.6561,150.6653,478
2009-01,ASN00041508,-27.7267,150.6453,160
2009-01,ASN00041509,-27.6783,150.3483,568
2009-01,ASN00041510,-27.4722,151.9481,564
2009-01,ASN00041512,-27.3825,151.9244,252
2009-01,ASN00041519,-28.5767,150.845,370
2009-01,ASN00041522,-27.1605,151.2634,328
2009-01,ASN00041525,-28.2061,152.1003,518
2009-01,ASN00041528,-27.0481,151.6314,890
2009-01,ASN00041529,-27.5425,151.9134,876
2009-01,ASN00041507,-28.6656,150.445,652
2009-01,ASN00041464,-28.1553,152.33,926
2009-01,ASN00041457,-28.4225,151.2131,230
2009-01,ASN00041456,-28.0621,152.3675,907
2009-01,ASN00041240,-27.1858,151.1419,470
2009-01,ASN00041250,-27.7894,151.4133,448
2009-01,ASN00041276,-27.9292,152.1606,994
2009-01,ASN00041277,-26.7675,151.2075,504
2009-01,ASN00041314,-27.7578,151.4483,374
2009-01,ASN00041323,-28.0187,152.2861,1342
2009-01,ASN00041338,-28.8,151.8433,148
2009-01,ASN00041339,-27.2131,151.1856,360
2009-01,ASN00041344,-28.2075,151.5608,350
2009-01,ASN00041348,-28.1667,150.6444,0
2009-01,ASN00041359,-27.4034,151.7413,246
2009-01,ASN00041369,-27.5233,151.8819,464
2009-01,ASN00041370,-28.1236,150.5431,78
2009-01,ASN00041371,-28.4572,151.6817,226
2009-01,ASN00041388,-28.055,151.3297,470
2009-01,ASN00041391,-28.3611,151.1464,170
2009-01,ASN00041397,-28.1422,150.1319,350
2009-01,ASN00041404,-27.9592,151.6664,468
2009-01,ASN00041405,-27.7952,151.7387,601
2009-01,ASN00041415,-28.2367,151.5347,482
2009-01,ASN00041445,-28.2144,151.9194,538
2009-01,ASN00041229,-28.0775,152.2625,1327
2009-01,ASN00058019,-28.5314,153.3151,1920
2009-01,ASN00047029,-33.3856,142.5696,0
2009-01,ASN00047046,-33.2552,141.7984,0
2009-01,ASN00055183,-31.2962,150.8606,425
2009-01,ASN00055190,-31.3658,150.8357,410
2009-01,ASN00055202,-30.9537,150.2494,216
2009-01,ASN00055220,-30.9585,150.1505,292
2009-01,ASN00055254,-30.7902,150.629,382
2009-01,ASN00055257,-31.2208,150.8213,480
2009-01,ASN00055262,-31.3505,151.3177,84
2009-01,ASN00055276,-30.8828,150.4928,360
2009-01,ASN00055303,-30.8098,150.7524,614
2009-01,ASN00055181,-31.2547,151.1208,191
2009-01,ASN00055309,-31.1472,151.2306,228
2009-01,ASN00055313,-31.2717,150.9167,436
2009-01,ASN00055319,-30.6126,150.5862,596
2009-01,ASN00055322,-31.3908,151.4019,130
2009-01,ASN00055325,-31.0742,150.8362,182
2009-01,ASN00055331,-30.7299,150.5784,382
2009-01,ASN00055335,-31.5347,151.1806,78
2009-01,ASN00056001,-29.7183,151.355,462
2009-01,ASN00056008,-29.4421,151.8483,186
2009-01,ASN00056010,-30.9406,151.7078,582
2009-01,ASN00055311,-31.2171,150.8185,486
2009-01,ASN00056013,-29.6953,151.6936,625
2009-01,ASN00055176,-31.2573,151.0842,162
2009-01,ASN00055157,-31.0853,150.658,274
2009-01,ASN00054146,-29.2333,151.3833,355
2009-01,ASN00054149,-30.1872,149.8642,306
2009-01,ASN00054151,-30.2838,150.1666,1830
2009-01,ASN00054160,-29.1199,151.2942,244
2009-01,ASN00055000,-30.9113,150.8579,382
2009-01,ASN00055002,-31.2342,149.8345,680
2009-01,ASN00055006,-31.6405,150.2356,610
2009-01,ASN00055007,-30.7056,150.0458,114
2009-01,ASN00055016,-30.9963,151.2292,370
2009-01,ASN00055164,-31.1805,151.3031,160
2009-01,ASN00055041,-31.4605,151.1275,186
2009-01,ASN00055049,-31.5086,150.6792,220
2009-01,ASN00055053,-31.346,149.8285,480
2009-01,ASN00055057,-31.7731,150.2856,630
2009-01,ASN00055065,-31.166,150.5441,74
2009-01,ASN00055066,-31.6218,150.8437,292
2009-01,ASN00055075,-31.1224,150.6957,220
2009-01,ASN00055105,-30.7967,150.8647,530
2009-01,ASN00055122,-30.8415,150.9097,388
2009-01,ASN00055136,-30.9672,151.3451,573
2009-01,ASN00055046,-31.5271,150.4296,242
2009-01,ASN00056018,-29.7752,151.0819,414
2009-01,ASN00056023,-28.3933,152.4157,708
2009-01,ASN00056028,-30.7338,151.5105,308
2009-01,ASN00056243,-29.678,151.694,666
2009-01,ASN00057003,-28.737,152.6228,226
2009-01,ASN00057005,-28.9279,152.3759,538
2009-01,ASN00057014,-29.5577,152.1388,252
2009-01,ASN00057018,-28.8914,152.5663,412
2009-01,ASN00057023,-30.2892,152.1701,509
2009-01,ASN00057024,-28.3879,152.6083,1344
2009-01,ASN00057028,-30.5644,151.907,680
2009-01,ASN00057035,-31.1333,152.1253,375
2009-01,ASN00056242,-29.7796,151.1121,342
2009-01,ASN00057091,-30.7167,151.8531,772
2009-01,ASN00057103,-30.0093,152.0101,170
2009-01,ASN00057104,-31.2739,151.9655,486
2009-01,ASN00057114,-29.1967,152.595,370
2009-01,ASN00057119,-30.889,151.8547,668
2009-01,ASN00057123,-29.7603,152.2057,280
2009-01,ASN00057124,-30.4833,152.398,1076
2009-01,ASN00057125,-30.3969,152.358,320
2009-01,ASN00058005,-28.3981,153.1731,1600
2009-01,ASN00058007,-28.6369,153.588,1106
2009-01,ASN00057095,-28.7551,152.4507,1056
2009-01,ASN00056240,-30.3358,151.7367,750
2009-01,ASN00056239,-28.7014,152.0974,834
2009-01,ASN00056238,-30.5273,151.6158,494
2009-01,ASN00056032,-29.0479,152.0172,316
2009-01,ASN00056034,-30.6437,151.4906,547
2009-01,ASN00056037,-30.5264,151.6697,554
2009-01,ASN00056052,-29.0988,151.7416,240
2009-01,ASN00056057,-30.0867,151.3909,816
2009-01,ASN00056077,-31.0678,151.5022,224
2009-01,ASN00056083,-31.2642,151.5465,120
2009-01,ASN00056094,-29.5488,151.9942,230
2009-01,ASN00056098,-29.5817,151.9483,156
2009-01,ASN00056100,-29.6315,151.5561,424
2009-01,ASN00056111,-29.7799,151.3503,433
2009-01,ASN00056141,-28.8867,152.1144,454
2009-01,ASN00056161,-30.1575,151.8774,318
2009-01,ASN00056176,-30.1369,151.2581,340
2009-01,ASN00056202,-28.9776,152.1552,342
2009-01,ASN00056205,-29.8995,151.965,150
2009-01,ASN00056207,-28.5417,151.9909,506
2009-01,ASN00056229,-30.2126,151.6787,446
2009-01,ASN00056234,-30.9874,151.5855,446
2009-01,ASN00056236,-31.0109,151.6246,480
2009-01,ASN00056237,-29.8025,151.2726,400
2009-01,ASN00054141,-29.5833,150.37,675
2009-01,ASN00054128,-29.8866,150.8951,636
2009-01,ASN00054125,-30.1312,150.1462,1522
2009-01,ASN00054124,-29.2743,150.2658,676
2009-01,ASN00049061,-32.3884,144.7456,0
2009-01,ASN00049063,-33.052,144.1444,40
2009-01,ASN00049092,-33.6959,144.2757,12
2009-01,ASN00049103,-32.1698,144.2007,0
2009-01,ASN00049105,-32.5187,146.2819,42
2009-01,ASN00049132,-33.1898,145.3067,0
2009-01,ASN00049133,-33.516,144.7651,198
2009-01,ASN00050010,-33.5159,147.2541,260
2009-01,ASN00050014,-33.0818,147.1524,148
2009-01,ASN00049055,-34.1953,143.7916,30
2009-01,ASN00050017,-33.9382,147.1962,220
2009-01,ASN00050037,-32.6309,147.5659,14
2009-01,ASN00050045,-33.8486,146.8261,172
2009-01,ASN00050052,-33.0664,147.2283,42
2009-01,ASN00050108,-32.5724,147.2162,266
2009-01,ASN00050110,-32.6358,148.058,336
2009-01,ASN00050117,-32.8952,148.2811,216
2009-01,ASN00050119,-32.9365,148.2452,92
2009-01,ASN00050137,-33.0682,147.2133,60
2009-01,ASN00050139,-32.5613,148.3353,286
2009-01,ASN00050031,-32.7235,148.1902,250
2009-01,ASN00049045,-34.5594,143.0754,0
2009-01,ASN00049023,-34.4523,142.9109,0
2009-01,ASN00049002,-34.6398,143.561,0
2009-01,ASN00047048,-32.0012,141.4694,290
2009-01,ASN00047049,-32.0682,141.1097,520
2009-01,ASN00047053,-34.1065,141.9189,34
2009-01,ASN00047056,-32.419,141.5525,56
2009-01,ASN00047058,-32.3902,142.4164,12
2009-01,ASN00047078,-33.2714,141.5962,0
2009-01,ASN00047104,-32.804,141.5096,0
2009-01,ASN00047106,-32.9703,142.3855,0
2009-01,ASN00047107,-34.3206,142.3645,0
2009-01,ASN00048015,-29.9614,146.8651,475
2009-01,ASN00048025,-29.3513,146.8126,262
2009-01,ASN00048027,-31.484,145.8294,314
2009-01,ASN00048031,-29.5407,148.5818,352
2009-01,ASN00048047,-29.1509,148.6252,682
2009-01,ASN00048079,-29.7029,144.1482,557
2009-01,ASN00048115,-31.424,145.2539,232
2009-01,ASN00048168,-29.1173,147.8993,260
2009-01,ASN00048237,-31.5389,145.7964,14
2009-01,ASN00048243,-29.431,147.9722,193
2009-01,ASN00048245,-30.0362,145.9521,310
2009-01,ASN00049000,-32.8831,144.3088,14
2009-01,ASN00050141,-33.055,147.4427,122
2009-01,ASN00047033,-33.4268,142.5719,32
2009-01,ASN00051008,-32.4581,148.1491,136
2009-01,ASN00051026,-31.5629,146.7181,96
2009-01,ASN00053085,-28.9665,149.6721,1298
2009-01,ASN00053115,-29.4914,149.8458,886
2009-01,ASN00054003,-30.3781,150.6096,829
2009-01,ASN00054004,-29.8673,150.5715,8
2009-01,ASN00054013,-29.654,150.8291,688
2009-01,ASN00054023,-30.2948,150.8103,610
2009-01,ASN00054027,-29.5581,150.8871,436
2009-01,ASN00054029,-29.5416,150.5754,706
2009-01,ASN00054038,-30.3154,149.8302,198
2009-01,ASN00053081,-30.8043,149.1246,0
2009-01,ASN00054046,-29.3992,151.4107,476
2009-01,ASN00054073,-29.6448,151.2362,692
2009-01,ASN00054074,-29.6613,151.0196,274
2009-01,ASN00054076,-29.64,151.4297,432
2009-01,ASN00054078,-29.6754,151.1527,364
2009-01,ASN00054082,-29.6382,151.4055,408
2009-01,ASN00054102,-30.3735,150.6723,504
2009-01,ASN00054104,-29.3899,151.2448,283
2009-01,ASN00054114,-30.0977,151.0089,1038
2009-01,ASN00054117,-30.2244,150.723,316
2009-01,ASN00054049,-29.405,150.9012,330
2009-01,ASN00053073,-30.7632,149.0008,172
2009-01,ASN00053044,-30.2257,149.4452,172
2009-01,ASN00053041,-28.8697,150.0903,467
2009-01,ASN00051033,-31.8576,147.1343,42
2009-01,ASN00051034,-31.4986,147.6865,174
2009-01,ASN00051042,-30.9252,147.869,171
2009-01,ASN00051049,-31.9861,147.9489,116
2009-01,ASN00051057,-30.6998,147.2232,38
2009-01,ASN00051066,-31.9478,148.62,362
2009-01,ASN00051122,-31.5558,148.5981,16
2009-01,ASN00051133,-31.2294,148.8861,520
2009-01,ASN00051160,-31.7069,148.6358,110
2009-01,ASN00051161,-30.9776,148.3798,36
2009-01,ASN00052016,-30.6088,148.972,100
2009-01,ASN00052020,-28.9786,148.9899,582
2009-01,ASN00052023,-30.3515,148.8843,210
2009-01,ASN00052067,-29.8136,148.9104,274
2009-01,ASN00052088,-30.0372,148.1223,400
2009-01,ASN00053002,-30.9469,149.0654,125
2009-01,ASN00053003,-29.9182,149.7919,584
2009-01,ASN00053018,-28.9917,150.017,710
2009-01,ASN00053033,-29.4748,150.1359,822
2009-01,ASN00053034,-30.1187,149.3232,266
2009-01,ASN00053035,-29.8401,149.3207,238
2009-01,ASN00051018,-31.7055,148.6625,90
2009-01,ASN00070161,-36.425,149.1139,420
2009-01,ASN00085293,-38.8957,145.9355,92
2009-01,ASN00070214,-35.6311,149.5,488
2009-01,ASN00089009,-37.5267,142.0414,36
2009-01,ASN00089010,-38.0297,143.6331,22
2009-01,ASN00089011,-37.6467,142.3419,80
2009-01,ASN00089016,-37.711,142.8395,24
2009-01,ASN00089018,-37.9543,143.3437,50
2009-01,ASN00089019,-37.4043,142.3843,44
2009-01,ASN00089022,-37.6472,142.2309,28
2009-01,ASN00089025,-37.6854,143.3654,16
2009-01,ASN00089033,-37.6901,142.7253,38
2009-01,ASN00089003,-37.2472,141.8415,25
2009-01,ASN00089034,-37.5483,142.7393,4
2009-01,ASN00089048,-37.517,143.9275,12
2009-01,ASN00089074,-37.9477,143.2222,48
2009-01,ASN00089084,-37.9333,143.8667,22
2009-01,ASN00089085,-37.2775,142.9811,10
2009-01,ASN00089103,-37.9708,143.2189,44
2009-01,ASN00089104,-37.8128,143.9178,4
2009-01,ASN00089106,-37.4152,143.6718,26
2009-01,ASN00089107,-37.3494,143.2956,26
2009-01,ASN00089109,-37.3598,143.1961,20
2009-01,ASN00089043,-37.3909,141.9194,6
2009-01,ASN00089111,-37.5174,143.7791,14
2009-01,ASN00089002,-37.5127,143.7911,8
2009-01,ASN00088162,-37.3807,144.9654,2
2009-01,ASN00088048,-37.105,144.0638,0
2009-01,ASN00088051,-37.0194,144.5203,2
2009-01,ASN00088056,-37.1714,143.701,0
2009-01,ASN00088060,-37.4475,145.2143,28
2009-01,ASN00088061,-37.3449,144.5365,0
2009-01,ASN00088064,-37.1225,144.8561,8
2009-01,ASN00088067,-37.2177,145.4211,36
2009-01,ASN00088071,-37.4181,144.2133,12
2009-01,ASN00088103,-37.4958,145.7475,176
2009-01,ASN00088164,-37.2091,145.8423,70
2009-01,ASN00088108,-37.1566,144.2079,0
2009-01,ASN00088110,-37.0809,144.2392,0
2009-01,ASN00088113,-37.3387,143.9861,6
2009-01,ASN00088119,-37.3167,145.7167,88
2009-01,ASN00088121,-37.1425,144.9264,0
2009-01,ASN00088123,-37.25,144.4378,0
2009-01,ASN00088126,-37.0213,145.1091,14
2009-01,ASN00088130,-37.4234,145.7085,192
2009-01,ASN00088137,-37.1644,143.5532,0
2009-01,ASN00088138,-37.2348,144.9962,0
2009-01,ASN00088109,-36.8886,145.1859,72
2009-01,ASN00089112,-37.7067,142.9378,26
2009-01,ASN00090001,-38.7481,143.6635,166
2009-01,ASN00090005,-38.1954,143.6399,33
2009-01,ASN00090165,-38.5582,143.1663,134
2009-01,ASN00090167,-38.243,143.9887,30
2009-01,ASN00090171,-38.3148,141.4705,110
2009-01,ASN00090173,-37.6486,142.0636,46
2009-01,ASN00090175,-38.3906,142.2347,72
2009-01,ASN00090176,-38.0737,142.7744,56
2009-01,ASN00090180,-38.4583,144.0883,112
2009-01,ASN00090181,-38.241,143.1393,91
2009-01,ASN00090182,-37.583,141.3339,56
2009-01,ASN00090153,-38.255,143.1256,74
2009-01,ASN00090183,-38.6286,143.7306,206
2009-01,ASN00090185,-38.5497,143.8594,132
2009-01,ASN00090186,-38.2867,142.4522,78
2009-01,ASN00090187,-38.4115,143.9771,90
2009-01,ASN00090188,-38.4831,143.9142,98
2009-01,ASN00091000,-41.5211,146.7158,148
2009-01,ASN00091001,-41.2025,146.8156,108
2009-01,ASN00091011,-40.6842,144.7181,300
2009-01,ASN00091019,-41.8142,147.0922,60
2009-01,ASN00091029,-41.4978,146.535,210
2009-01,ASN00090184,-38.4306,141.5437,54
2009-01,ASN00090147,-38.3427,143.5848,80
2009-01,ASN00090105,-37.7417,141.0657,62
2009-01,ASN00090093,-38.7553,143.5103,192
2009-01,ASN00090008,-38.3372,143.7844,14
2009-01,ASN00090010,-37.8595,141.7708,22
2009-01,ASN00090013,-38.3215,141.406,84
2009-01,ASN00090015,-38.8556,143.5128,104
2009-01,ASN00090021,-38.3291,143.0779,68
2009-01,ASN00090022,-38.2798,143.6613,34
2009-01,ASN00090024,-37.6044,141.6853,8
2009-01,ASN00090026,-37.3443,141.6861,10
2009-01,ASN00090033,-37.3563,141.2103,32
2009-01,ASN00090035,-38.2333,143.7925,6
2009-01,ASN00090036,-37.9695,141.3077,82
2009-01,ASN00090045,-38.1059,142.3216,50
2009-01,ASN00090055,-38.0339,141.9998,38
2009-01,ASN00090060,-38.4699,142.7502,28
2009-01,ASN00090061,-38.421,143.8348,34
2009-01,ASN00090062,-37.8824,142.4235,40
2009-01,ASN00090063,-37.875,142.2895,54
2009-01,ASN00090067,-38.6196,142.9944,130
2009-01,ASN00090070,-38.3846,141.6074,24
2009-01,ASN00090076,-38.6771,143.6826,210
2009-01,ASN00090077,-38.2362,142.9166,58
2009-01,ASN00088044,-37.51,145.7472,190
2009-01,ASN00088043,-37.056,143.732,0
2009-01,ASN00088042,-37.1965,144.3742,0
2009-01,ASN00088037,-37.2535,144.3825,0
2009-01,ASN00086131,-37.5552,145.1259,8
2009-01,ASN00086142,-37.572,145.5014,86
2009-01,ASN00086210,-38.0651,145.1294,40
2009-01,ASN00086213,-38.3781,144.8997,38
2009-01,ASN00086223,-38.3391,145.0288,40
2009-01,ASN00086224,-37.9785,145.2235,46
2009-01,ASN00086232,-37.8303,144.9767,10
2009-01,ASN00086265,-38.3142,145.1756,6
2009-01,ASN00086281,-38.3343,145.6696,172
2009-01,ASN00086127,-38.6078,145.5965,66
2009-01,ASN00086282,-37.6655,144.8321,16
2009-01,ASN00086303,-37.8886,145.1928,32
2009-01,ASN00086305,-37.6369,144.9072,14
2009-01,ASN00086314,-38.1992,145.4933,44
2009-01,ASN00086350,-37.4187,144.977,0
2009-01,ASN00086358,-37.8586,145.6532,258
2009-01,ASN00086361,-38.3646,145.1785,22
2009-01,ASN00086364,-37.6594,145.4457,64
2009-01,ASN00086369,-37.9535,145.1655,14
2009-01,ASN00086373,-38.4612,145.3101,40
2009-01,ASN00086299,-38.0222,145.3561,128
2009-01,ASN00086119,-38.4836,145.1766,30
2009-01,ASN00086117,-37.477,145.1513,10
2009-01,ASN00086111,-37.9445,145.1764,29
2009-01,ASN00085296,-37.7481,147.1428,54
2009-01,ASN00085297,-37.9722,146.9856,0
2009-01,ASN00085298,-38.1072,147.1317,51
2009-01,ASN00085303,-37.5325,147.0053,304
2009-01,ASN00085304,-37.4967,146.8575,98
2009-01,ASN00085305,-37.8758,146.0833,126
2009-01,ASN00086020,-37.9551,145.0782,0
2009-01,ASN00086035,-37.7011,145.1547,2
2009-01,ASN00086038,-37.7276,144.9066,4
2009-01,ASN00086039,-37.7915,144.9067,4
2009-01,ASN00086063,-38.2656,145.5692,70
2009-01,ASN00086068,-37.7408,145.0972,8
2009-01,ASN00086074,-37.8219,145.1906,70
2009-01,ASN00086076,-37.8019,145.3675,78
2009-01,ASN00086077,-37.98,145.0964,16
2009-01,ASN00086079,-38.2358,145.0667,20
2009-01,ASN00086088,-37.9142,145.0935,14
2009-01,ASN00086090,-37.7089,145.7855,212
2009-01,ASN00086096,-37.7214,145.0059,8
2009-01,ASN00086104,-37.871,145.2561,22
2009-01,ASN00086105,-38.4282,145.0412,140
2009-01,ASN00086374,-37.4652,145.2637,36
2009-01,ASN00091032,-41.7244,147.3208,81
2009-01,ASN00086377,-37.4225,145.0752,10
2009-01,ASN00086383,-37.7239,145.4094,106
2009-01,ASN00087135,-38.2832,144.4784,24
2009-01,ASN00087160,-38.3404,144.3101,22
2009-01,ASN00087161,-37.6292,144.5026,14
2009-01,ASN00087162,-38.1435,144.1872,4
2009-01,ASN00087168,-37.9075,144.1303,14
2009-01,ASN00087171,-37.5223,144.4779,10
2009-01,ASN00087173,-37.294,144.7066,2
2009-01,ASN00087175,-37.2732,144.5974,0
2009-01,ASN00087176,-37.7569,144.7511,0
2009-01,ASN00087124,-38.2504,144.0854,20
2009-01,ASN00087178,-38.2504,144.5104,39
2009-01,ASN00088009,-36.9886,143.9747,0
2009-01,ASN00088010,-37.2531,144.8614,6
2009-01,ASN00088015,-37.3049,143.7776,0
2009-01,ASN00088020,-37.3432,144.1575,0
2009-01,ASN00088021,-37.1995,144.0141,0
2009-01,ASN00088023,-37.2313,145.9124,118
2009-01,ASN00088029,-36.9579,144.6935,0
2009-01,ASN00088031,-37.0695,145.4177,252
2009-01,ASN00088032,-37.0856,143.9977,0
2009-01,ASN00088002,-36.893,145.2316,160
2009-01,ASN00087121,-37.6831,144.6664,3
2009-01,ASN00087119,-38.3687,144.0843,0
2009-01,ASN00087118,-37.3508,144.6067,0
2009-01,ASN00086393,-38.4617,144.9019,32
2009-01,ASN00087006,-37.6018,144.2295,12
2009-01,ASN00087007,-37.743,144.1406,14
2009-01,ASN00087014,-37.5512,143.9322,16
2009-01,ASN00087016,-37.7654,144.1048,20
2009-01,ASN00087017,-37.4701,144.3069,0
2009-01,ASN00087021,-37.8233,144.2078,12
2009-01,ASN00087029,-37.2698,144.723,0
2009-01,ASN00087031,-37.8565,144.7566,2
2009-01,ASN00087033,-37.991,144.4943,20
2009-01,ASN00087036,-37.4155,144.5569,0
2009-01,ASN00087040,-37.7451,144.5687,8
2009-01,ASN00087042,-37.8539,144.11,0
2009-01,ASN00087043,-37.8197,144.1492,12
2009-01,ASN00087046,-37.6719,143.94,38
2009-01,ASN00087048,-37.8958,144.4387,4
2009-01,ASN00087067,-37.5144,144.0177,16
2009-01,ASN00087068,-37.645,144.0411,12
2009-01,ASN00087075,-37.4964,144.5028,10
2009-01,ASN00087095,-37.6111,144.3,8
2009-01,ASN00087113,-38.0287,144.4783,14
2009-01,ASN00086379,-37.7917,145.2433,57
2009-01,ASN00085292,-37.8897,145.9958,140
2009-01,ASN00091034,-40.8842,145.2161,514
2009-01,ASN00091053,-41.25,147.2169,122
2009-01,ASN00094155,-43.2397,148.0025,468
2009-01,ASN00094169,-43.0433,147.8667,228
2009-01,ASN00094172,-42.6531,147.3589,126
2009-01,ASN00094175,-42.9725,147.0342,462
2009-01,ASN00094177,-42.7572,147.3817,120
2009-01,ASN00094185,-43.0336,147.2128,444
2009-01,ASN00094191,-43.2006,146.7683,654
2009-01,ASN00094192,-43.4086,146.9567,538
2009-01,ASN00094195,-42.4544,147.4614,102
2009-01,ASN00094151,-42.9742,147.1692,372
2009-01,ASN00094198,-43.4886,147.1444,538
2009-01,ASN00094212,-42.6867,147.4258,90
2009-01,ASN00094213,-43.1456,147.9617,408
2009-01,ASN00094214,-42.7033,147.1261,62
2009-01,ASN00094219,-43.1547,147.0539,430
2009-01,ASN00094220,-42.9858,147.0742,280
2009-01,ASN00094221,-42.8514,147.6211,86
2009-01,ASN00094222,-42.9742,147.295,220
2009-01,ASN00094223,-42.97,147.3303,166
2009-01,ASN00094231,-42.9639,147.2022,334
2009-01,ASN00094204,-42.6525,147.3578,98
2009-01,ASN00094232,-42.8367,147.1931,264
2009-01,ASN00094130,-42.7469,147.5511,138
2009-01,ASN00094111,-42.9519,147.3496,146
2009-01,ASN00094008,-42.8339,147.5033,90
2009-01,ASN00094010,-43.4892,147.1453,430
2009-01,ASN00094020,-43.3167,147.0075,388
2009-01,ASN00094022,-43.0431,147.4133,124
2009-01,ASN00094025,-42.8494,147.2547,214
2009-01,ASN00094027,-43.4144,146.8731,917
2009-01,ASN00094029,-42.8897,147.3278,100
2009-01,ASN00094030,-42.8667,147.3322,109
2009-01,ASN00094039,-43.3583,147.2342,430
2009-01,ASN00094125,-43.0239,147.255,230
2009-01,ASN00094040,-43.1983,147.0658,432
2009-01,ASN00094043,-43.2319,147.2547,564
2009-01,ASN00094048,-42.9981,147.4056,92
2009-01,ASN00094061,-42.9264,147.5203,96
2009-01,ASN00094064,-42.7619,147.6197,154
2009-01,ASN00094068,-43.1547,147.2386,472
2009-01,ASN00094071,-43.0153,147.9117,210
2009-01,ASN00094082,-42.8569,147.4386,130
2009-01,ASN00094087,-42.8967,147.235,234
2009-01,ASN00094097,-42.5436,147.5664,204
2009-01,ASN00094041,-43.6578,146.2711,618
2009-01,ASN00094233,-42.6933,147.2617,134
2009-01,ASN00094236,-43.3692,147.3442,774
2009-01,ASN00094239,-42.9639,147.2428,278
2009-01,ASN00097072,-42.155,145.2908,936
2009-01,ASN00097080,-42.985,145.5022,834
2009-01,ASN00097083,-43.0425,146.2722,1640
2009-01,ASN00097085,-41.8444,145.5419,2524
2009-01,ASN00097091,-42.0961,145.5456,1614
2009-01,ASN00098000,-40.0092,144.1111,336
2009-01,ASN00098004,-39.9097,144.0986,302
2009-01,ASN00098011,-39.9283,143.8525,266
2009-01,ASN00098017,-39.88,143.8831,252
2009-01,ASN00097061,-42.7428,145.9811,1881
2009-01,ASN00098023,-39.9647,144.0772,336
2009-01,ASN00099005,-40.0911,148.0024,126
2009-01,ASN00099014,-40.0194,148.1825,244
2009-01,ASN00099021,-40.1558,148.1853,194
2009-01,ASN00099023,-40.1883,148.1178,176
2009-01,ASN00099025,-40.2319,148.19,204
2009-01,ASN00109501,-32.938,116.024,28
2009-01,ASN00109505,-33.5958,115.8186,4
2009-01,ASN00109507,-33.444,115.8536,2
2009-01,ASN00040964,-27.6696,153.0442,990
2009-01,ASN00099000,-40.3706,148.0231,40
2009-01,ASN00097054,-41.8822,145.3358,1450
2009-01,ASN00097047,-41.4892,145.2083,938
2009-01,ASN00097024,-43.0609,146.704,1450
2009-01,ASN00095001,-42.3883,147.0061,130
2009-01,ASN00095003,-42.7097,146.8983,188
2009-01,ASN00095012,-42.4814,146.7114,302
2009-01,ASN00095016,-42.3367,146.7475,330
2009-01,ASN00095047,-42.3961,146.4897,454
2009-01,ASN00095048,-42.4842,146.7106,308
2009-01,ASN00095069,-42.8069,147.1144,220
2009-01,ASN00095072,-42.8033,146.9878,412
2009-01,ASN00095077,-42.6894,146.7122,554
2009-01,ASN00095079,-42.8458,147.0294,484
2009-01,ASN00096002,-42.1419,146.4931,564
2009-01,ASN00096033,-41.8997,146.6694,406
2009-01,ASN00096038,-42.0572,147.286,84
2009-01,ASN00096046,-41.9822,146.7228,380
2009-01,ASN00096069,-42.1289,146.2156,1002
2009-01,ASN00096070,-42.2558,146.8753,320
2009-01,ASN00096071,-42.1178,146.1772,1470
2009-01,ASN00096077,-41.5958,145.9311,1571
2009-01,ASN00097000,-42.1986,145.17,574
2009-01,ASN00097006,-41.9933,145.5725,0
2009-01,ASN00097020,-42.0056,145.5419,446
2009-01,ASN00094005,-42.7433,147.2372,146
2009-01,ASN00094001,-42.4158,147.1347,202
2009-01,ASN00093059,-41.9311,147.4256,48
2009-01,ASN00093055,-41.8658,147.4494,66
2009-01,ASN00091259,-41.1492,145.1517,776
2009-01,ASN00091260,-41.4883,146.9047,104
2009-01,ASN00091262,-41.1333,146.8461,66
2009-01,ASN00091263,-41.4889,147.2326,66
2009-01,ASN00091266,-41.3972,146.4953,138
2009-01,ASN00091267,-41.6494,146.6154,286
2009-01,ASN00091271,-41.3959,147.3006,182
2009-01,ASN00091286,-41.1208,146.8275,90
2009-01,ASN00091288,-41.6706,146.7278,252
2009-01,ASN00091255,-41.2339,146.9294,100
2009-01,ASN00091290,-41.6308,146.7,166
2009-01,ASN00091292,-40.8347,145.0847,314
2009-01,ASN00091293,-41.0556,146.7856,94
2009-01,ASN00091299,-41.2431,147.4436,218
2009-01,ASN00091304,-41.1164,145.8619,214
2009-01,ASN00091305,-41.3144,147.3803,280
2009-01,ASN00091306,-41.7256,147.0794,66
2009-01,ASN00091311,-41.5492,147.2144,124
2009-01,ASN00091312,-41.4406,146.1228,266
2009-01,ASN00091315,-41.51,147.0511,56
2009-01,ASN00091291,-41.3886,146.3219,206
2009-01,ASN00091245,-40.6828,144.69,282
2009-01,ASN00091237,-41.4194,147.1222,73
2009-01,ASN00091236,-41.5128,146.8303,120
2009-01,ASN00091055,-41.5406,146.1364,424
2009-01,ASN00091060,-40.905,145.3492,512
2009-01,ASN00091077,-41.575,147.4508,246
2009-01,ASN00091086,-41.2439,147.7353,248
2009-01,ASN00091090,-41.4475,146.8744,150
2009-01,ASN00091100,-40.4472,144.84,103
2009-01,ASN00091107,-40.9972,145.7292,186
2009-01,ASN00091109,-41.1428,145.7058,330
2009-01,ASN00091118,-41.5664,147.2444,144
2009-01,ASN00091121,-40.9431,147.5922,104
2009-01,ASN00091126,-41.1708,146.4267,90
2009-01,ASN00091150,-41.6419,146.5244,252
2009-01,ASN00091153,-41.3356,146.2797,189
2009-01,ASN00091156,-41.4717,146.6456,148
2009-01,ASN00091161,-41.3886,146.5861,134
2009-01,ASN00091171,-41.2708,146.5481,96
2009-01,ASN00091186,-41.2039,146.265,32
2009-01,ASN00091197,-41.4864,147.4386,226
2009-01,ASN00091219,-41.1708,147.4883,118
2009-01,ASN00091223,-40.9089,144.7094,448
2009-01,ASN00091227,-41.5267,146.6583,166
2009-01,ASN00091317,-41.5136,147.2028,126
2009-01,ASN00091039,-41.1839,146.4817,120
2009-01,ASN00091321,-41.3961,145.9342,742
2009-01,ASN00091332,-41.3528,146.4164,150
2009-01,ASN00092111,-41.4342,147.7192,158
2009-01,ASN00092113,-41.4136,148.2744,18
2009-01,ASN00092114,-41.9953,148.2794,14
2009-01,ASN00092120,-41.3381,148.2792,2
2009-01,ASN00092123,-40.7292,148.125,62
2009-01,ASN00092124,-42.6619,148.0181,60
2009-01,ASN00092129,-41.0458,148.2592,146
2009-01,ASN00092134,-41.1256,147.8617,204
2009-01,ASN00093002,-42.3958,147.3042,64
2009-01,ASN00092099,-42.7153,147.7525,238
2009-01,ASN00093007,-42.2664,147.5281,12
2009-01,ASN00093023,-42.4031,147.3908,120
2009-01,ASN00093033,-41.9347,147.4931,62
2009-01,ASN00093040,-42.3075,147.1672,204
2009-01,ASN00093044,-41.8172,147.5664,92
2009-01,ASN00093046,-42.305,147.5708,68
2009-01,ASN00093049,-42.3696,147.4631,90
2009-01,ASN00093051,-42.0317,147.4907,44
2009-01,ASN00093052,-42.163,147.5805,124
2009-01,ASN00093053,-42.025,147.4953,66
2009-01,ASN00093014,-42.3006,147.3711,36
2009-01,ASN00092079,-42.2133,147.7831,176
2009-01,ASN00092067,-40.8586,148.0178,186
2009-01,ASN00092064,-41.5633,148.1414,74
2009-01,ASN00091340,-41.3592,147.01,118
2009-01,ASN00091341,-41.3428,146.8964,126
2009-01,ASN00091346,-41.2336,147.2064,116
2009-01,ASN00092001,-41.9525,148.1839,70
2009-01,ASN00092002,-41.7792,147.7225,80
2009-01,ASN00092003,-41.8739,148.3036,18
2009-01,ASN00092005,-42.8122,147.8289,90
2009-01,ASN00092008,-42.0117,148.0747,20
2009-01,ASN00092010,-42.5844,148.0636,36
2009-01,ASN00092011,-40.9589,148.0086,144
2009-01,ASN00092014,-41.5308,148.1969,110
2009-01,ASN00092017,-42.7856,147.8086,148
2009-01,ASN00092019,-42.0067,147.7975,150
2009-01,ASN00092020,-41.82,147.9551,38
2009-01,ASN00092024,-41.4703,147.8919,88
2009-01,ASN00092027,-42.5519,147.8753,88
2009-01,ASN00092028,-42.5853,147.9142,76
2009-01,ASN00092030,-41.0825,147.9353,194
2009-01,ASN00092045,-40.9928,148.3467,108
2009-01,ASN00092047,-42.2708,147.6942,76
2009-01,ASN00092051,-41.27,147.9492,186
2009-01,ASN00091325,-41.7292,147.2358,68
2009-01,ASN00085291,-37.8383,146.2747,258
2009-01,ASN00085289,-37.8514,146.555,118
2009-01,ASN00085288,-37.4667,146.6883,94
2009-01,ASN00075041,-34.2487,146.0695,28
2009-01,ASN00075042,-34.476,144.3013,22
2009-01,ASN00075044,-33.8192,145.6235,109
2009-01,ASN00075049,-34.4456,144.1728,33
2009-01,ASN00075054,-35.2849,145.2098,0
2009-01,ASN00075062,-34.8096,144.1654,0
2009-01,ASN00075071,-35.2119,144.816,0
2009-01,ASN00075072,-33.9376,146.6062,152
2009-01,ASN00075079,-34.2502,146.1897,192
2009-01,ASN00075039,-33.2833,146.3707,140
2009-01,ASN00075140,-34.1533,145.1409,28
2009-01,ASN00075163,-33.3476,145.8703,192
2009-01,ASN00076000,-34.85,142.7811,2
2009-01,ASN00076012,-35.1702,143.0001,0
2009-01,ASN00076017,-35.1945,143.04,0
2009-01,ASN00076018,-35.1136,142.9194,0
2009-01,ASN00076031,-34.2358,142.0867,8
2009-01,ASN00076037,-34.1928,141.5996,0
2009-01,ASN00076038,-35.2628,141.1789,0
2009-01,ASN00076043,-34.9272,142.1765,0
2009-01,ASN00075142,-33.9247,145.5205,78
2009-01,ASN00076044,-35.1759,143.37,0
2009-01,ASN00075032,-33.4915,145.5249,260
2009-01,ASN00075017,-33.17,146.642,310
2009-01,ASN00074126,-35.385,147.0558,94
2009-01,ASN00074127,-35.1069,147.3636,230
2009-01,ASN00074129,-35.7228,144.7865,0
2009-01,ASN00074162,-34.9349,146.3031,114
2009-01,ASN00074188,-35.6724,147.0361,38
2009-01,ASN00074202,-34.8504,146.9778,76
2009-01,ASN00074205,-35.162,147.0274,108
2009-01,ASN00074208,-35.6074,145.2012,0
2009-01,ASN00074217,-34.7565,147.3482,144
2009-01,ASN00075026,-34.442,145.5612,0
2009-01,ASN00074234,-35.0371,147.1933,152
2009-01,ASN00074258,-35.5575,144.9458,0
2009-01,ASN00074261,-34.531,146.9806,38
2009-01,ASN00074262,-35.7861,144.6002,0
2009-01,ASN00074264,-35.4091,147.2479,45
2009-01,ASN00074267,-33.9956,146.7683,332
2009-01,ASN00075004,-35.2847,144.5334,0
2009-01,ASN00075007,-33.8436,144.9073,20
2009-01,ASN00075012,-35.4201,144.6002,0
2009-01,ASN00075016,-33.9871,145.3904,74
2009-01,ASN00074249,-34.8016,145.8904,40
2009-01,ASN00076046,-35.167,143.2781,0
2009-01,ASN00076047,-35.0694,142.3158,0
2009-01,ASN00076050,-35.2555,143.3683,0
2009-01,ASN00077079,-36.0086,143.3719,0
2009-01,ASN00077082,-35.9338,142.2805,0
2009-01,ASN00077088,-35.987,142.915,0
2009-01,ASN00077094,-35.3766,143.5416,0
2009-01,ASN00078010,-36.4644,142.0327,0
2009-01,ASN00078013,-36.3986,141.8797,0
2009-01,ASN00078015,-36.3092,141.6486,0
2009-01,ASN00078038,-36.2705,142.2165,0
2009-01,ASN00078040,-36.2882,141.7347,0
2009-01,ASN00077052,-35.6803,142.6664,0
2009-01,ASN00078072,-36.3697,142.9709,4
2009-01,ASN00079002,-36.9532,143.1976,0
2009-01,ASN00079003,-36.6994,143.1594,0
2009-01,ASN00079015,-36.8721,142.6308,0
2009-01,ASN00079016,-36.7281,142.7303,0
2009-01,ASN00079017,-36.7181,141.4729,0
2009-01,ASN00079019,-37.1847,142.8553,0
2009-01,ASN00079028,-36.6722,142.2991,2
2009-01,ASN00079031,-36.9865,143.2727,0
2009-01,ASN00079032,-36.8612,142.9332,0
2009-01,ASN00078086,-36.14,141.9878,4
2009-01,ASN00077040,-35.5254,142.7267,0
2009-01,ASN00077039,-35.5046,142.8493,0
2009-01,ASN00077034,-35.9296,143.4992,0
2009-01,ASN00076051,-34.362,141.9038,80
2009-01,ASN00076064,-35.1201,142.004,0
2009-01,ASN00076067,-34.3883,141.5954,0
2009-01,ASN00076069,-34.9536,142.7392,0
2009-01,ASN00076103,-35.189,142.3725,0
2009-01,ASN00076105,-34.7164,143.1506,0
2009-01,ASN00076106,-35.2484,141.0808,0
2009-01,ASN00076107,-35.2848,141.4949,0
2009-01,ASN00076109,-35.3678,141.0625,0
2009-01,ASN00076133,-34.1051,141.0166,0
2009-01,ASN00077001,-35.9809,143.6479,0
2009-01,ASN00077005,-35.6367,142.995,0
2009-01,ASN00077008,-35.9244,142.851,0
2009-01,ASN00077009,-35.5504,142.9207,0
2009-01,ASN00077010,-35.7151,142.3569,0
2009-01,ASN00077014,-35.717,143.1074,0
2009-01,ASN00077015,-35.5574,142.5432,0
2009-01,ASN00077023,-35.6692,143.3764,0
2009-01,ASN00077025,-35.4609,143.6286,0
2009-01,ASN00077028,-35.7955,142.8768,0
2009-01,ASN00077033,-35.3833,142.1869,0
2009-01,ASN00074118,-34.5139,146.1848,76
2009-01,ASN00074110,-35.3305,146.2652,36
2009-01,ASN00074106,-35.817,145.6004,18
2009-01,ASN00074104,-35.2683,147.1142,54
2009-01,ASN00071000,-35.9962,148.7693,324
2009-01,ASN00071005,-36.5029,148.835,194
2009-01,ASN00071019,-36.5067,148.8281,180
2009-01,ASN00071021,-36.4818,148.5873,332
2009-01,ASN00071032,-36.4917,148.2859,690
2009-01,ASN00071041,-36.5031,148.304,822
2009-01,ASN00072004,-35.5203,148.1453,230
2009-01,ASN00072023,-36.1039,147.0329,50
2009-01,ASN00072042,-35.2765,147.7362,128
2009-01,ASN00070349,-35.5293,148.7721,794
2009-01,ASN00072043,-35.778,148.0141,488
2009-01,ASN00072050,-36.0355,147.2707,196
2009-01,ASN00072053,-35.7542,147.8445,242
2009-01,ASN00072056,-35.3947,148.247,480
2009-01,ASN00072080,-35.7226,147.9291,330
2009-01,ASN00072082,-35.5528,147.9827,302
2009-01,ASN00072089,-35.9784,148.0855,194
2009-01,ASN00072091,-35.9383,148.3842,310
2009-01,ASN00072098,-35.3448,148.3837,538
2009-01,ASN00072101,-35.7112,147.4859,182
2009-01,ASN00072044,-35.3194,148.2341,264
2009-01,ASN00070348,-35.8618,149.1321,328
2009-01,ASN00070346,-35.1889,149.251,462
2009-01,ASN00070340,-35.1837,149.1122,630
2009-01,ASN00070217,-36.2939,148.9725,242
2009-01,ASN00070231,-35.3266,149.0492,512
2009-01,ASN00070237,-36.5902,149.3824,216
2009-01,ASN00070242,-35.2572,149.0742,406
2009-01,ASN00070246,-35.3098,149.1269,412
2009-01,ASN00070247,-35.2776,149.1095,362
2009-01,ASN00070261,-35.6904,149.5869,328
2009-01,ASN00070263,-34.7495,149.7034,350
2009-01,ASN00070269,-34.6653,149.9888,216
2009-01,ASN00070278,-36.2318,149.1243,63
2009-01,ASN00070299,-36.1827,149.3467,280
2009-01,ASN00070307,-35.2459,149.1068,488
2009-01,ASN00070308,-35.3757,149.087,478
2009-01,ASN00070309,-36.9131,149.0372,40
2009-01,ASN00070326,-37.1475,149.1496,154
2009-01,ASN00070328,-37.0016,149.2336,128
2009-01,ASN00070330,-34.8085,149.7312,592
2009-01,ASN00070334,-35.1138,149.9624,618
2009-01,ASN00070335,-35.2,149.955,490
2009-01,ASN00070336,-36.5971,149.2974,177
2009-01,ASN00070339,-35.4184,149.0937,590
2009-01,ASN00072141,-35.725,148.4915,495
2009-01,ASN00079036,-36.7416,141.9429,2
2009-01,ASN00072142,-35.72,147.3103,52
2009-01,ASN00072150,-35.1583,147.4573,288
2009-01,ASN00073113,-34.1985,148.0047,152
2009-01,ASN00073115,-35.1687,148.2311,240
2009-01,ASN00073129,-34.1567,148.6857,94
2009-01,ASN00073138,-34.2493,148.2475,224
2009-01,ASN00073141,-35.0479,148.1075,70
2009-01,ASN00073142,-34.6299,148.0364,228
2009-01,ASN00073150,-34.5307,147.8442,1170
2009-01,ASN00073151,-34.4292,147.5111,224
2009-01,ASN00074000,-34.3567,146.9032,43
2009-01,ASN00073110,-33.9462,148.0775,328
2009-01,ASN00074002,-34.3479,147.2208,334
2009-01,ASN00074034,-35.9887,146.3574,88
2009-01,ASN00074037,-34.6223,146.4328,88
2009-01,ASN00074040,-34.8814,145.7595,100
2009-01,ASN00074042,-35.6408,145.5762,0
2009-01,ASN00074050,-34.738,146.7825,25
2009-01,ASN00074053,-35.5168,147.0344,166
2009-01,ASN00074055,-35.3475,145.7257,0
2009-01,ASN00074087,-35.3342,146.0342,32
2009-01,ASN00074088,-35.5579,146.1653,0
2009-01,ASN00074005,-34.2849,146.5714,306
2009-01,ASN00073109,-34.425,148.5408,248
2009-01,ASN00073100,-33.9119,148.4383,420
2009-01,ASN00073054,-33.9262,147.2418,456
2009-01,ASN00072152,-35.317,148.433,0
2009-01,ASN00072156,-35.9333,147.7167,0
2009-01,ASN00072159,-35.3019,147.9402,266
2009-01,ASN00072160,-36.069,146.9509,78
2009-01,ASN00072161,-35.9371,148.3779,308
2009-01,ASN00072162,-36.2304,148.1405,464
2009-01,ASN00072163,-35.899,148.1821,188
2009-01,ASN00072169,-35.7108,148.0026,416
2009-01,ASN00073000,-34.1442,147.386,284
2009-01,ASN00073007,-34.9997,148.5984,431
2009-01,ASN00073014,-33.9029,148.1718,562
2009-01,ASN00073017,-34.0824,148.365,72
2009-01,ASN00073019,-34.8456,147.5714,138
2009-01,ASN00073021,-34.0391,148.5552,134
2009-01,ASN00073022,-34.6479,148.1606,402
2009-01,ASN00073025,-34.791,147.5592,204
2009-01,ASN00073029,-34.5495,148.3493,208
2009-01,ASN00073032,-34.0112,147.7937,394
2009-01,ASN00073043,-34.4918,148.1266,298
2009-01,ASN00073044,-35.0581,147.753,128
2009-01,ASN00073051,-34.2054,148.5533,192
2009-01,ASN00072146,-36.0692,146.9534,86
2009-01,ASN00079039,-36.9065,143.3384,0
2009-01,ASN00079040,-36.6189,143.2631,0
2009-01,ASN00079046,-37.0936,142.4344,22
2009-01,ASN00083079,-36.7132,146.6717,106
2009-01,ASN00083083,-36.7396,146.4671,308
2009-01,ASN00083084,-36.8708,147.2755,630
2009-01,ASN00083085,-36.9767,147.1342,46
2009-01,ASN00083090,-37.1017,147.6008,252
2009-01,ASN00083091,-37.3016,146.1489,231
2009-01,ASN00084002,-37.1712,148.7228,232
2009-01,ASN00084003,-37.7073,147.8314,55
2009-01,ASN00084014,-37.106,148.6862,150
2009-01,ASN00083077,-37.0322,146.3508,74
2009-01,ASN00084015,-37.3757,147.8373,302
2009-01,ASN00084025,-37.8507,147.7664,70
2009-01,ASN00084035,-37.2618,147.7229,56
2009-01,ASN00084039,-37.0707,148.5906,162
2009-01,ASN00084044,-37.0071,148.2666,476
2009-01,ASN00084045,-37.8526,148.0638,106
2009-01,ASN00084084,-37.5976,149.7289,128
2009-01,ASN00084093,-37.7132,148.3954,172
2009-01,ASN00084096,-37.5455,148.1357,180
2009-01,ASN00084100,-37.8333,147.6206,52
2009-01,ASN00084016,-37.5679,149.9158,172
2009-01,ASN00083067,-36.7313,146.9614,146
2009-01,ASN00083064,-36.941,147.7779,184
2009-01,ASN00083058,-36.8547,146.8581,340
2009-01,ASN00082154,-36.8892,145.6814,142
2009-01,ASN00082155,-36.8211,146.1278,200
2009-01,ASN00082156,-36.7903,146.28,168
2009-01,ASN00082158,-36.7478,146.5362,308
2009-01,ASN00082162,-36.5775,146.8203,428
2009-01,ASN00082163,-36.6364,146.5547,124
2009-01,ASN00082165,-36.9502,146.0095,132
2009-01,ASN00082166,-36.4186,146.5572,170
2009-01,ASN00082167,-36.5344,146.2181,154
2009-01,ASN00082169,-36.1828,147.8938,297
2009-01,ASN00083000,-36.9064,146.2389,240
2009-01,ASN00083003,-36.9456,147.7407,190
2009-01,ASN00083010,-36.6344,146.8628,426
2009-01,ASN00083019,-37.0525,146.0872,40
2009-01,ASN00083024,-37.145,146.4394,194
2009-01,ASN00083032,-36.8473,146.3225,190
2009-01,ASN00083033,-37.5696,146.2541,264
2009-01,ASN00083035,-36.9257,147.423,332
2009-01,ASN00083038,-36.6566,147.1283,366
2009-01,ASN00083043,-36.8756,147.2886,732
2009-01,ASN00083057,-36.6074,146.7888,206
2009-01,ASN00084107,-37.0826,148.2791,268
2009-01,ASN00082153,-36.8206,145.705,110
2009-01,ASN00084109,-37.5006,148.2717,2
2009-01,ASN00084122,-37.4772,149.6386,224
2009-01,ASN00085073,-38.3183,147.1752,14
2009-01,ASN00085085,-38.2181,146.1658,96
2009-01,ASN00085096,-39.1297,146.4244,66
2009-01,ASN00085137,-38.7205,145.9011,100
2009-01,ASN00085160,-38.4191,146.9656,30
2009-01,ASN00085163,-38.7915,146.1799,154
2009-01,ASN00085166,-37.9582,147.0843,6
2009-01,ASN00085167,-38.0229,147.3511,14
2009-01,ASN00085168,-37.8345,147.0819,14
2009-01,ASN00085072,-38.1156,147.1322,32
2009-01,ASN00085179,-38.1033,145.9718,126
2009-01,ASN00085200,-38.4323,145.7919,150
2009-01,ASN00085227,-38.5215,146.2041,140
2009-01,ASN00085238,-37.9532,146.3898,128
2009-01,ASN00085270,-37.7647,147.3744,118
2009-01,ASN00085276,-37.8039,146.8842,24
2009-01,ASN00085277,-37.9039,145.9719,130
2009-01,ASN00085279,-37.8817,147.5669,90
2009-01,ASN00085280,-38.2094,146.4747,28
2009-01,ASN00085281,-38.3245,146.5301,80
2009-01,ASN00085195,-38.0654,146.1689,118
2009-01,ASN00085063,-38.6079,146.3185,94
2009-01,ASN00085058,-37.5277,146.5458,148
2009-01,ASN00085053,-38.506,146.5187,114
2009-01,ASN00084134,-37.3397,148.712,204
2009-01,ASN00084140,-37.7962,147.7559,70
2009-01,ASN00084142,-37.22,148.2625,350
2009-01,ASN00084143,-37.3417,149.0228,218
2009-01,ASN00084144,-37.6924,148.0908,174
2009-01,ASN00084145,-37.6922,148.4667,168
2009-01,ASN00084147,-37.8164,147.5714,52
2009-01,ASN00084148,-37.8385,147.8312,32
2009-01,ASN00085007,-38.4307,146.5398,180
2009-01,ASN00085009,-38.1951,146.5293,46
2009-01,ASN00085021,-37.7,146.5167,168
2009-01,ASN00085023,-38.1383,145.86,128
2009-01,ASN00085028,-38.72,146.0633,202
2009-01,ASN00085029,-38.652,146.1997,218
2009-01,ASN00085030,-38.4455,146.2699,164
2009-01,ASN00085033,-38.4228,147.0864,34
2009-01,ASN00085034,-37.9085,146.8046,16
2009-01,ASN00085040,-38.6911,146.1486,152
2009-01,ASN00085042,-38.022,145.8884,116
2009-01,ASN00085045,-38.435,145.8178,180
2009-01,ASN00085049,-38.4842,145.9329,130
2009-01,ASN00084118,-37.49,147.1658,170
2009-01,ASN00070165,-36.3541,149.198,338
2009-01,ASN00082151,-36.8628,145.7333,136
2009-01,ASN00082148,-36.8278,145.8494,154
2009-01,ASN00080101,-36.0918,145.4531,0
2009-01,ASN00080103,-36.3794,144.2299,0
2009-01,ASN00080109,-35.9119,145.6447,0
2009-01,ASN00080125,-35.8876,145.3879,0
2009-01,ASN00080126,-35.7175,143.9111,0
2009-01,ASN00080128,-36.2847,143.3341,6
2009-01,ASN00081007,-36.4565,145.6569,56
2009-01,ASN00081008,-36.5421,144.7751,0
2009-01,ASN00081016,-36.4963,144.6096,0
2009-01,ASN00080091,-36.335,145.0638,20
2009-01,ASN00081019,-36.718,145.1731,42
2009-01,ASN00081033,-36.6436,145.4197,106
2009-01,ASN00081034,-36.3989,145.3448,104
2009-01,ASN00081035,-36.6146,145.2143,30
2009-01,ASN00081041,-36.534,144.208,0
2009-01,ASN00081046,-36.4436,144.9828,20
2009-01,ASN00081049,-36.4378,145.2672,20
2009-01,ASN00081063,-37.0833,143.4833,0
2009-01,ASN00081083,-36.8465,144.5273,0
2009-01,ASN00081085,-36.8589,143.7297,0
2009-01,ASN00081020,-36.5753,143.8695,266
2009-01,ASN00080067,-36.2717,143.3453,0
2009-01,ASN00080056,-36.2497,144.9531,40
2009-01,ASN00080049,-36.3613,144.7108,8
2009-01,ASN00079050,-37.3162,142.6975,2
2009-01,ASN00079075,-36.6287,142.6321,0
2009-01,ASN00079078,-37.0607,141.9882,6
2009-01,ASN00079079,-36.7913,143.1207,0
2009-01,ASN00079097,-37.1169,141.8031,6
2009-01,ASN00079099,-37.0222,141.2657,10
2009-01,ASN00079100,-36.6697,142.1731,2
2009-01,ASN00079103,-37.295,142.6039,62
2009-01,ASN00079105,-37.068,142.7412,0
2009-01,ASN00079107,-36.8132,141.2599,20
2009-01,ASN00080002,-36.116,143.7229,0
2009-01,ASN00080004,-35.9741,143.8525,0
2009-01,ASN00080014,-36.1348,143.9186,0
2009-01,ASN00080015,-36.1647,144.7642,10
2009-01,ASN00080017,-36.0407,143.9403,0
2009-01,ASN00080020,-35.9661,144.3712,0
2009-01,ASN00080023,-35.7236,143.9197,0
2009-01,ASN00080024,-35.8674,143.8007,0
2009-01,ASN00080027,-36.3203,143.735,0
2009-01,ASN00080036,-35.9681,144.1073,0
2009-01,ASN00080044,-35.9977,144.4244,0
2009-01,ASN00081087,-36.2567,146.0433,22
2009-01,ASN00082149,-36.7858,145.5683,102
2009-01,ASN00081090,-36.7446,143.6788,0
2009-01,ASN00081115,-36.6284,144.8726,0
2009-01,ASN00082083,-36.804,145.418,140
2009-01,ASN00082084,-36.7136,145.7603,140
2009-01,ASN00082090,-36.4793,147.0297,235
2009-01,ASN00082096,-36.9005,145.5228,60
2009-01,ASN00082103,-36.0243,147.5475,20
2009-01,ASN00082105,-36.8314,146.3982,0
2009-01,ASN00082109,-36.6133,146.1131,170
2009-01,ASN00082112,-36.6533,146.8567,280
2009-01,ASN00082116,-36.6083,146.3583,278
2009-01,ASN00082076,-36.5353,147.4984,532
2009-01,ASN00082128,-36.5131,146.4483,132
2009-01,ASN00082138,-36.4206,146.3056,106
2009-01,ASN00082139,-36.2136,147.5394,236
2009-01,ASN00082140,-36.8542,145.9381,102
2009-01,ASN00082142,-36.9461,146.2197,180
2009-01,ASN00082143,-36.7861,145.6581,96
2009-01,ASN00082144,-36.8167,145.64,118
2009-01,ASN00082145,-36.8753,145.5783,78
2009-01,ASN00082146,-36.9322,145.5842,50
2009-01,ASN00082147,-36.9217,145.6769,42
2009-01,ASN00082134,-36.6936,145.8785,70
2009-01,ASN00082068,-36.5293,147.3749,418
2009-01,ASN00082058,-36.3111,146.8381,326
2009-01,ASN00082057,-36.3025,146.7299,178
2009-01,ASN00081118,-36.8093,144.6203,0
2009-01,ASN00081120,-36.5886,145.0198,68
2009-01,ASN00081123,-36.7395,144.3266,0
2009-01,ASN00081124,-36.0294,146.0306,0
2009-01,ASN00081125,-36.4289,145.3947,98
2009-01,ASN00081127,-36.8867,143.5022,0
2009-01,ASN00082001,-36.3702,146.7132,166
2009-01,ASN00082009,-36.6085,146.5371,140
2009-01,ASN00082010,-36.1491,146.6106,279
2009-01,ASN00082015,-36.3084,146.5229,76
2009-01,ASN00082016,-36.7545,145.5727,120
2009-01,ASN00082018,-36.7691,147.6956,306
2009-01,ASN00082021,-36.0964,146.6008,22
2009-01,ASN00082029,-36.456,146.4299,62
2009-01,ASN00082033,-36.6975,146.2852,236
2009-01,ASN00082039,-36.1047,146.5094,140
2009-01,ASN00082041,-36.1859,146.4694,30
2009-01,ASN00082042,-36.8472,145.7308,126
2009-01,ASN00082043,-36.7872,145.8225,140
2009-01,ASN00082049,-36.6425,145.7234,32
2009-01,ASN00082052,-35.9645,147.7374,136
2009-01,ASN00081100,-36.7682,143.9866,0
2009-01,ASN00040962,-27.6053,152.8244,631
2009-01,ASN00095074,-42.7414,147.0489,256
2009-01,ASN00040949,-28.0033,152.6875,1370
2009-01,ASN00014647,-15.2712,132.9127,5568
2009-01,ASN00014648,-14.134,133.1094,2462
2009-01,ASN00014650,-14.9147,133.127,3587
2009-01,ASN00014651,-13.8269,133.3277,2922
2009-01,ASN00014652,-14.5264,132.8006,3576
2009-01,ASN00014654,-14.3295,133.1176,3110
2009-01,ASN00014703,-15.7426,136.8192,2814
2009-01,ASN00014704,-16.4423,136.076,4894
2009-01,ASN00014719,-15.5789,135.4271,4900
2009-01,ASN00014646,-14.8528,134.036,3735
2009-01,ASN00014723,-16.0757,136.3041,514
2009-01,ASN00014730,-14.1055,133.3422,3500
2009-01,ASN00014803,-15.2085,129.4502,3578
2009-01,ASN00014816,-15.7372,131.5345,2240
2009-01,ASN00014821,-16.4583,129.0058,3278
2009-01,ASN00014824,-16.1196,130.4282,3807
2009-01,ASN00014825,-16.403,131.0145,3785
2009-01,ASN00014829,-18.3325,130.6358,2014
2009-01,ASN00014840,-17.3871,131.1166,3776
2009-01,ASN00014847,-16.1176,130.9558,4514
2009-01,ASN00014729,-15.6293,136.3881,3310
2009-01,ASN00014853,-15.97,129.0407,3212
2009-01,ASN00014639,-15.9179,132.3831,4952
2009-01,ASN00014626,-16.2636,133.3782,5760
2009-01,ASN00014253,-13.1672,130.1225,3272
2009-01,ASN00014260,-12.4819,130.8978,2466
2009-01,ASN00014264,-12.7121,130.9889,3090
2009-01,ASN00014265,-12.4126,130.9202,1880
2009-01,ASN00014266,-12.4121,130.9669,1943
2009-01,ASN00014272,-13.0545,131.0252,2244
2009-01,ASN00014274,-11.0468,132.9791,1296
2009-01,ASN00014275,-12.7164,131.8206,2688
2009-01,ASN00014277,-12.635,130.3725,2922
2009-01,ASN00014628,-16.455,134.6504,4702
2009-01,ASN00014285,-12.3551,130.8857,2055
2009-01,ASN00014404,-12.0931,134.8919,1986
2009-01,ASN00014405,-12.0569,134.2339,2594
2009-01,ASN00014508,-12.2741,136.8203,4530
2009-01,ASN00014515,-12.5013,135.8001,6004
2009-01,ASN00014517,-11.9971,135.5726,5478
2009-01,ASN00014518,-13.9747,136.4631,2902
2009-01,ASN00014602,-14.1394,134.4742,994
2009-01,ASN00014612,-15.5748,133.2138,4614
2009-01,ASN00014621,-15.8087,134.1477,3456
2009-01,ASN00014401,-11.6502,133.3796,1836
2009-01,ASN00014856,-18.3902,129.4299,650
2009-01,ASN00014857,-19.2798,129.9422,1654
2009-01,ASN00014864,-16.3541,131.5147,1806
2009-01,ASN00015139,-19.933,134.3548,2459
2009-01,ASN00015501,-23.1273,133.836,218
2009-01,ASN00015511,-25.3139,131.7571,0
2009-01,ASN00015521,-23.2837,134.4229,566
2009-01,ASN00015537,-20.5003,134.662,1372
2009-01,ASN00015548,-20.1883,130.0161,1397
2009-01,ASN00015585,-21.7498,135.2382,854
2009-01,ASN00015590,-23.7951,133.889,150
2009-01,ASN00015594,-23.4564,134.6849,310
2009-01,ASN00015135,-19.6423,134.1833,3482
2009-01,ASN00015602,-22.9494,136.1442,384
2009-01,ASN00015611,-22.7228,131.1685,375
2009-01,ASN00015617,-24.1313,134.3737,217
2009-01,ASN00015618,-22.2747,137.9733,2220
2009-01,ASN00015626,-22.3961,134.2335,550
2009-01,ASN00015633,-24.0636,132.7444,92
2009-01,ASN00015635,-25.1896,130.9737,0
2009-01,ASN00015641,-20.5476,130.3466,1281
2009-01,ASN00015643,-22.4518,133.6377,628
2009-01,ASN00015652,-24.2914,131.5488,116
2009-01,ASN00015607,-22.1305,132.0812,620
2009-01,ASN00015131,-17.5521,133.5407,2857
2009-01,ASN00015123,-18.8689,134.4991,2176
2009-01,ASN00015088,-19.0579,136.7066,74
2009-01,ASN00014866,-17.6129,130.0713,3364
2009-01,ASN00014868,-16.8525,131.1597,3425
2009-01,ASN00014901,-13.8345,131.1872,3458
2009-01,ASN00014902,-14.4589,132.2572,1850
2009-01,ASN00014909,-13.3275,133.0861,3050
2009-01,ASN00014925,-13.7352,131.0437,1174
2009-01,ASN00014927,-14.3731,132.1566,4347
2009-01,ASN00014932,-14.5229,132.3826,4608
2009-01,ASN00014947,-14.0106,132.2084,3202
2009-01,ASN00014948,-14.2495,129.5282,2264
2009-01,ASN00014949,-15.7442,131.9182,608
2009-01,ASN00014950,-14.1243,132.6378,3484
2009-01,ASN00014954,-14.9408,130.8092,6320
2009-01,ASN00014955,-14.3202,132.4226,3093
2009-01,ASN00014956,-13.9487,131.3191,2369
2009-01,ASN00014962,-14.254,132.7357,3340
2009-01,ASN00014965,-14.1882,132.3961,3188
2009-01,ASN00014966,-14.3148,132.4248,502
2009-01,ASN00014967,-14.3055,132.0772,5582
2009-01,ASN00015081,-17.9776,135.532,796
2009-01,ASN00015085,-18.637,135.945,3383
2009-01,ASN00014246,-12.3784,130.9057,4604
2009-01,ASN00014238,-12.4346,130.7491,4146
2009-01,ASN00014227,-12.3887,130.9248,4193
2009-01,ASN00014226,-12.5764,131.0829,3278
2009-01,ASN00010912,-32.5878,117.6408,78
2009-01,ASN00010916,-33.6856,117.6064,360
2009-01,ASN00010917,-32.6722,116.6706,214
2009-01,ASN00011003,-31.6797,128.8792,10
2009-01,ASN00011008,-31.8433,127.8572,145
2009-01,ASN00011017,-32.4569,123.8653,588
2009-01,ASN00011019,-32.2464,126.3008,178
2009-01,ASN00011022,-31.7117,128.8867,20
2009-01,ASN00011052,-30.8453,128.1092,32
2009-01,ASN00010911,-33.1006,118.4647,128
2009-01,ASN00012009,-32.2147,121.7547,762
2009-01,ASN00012025,-27.9331,120.0575,150
2009-01,ASN00012029,-32.0339,122.8017,866
2009-01,ASN00012038,-30.7847,121.4533,654
2009-01,ASN00012043,-29.3361,121.4944,272
2009-01,ASN00012044,-33.5547,120.6997,430
2009-01,ASN00012045,-28.6306,122.4072,534
2009-01,ASN00012064,-31.3356,118.98,256
2009-01,ASN00012071,-32.9869,121.6239,1132
2009-01,ASN00012072,-27.9875,119.2961,426
2009-01,ASN00012011,-30.9869,119.1142,396
2009-01,ASN00010908,-32.0294,116.8742,594
2009-01,ASN00010905,-33.8878,119.1092,164
2009-01,ASN00010904,-32.1717,118.6136,76
2009-01,ASN00010628,-32.0094,117.4014,734
2009-01,ASN00010633,-33.5803,120.0458,266
2009-01,ASN00010635,-33.7853,116.9064,56
2009-01,ASN00010641,-33.375,116.9053,128
2009-01,ASN00010647,-33.3075,117.3403,65
2009-01,ASN00010692,-33.1131,118.84,68
2009-01,ASN00010702,-32.1003,118.8058,280
2009-01,ASN00010704,-33.3281,117.5628,68
2009-01,ASN00010705,-32.3344,118.8492,146
2009-01,ASN00010729,-34.3439,118.6306,50
2009-01,ASN00010792,-34.1692,118.9444,188
2009-01,ASN00010799,-32.6339,118.0103,36
2009-01,ASN00010802,-33.4661,118.6361,138
2009-01,ASN00010831,-33.4836,117.61,136
2009-01,ASN00010866,-33.9317,117.3258,192
2009-01,ASN00010869,-33.5942,120.1833,256
2009-01,ASN00010872,-33.1722,118.2475,94
2009-01,ASN00010878,-33.5381,119.6564,192
2009-01,ASN00010889,-32.885,118.6347,10
2009-01,ASN00010893,-34.3078,117.4347,20
2009-01,ASN00010897,-34.2206,118.5042,138
2009-01,ASN00012077,-32.8606,121.7081,860
2009-01,ASN00015653,-22.9689,134.2415,325
2009-01,ASN00012079,-31.0381,119.3064,475
2009-01,ASN00012092,-28.5606,119.0161,574
2009-01,ASN00014040,-12.4227,130.8844,4242
2009-01,ASN00014041,-12.605,131.2988,1276
2009-01,ASN00014048,-12.2248,131.0923,250
2009-01,ASN00014055,-13.481,131.1173,3934
2009-01,ASN00014059,-14.0829,131.8099,2814
2009-01,ASN00014062,-14.1435,132.1925,2696
2009-01,ASN00014092,-13.2373,131.1042,2530
2009-01,ASN00014112,-12.3786,130.8469,3542
2009-01,ASN00014116,-12.4429,130.9325,2370
2009-01,ASN00014021,-13.1137,130.7981,3036
2009-01,ASN00014142,-11.4022,130.4217,1986
2009-01,ASN00014144,-12.3962,130.8785,4040
2009-01,ASN00014149,-12.4558,131.0505,3946
2009-01,ASN00014153,-11.1538,132.143,1055
2009-01,ASN00014163,-12.4396,130.8376,3538
2009-01,ASN00014183,-12.8324,130.9713,3084
2009-01,ASN00014198,-12.6594,132.8939,1754
2009-01,ASN00014219,-12.5491,131.0794,2984
2009-01,ASN00014222,-12.6374,131.0763,3474
2009-01,ASN00014224,-13.8062,132.197,1902
2009-01,ASN00014143,-12.8003,131.0507,3517
2009-01,ASN00014015,-12.4239,130.8925,4110
2009-01,ASN00014013,-12.81,130.4576,3140
2009-01,ASN00013035,-27.0336,122.4439,244
2009-01,ASN00012107,-33.4225,121.9894,1208
2009-01,ASN00012117,-31.2186,121.6181,875
2009-01,ASN00012141,-30.0242,119.28,570
2009-01,ASN00012152,-31.2617,120.0219,676
2009-01,ASN00012223,-33.2242,121.3544,1650
2009-01,ASN00012239,-28.4967,119.7436,778
2009-01,ASN00012297,-33.4853,122.5867,1172
2009-01,ASN00012305,-28.6133,122.4236,460
2009-01,ASN00012306,-33.5239,122.9469,810
2009-01,ASN00012308,-33.3356,122.0697,1156
2009-01,ASN00012314,-27.8386,120.7031,106
2009-01,ASN00012320,-31.2353,119.3564,296
2009-01,ASN00013005,-26.2225,121.5561,8
2009-01,ASN00013006,-26.4006,120.9539,0
2009-01,ASN00013011,-26.1317,126.5839,278
2009-01,ASN00013015,-25.7964,122.9753,326
2009-01,ASN00013017,-25.0341,128.301,158
2009-01,ASN00013018,-26.1208,121.9403,366
2009-01,ASN00013024,-26.5172,122.8078,430
2009-01,ASN00013030,-21.7125,122.2281,398
2009-01,ASN00013032,-25.6361,121.3533,467
2009-01,ASN00012083,-31.3011,118.6922,251
2009-01,ASN00010626,-32.5336,117.0831,232
2009-01,ASN00015660,-25.3602,131.0196,0
2009-01,ASN00015664,-23.27,129.38,330
2009-01,ASN00019115,-33.0188,138.6153,92
2009-01,ASN00020000,-32.0498,140.162,0
2009-01,ASN00020001,-31.9695,140.5436,0
2009-01,ASN00020002,-32.076,140.9969,110
2009-01,ASN00020004,-31.6516,139.5491,60
2009-01,ASN00020010,-32.0646,139.382,68
2009-01,ASN00020013,-32.4292,139.9887,0
2009-01,ASN00020017,-32.4467,140.9233,12
2009-01,ASN00020020,-32.6416,139.6496,10
2009-01,ASN00019114,-32.4295,138.8922,0
2009-01,ASN00020022,-33.2458,140.0345,0
2009-01,ASN00020028,-33.7622,140.1251,0
2009-01,ASN00020043,-33.1873,139.6209,0
2009-01,ASN00020049,-31.6382,140.513,0
2009-01,ASN00020053,-32.1698,140.7959,0
2009-01,ASN00020055,-31.7484,140.3426,0
2009-01,ASN00020059,-31.6619,140.6289,0
2009-01,ASN00020062,-32.5707,139.5645,20
2009-01,ASN00021001,-34.026,138.6846,0
2009-01,ASN00021002,-34.1424,138.4225,0
2009-01,ASN00020025,-33.5009,139.5154,0
2009-01,ASN00021004,-33.5643,138.7595,80
2009-01,ASN00019113,-31.448,138.4531,16
2009-01,ASN00019111,-31.4763,139.1134,8
2009-01,ASN00019010,-32.0695,138.4948,0
2009-01,ASN00019013,-32.5373,138.5626,0
2009-01,ASN00019017,-31.8846,138.435,0
2009-01,ASN00019031,-32.8776,139.0578,0
2009-01,ASN00019032,-32.7335,138.6135,56
2009-01,ASN00019034,-32.9737,138.8375,4
2009-01,ASN00019037,-33.0216,138.0002,0
2009-01,ASN00019038,-32.3538,138.0371,100
2009-01,ASN00019042,-32.8454,138.2116,0
2009-01,ASN00019112,-33.023,138.0698,0
2009-01,ASN00019043,-32.9495,138.5174,50
2009-01,ASN00019048,-32.6521,138.1003,0
2009-01,ASN00019052,-33.0338,138.2686,0
2009-01,ASN00019053,-33.0856,138.2211,4
2009-01,ASN00019057,-32.552,138.8688,0
2009-01,ASN00019061,-32.0545,138.6427,0
2009-01,ASN00019062,-33.0287,138.7489,82
2009-01,ASN00019070,-31.5286,138.6093,0
2009-01,ASN00019078,-32.5172,137.8425,0
2009-01,ASN00019106,-32.627,139.1923,0
2009-01,ASN00019046,-31.775,138.6529,0
2009-01,ASN00021010,-33.7459,138.5628,0
2009-01,ASN00021012,-33.8682,138.01,90
2009-01,ASN00021013,-33.1851,138.4968,14
2009-01,ASN00021104,-33.9943,138.4539,0
2009-01,ASN00021106,-33.953,138.3903,0
2009-01,ASN00021110,-33.7876,137.7068,4
2009-01,ASN00021120,-33.2549,138.7867,2
2009-01,ASN00021127,-33.8828,138.6389,0
2009-01,ASN00021130,-34.1002,138.631,0
2009-01,ASN00021131,-33.8226,138.5933,0
2009-01,ASN00021133,-33.7676,138.2182,0
2009-01,ASN00022003,-34.6981,137.7116,30
2009-01,ASN00021102,-33.35,138.102,0
2009-01,ASN00022008,-34.3745,137.6733,6
2009-01,ASN00022011,-34.0672,137.5925,0
2009-01,ASN00022012,-34.0402,137.9004,44
2009-01,ASN00022015,-34.2971,138.0014,0
2009-01,ASN00022018,-34.9906,137.3995,4
2009-01,ASN00022020,-33.9323,137.6282,1
2009-01,ASN00022022,-34.1447,138.0146,34
2009-01,ASN00022023,-35.0203,137.6064,10
2009-01,ASN00022031,-34.748,137.5276,0
2009-01,ASN00022033,-34.4724,137.885,0
2009-01,ASN00022009,-34.7708,137.5952,2
2009-01,ASN00021077,-33.6781,138.9371,20
2009-01,ASN00021076,-33.9309,138.814,2
2009-01,ASN00021075,-33.7464,138.6058,0
2009-01,ASN00021015,-33.7045,138.2927,0
2009-01,ASN00021019,-33.8315,138.7917,54
2009-01,ASN00021020,-33.359,138.393,0
2009-01,ASN00021021,-33.2705,138.357,0
2009-01,ASN00021022,-33.4669,138.4424,0
2009-01,ASN00021024,-33.4595,138.7475,10
2009-01,ASN00021025,-33.8347,138.6532,0
2009-01,ASN00021027,-33.2036,138.6059,34
2009-01,ASN00021029,-33.5867,138.3343,0
2009-01,ASN00021031,-33.1851,138.3001,68
2009-01,ASN00021033,-33.9136,138.7195,0
2009-01,ASN00021034,-33.5592,138.903,50
2009-01,ASN00021042,-33.6029,137.9348,0
2009-01,ASN00021044,-34.1848,138.1478,66
2009-01,ASN00021045,-33.5407,138.2244,0
2009-01,ASN00021055,-33.2296,138.8844,10
2009-01,ASN00021057,-33.5707,138.4503,0
2009-01,ASN00021060,-33.2025,138.6024,36
2009-01,ASN00021062,-33.3041,138.7553,200
2009-01,ASN00021063,-34.1564,138.1827,28
2009-01,ASN00021072,-33.3265,138.3172,0
2009-01,ASN00019009,-32.4244,138.5304,40
2009-01,ASN00019008,-32.4618,138.2004,0
2009-01,ASN00019006,-32.881,138.3519,0
2009-01,ASN00019005,-32.8247,138.6907,0
2009-01,ASN00017028,-27.724,140.7633,454
2009-01,ASN00017032,-30.9904,138.5787,0
2009-01,ASN00017037,-29.239,137.9058,306
2009-01,ASN00017041,-30.9372,138.8919,0
2009-01,ASN00017043,-27.5553,135.4456,2
2009-01,ASN00017054,-31.1278,138.9618,0
2009-01,ASN00017089,-27.7205,138.2548,58
2009-01,ASN00017098,-31.1881,138.2785,0
2009-01,ASN00017099,-30.311,139.3357,280
2009-01,ASN00017024,-30.066,138.2739,0
2009-01,ASN00017110,-30.5963,138.4219,0
2009-01,ASN00017119,-30.8406,138.3224,0
2009-01,ASN00017123,-28.0997,140.1956,16
2009-01,ASN00017126,-29.6587,138.0684,0
2009-01,ASN00017130,-29.7138,137.9017,0
2009-01,ASN00017131,-29.9062,139.7345,10
2009-01,ASN00018001,-33.9118,136.5697,16
2009-01,ASN00018012,-32.1297,133.6976,0
2009-01,ASN00018014,-33.7011,136.4937,4
2009-01,ASN00018019,-34.3853,135.4697,0
2009-01,ASN00017115,-29.1266,140.9018,40
2009-01,ASN00017014,-31.0939,138.6786,0
2009-01,ASN00016098,-30.7051,134.5786,0
2009-01,ASN00016097,-26.2635,132.1771,0
2009-01,ASN00015666,-20.1824,130.0148,1426
2009-01,ASN00015667,-23.6338,132.7311,321
2009-01,ASN00015673,-23.5312,134.3743,231
2009-01,ASN00016001,-31.1558,136.8054,0
2009-01,ASN00016005,-32.3997,137.225,0
2009-01,ASN00016006,-29.9434,134.1506,0
2009-01,ASN00016021,-31.2609,135.2374,0
2009-01,ASN00016028,-30.0047,136.0445,0
2009-01,ASN00016030,-30.1809,135.6629,0
2009-01,ASN00016031,-30.2406,133.9885,0
2009-01,ASN00016032,-32.5226,136.4926,12
2009-01,ASN00016034,-32.1572,135.0722,0
2009-01,ASN00016035,-30.4027,136.392,0
2009-01,ASN00016055,-32.3792,135.5247,0
2009-01,ASN00016056,-32.1232,137.1505,0
2009-01,ASN00016065,-30.449,137.1692,0
2009-01,ASN00016067,-32.4398,136.0671,0
2009-01,ASN00016086,-31.7646,135.6494,0
2009-01,ASN00016090,-29.0347,134.7222,0
2009-01,ASN00016095,-26.2085,133.8545,8
2009-01,ASN00016096,-30.4829,136.8772,0
2009-01,ASN00018022,-33.6772,136.9116,0
2009-01,ASN00015661,-22.2109,134.1182,354
2009-01,ASN00018023,-34.2644,135.7266,0
2009-01,ASN00018040,-33.1414,136.4125,0
2009-01,ASN00018174,-33.7234,136.1511,30
2009-01,ASN00018176,-33.3416,136.7518,0
2009-01,ASN00018182,-31.9661,133.3316,0
2009-01,ASN00018184,-33.6125,136.3722,8
2009-01,ASN00018186,-32.5534,136.7123,0
2009-01,ASN00018188,-34.6252,135.4725,28
2009-01,ASN00018189,-33.7516,135.1863,0
2009-01,ASN00018192,-34.5993,135.8784,8
2009-01,ASN00018193,-33.0267,136.3171,0
2009-01,ASN00018172,-32.921,135.9996,0
2009-01,ASN00018195,-32.8427,135.1515,0
2009-01,ASN00018201,-32.5091,137.7144,0
2009-01,ASN00018203,-34.344,136.0471,10
2009-01,ASN00018204,-33.5879,134.8859,0
2009-01,ASN00018205,-34.7405,135.845,12
2009-01,ASN00018209,-33.8189,135.4857,6
2009-01,ASN00018213,-33.7412,135.0804,0
2009-01,ASN00018214,-32.9232,136.4778,0
2009-01,ASN00019001,-33.0524,138.4277,72
2009-01,ASN00019002,-32.2507,137.9776,0
2009-01,ASN00018198,-33.4138,136.5989,0
2009-01,ASN00018171,-34.1361,135.3319,4
2009-01,ASN00018165,-33.5733,135.602,20
2009-01,ASN00018164,-33.6993,135.9238,0
2009-01,ASN00018044,-33.1332,135.5552,6
2009-01,ASN00018046,-33.5679,135.7571,22
2009-01,ASN00018047,-32.0723,133.9401,0
2009-01,ASN00018060,-31.7782,132.2038,0
2009-01,ASN00018069,-33.6501,134.888,0
2009-01,ASN00018077,-32.3752,133.9353,0
2009-01,ASN00018079,-32.7963,134.2116,2
2009-01,ASN00018083,-33.043,135.4519,0
2009-01,ASN00018086,-34.3756,136.1026,6
2009-01,ASN00018091,-34.2617,136.2092,2
2009-01,ASN00018094,-32.4035,134.5323,0
2009-01,ASN00018096,-33.6824,136.6831,0
2009-01,ASN00018098,-32.9475,135.2754,0
2009-01,ASN00018106,-31.4492,130.8976,2
2009-01,ASN00018107,-34.5911,135.7572,28
2009-01,ASN00018110,-30.6143,130.4136,0
2009-01,ASN00018113,-33.965,136.2472,0
2009-01,ASN00018114,-30.1591,131.579,0
2009-01,ASN00018115,-35.3365,136.1174,4
2009-01,ASN00018116,-33.7081,136.5026,2
2009-01,ASN00018120,-33.0539,137.5205,0
2009-01,ASN00018024,-33.4678,136.2113,0
2009-01,ASN00010622,-33.9644,118.4889,162
2009-01,ASN00010614,-32.9342,117.1797,112
2009-01,ASN00010612,-32.0656,118.3956,138
2009-01,ASN00008025,-29.6889,115.8869,0
2009-01,ASN00008028,-28.5008,114.7897,0
2009-01,ASN00008037,-29.8819,116.0233,28
2009-01,ASN00008050,-28.7769,114.605,0
2009-01,ASN00008051,-28.7953,114.6975,4
2009-01,ASN00008052,-28.17,114.7614,6
2009-01,ASN00008057,-29.5486,115.0689,0
2009-01,ASN00008060,-29.0364,115.5536,136
2009-01,ASN00008064,-30.6719,116.3078,98
2009-01,ASN00008022,-30.2911,116.3306,246
2009-01,ASN00008066,-30.7008,117.0608,12
2009-01,ASN00008077,-29.6006,115.9392,4
2009-01,ASN00008095,-28.5367,115.5142,102
2009-01,ASN00008100,-28.3456,114.6367,10
2009-01,ASN00008107,-29.4417,116.2875,522
2009-01,ASN00008113,-27.8325,114.7364,0
2009-01,ASN00008121,-29.5339,115.7628,70
2009-01,ASN00008137,-30.8917,116.7186,192
2009-01,ASN00008139,-30.1069,116.6328,50
2009-01,ASN00008143,-29.2872,115.6331,8
2009-01,ASN00008072,-29.7586,116.4444,258
2009-01,ASN00008146,-30.0706,116.2092,30
2009-01,ASN00008016,-30.445,117.0406,76
2009-01,ASN00008013,-29.3303,116.1433,870
2009-01,ASN00007059,-24.2297,118.2408,210
2009-01,ASN00007064,-27.3636,116.4261,776
2009-01,ASN00007068,-29.425,117.2906,286
2009-01,ASN00007078,-26.5597,118.5397,220
2009-01,ASN00007081,-28.8928,117.1333,310
2009-01,ASN00007083,-23.6239,118.6561,292
2009-01,ASN00007090,-28.8439,117.8317,0
2009-01,ASN00007101,-26.2822,118.6933,390
2009-01,ASN00007103,-25.48,119.6492,160
2009-01,ASN00008014,-30.2192,116.7783,78
2009-01,ASN00007139,-29.2708,117.6836,0
2009-01,ASN00007177,-23.6042,117.6892,124
2009-01,ASN00007179,-24.4114,118.9408,30
2009-01,ASN00007180,-25.0386,120.0064,44
2009-01,ASN00007185,-23.1725,117.7494,172
2009-01,ASN00007197,-28.2817,118.3111,630
2009-01,ASN00007600,-28.1156,117.8425,448
2009-01,ASN00008002,-30.5967,116.7714,90
2009-01,ASN00008005,-30.7294,116.02,30
2009-01,ASN00008008,-30.5831,116.135,214
2009-01,ASN00007176,-23.4169,119.7989,390
2009-01,ASN00008157,-28.8978,115.8628,100
2009-01,ASN00008200,-28.6936,115.0408,0
2009-01,ASN00008202,-30.6219,116.3794,100
2009-01,ASN00009024,-31.5608,116.0842,6
2009-01,ASN00009030,-31.8972,116.1575,82
2009-01,ASN00009033,-30.9719,116.2089,50
2009-01,ASN00009037,-30.3381,115.5394,4
2009-01,ASN00009039,-32.3536,116.005,188
2009-01,ASN00009040,-31.1428,116.0539,226
2009-01,ASN00009053,-31.6669,116.0189,0
2009-01,ASN00009066,-31.7908,116.1975,2
2009-01,ASN00009105,-31.7317,115.7931,0
2009-01,ASN00009021,-31.9275,115.9764,126
2009-01,ASN00009106,-32.0486,115.9839,22
2009-01,ASN00009112,-31.3928,116.0875,298
2009-01,ASN00009113,-32.1108,116.0953,66
2009-01,ASN00009131,-30.3081,115.0311,5
2009-01,ASN00009151,-31.9556,115.7928,10
2009-01,ASN00009172,-32.1011,115.8794,0
2009-01,ASN00009178,-31.4628,115.8642,0
2009-01,ASN00009193,-32.0069,115.5022,14
2009-01,ASN00009207,-32.0208,116.1167,60
2009-01,ASN00009215,-31.9558,115.7619,2
2009-01,ASN00009111,-32.44,116.0744,172
2009-01,ASN00009018,-31.3461,115.9031,0
2009-01,ASN00009015,-32.0892,116.125,28
2009-01,ASN00009009,-31.605,116.1114,0
2009-01,ASN00008237,-28.6857,115.2806,0
2009-01,ASN00008240,-28.8939,115.4539,50
2009-01,ASN00008251,-27.7119,114.165,0
2009-01,ASN00008254,-30.7092,116.7744,0
2009-01,ASN00008271,-28.8114,115.9675,154
2009-01,ASN00008283,-30.1453,116.3844,60
2009-01,ASN00008285,-28.3181,114.7614,0
2009-01,ASN00008286,-28.275,114.6761,8
2009-01,ASN00008290,-28.3008,113.5936,0
2009-01,ASN00008296,-29.2039,116.0247,624
2009-01,ASN00008297,-30.2761,116.6714,78
2009-01,ASN00008298,-28.7597,114.937,2
2009-01,ASN00008299,-29.1103,115.3173,2
2009-01,ASN00008300,-29.0692,115.0915,8
2009-01,ASN00008304,-28.9571,114.9492,2
2009-01,ASN00008305,-29.2778,114.9464,0
2009-01,ASN00008307,-28.89,115.4397,18
2009-01,ASN00008308,-28.8,115.76,40
2009-01,ASN00008309,-29.3,115.6597,86
2009-01,ASN00008310,-29.0291,115.5548,128
2009-01,ASN00009007,-31.8622,116.2658,16
2009-01,ASN00007045,-26.6136,118.5372,288
2009-01,ASN00007030,-26.1142,117.5047,1116
2009-01,ASN00007023,-25.6864,119.2258,706
2009-01,ASN00007019,-24.0019,119.5725,152
2009-01,ASN00002069,-16.4433,127.7836,3656
2009-01,ASN00003001,-17.2767,122.5711,1844
2009-01,ASN00003003,-17.9475,122.2353,1806
2009-01,ASN00003009,-18.355,125.3033,1864
2009-01,ASN00003014,-18.2914,125.5869,2119
2009-01,ASN00003019,-17.3306,124.8167,4208
2009-01,ASN00003027,-18.1386,125.7764,2103
2009-01,ASN00003028,-19.2536,121.4861,431
2009-01,ASN00003030,-18.6844,121.7803,718
2009-01,ASN00002067,-15.9816,128.9991,3240
2009-01,ASN00003032,-17.3706,123.6611,2074
2009-01,ASN00003040,-17.9903,124.1922,3356
2009-01,ASN00003041,-17.6925,122.7128,922
2009-01,ASN00003048,-18.9158,125.5264,84
2009-01,ASN00003051,-16.7372,125.9086,3182
2009-01,ASN00003052,-16.8206,124.9158,4550
2009-01,ASN00003057,-16.4514,123.0086,2529
2009-01,ASN00003059,-19.0861,121.6764,760
2009-01,ASN00003066,-18.5175,121.8072,1742
2009-01,ASN00003068,-18.5075,123.4561,3118
2009-01,ASN00040958,-27.2169,153.0922,908
2009-01,ASN00002064,-16.6381,128.4517,1372
2009-01,ASN00002056,-15.7814,128.71,2928
2009-01,ASN00002049,-18.1947,127.8147,1460
2009-01,ASN00001006,-15.51,128.1503,2546
2009-01,ASN00001007,-13.7542,126.1485,4940
2009-01,ASN00001010,-14.7883,126.4964,3590
2009-01,ASN00001019,-14.2964,126.6453,3392
2009-01,ASN00001020,-14.09,126.3867,2720
2009-01,ASN00001023,-16.0086,127.9806,3686
2009-01,ASN00001025,-15.3797,126.3114,4189
2009-01,ASN00001026,-15.7025,126.3786,5060
2009-01,ASN00001027,-15.6394,128.0803,2470
2009-01,ASN00001031,-13.96,127.1964,2148
2009-01,ASN00001035,-15.5969,128.2781,2973
2009-01,ASN00002009,-16.4203,126.4411,3426
2009-01,ASN00002012,-18.2292,127.6636,1540
2009-01,ASN00002021,-18.3869,126.9892,2882
2009-01,ASN00002022,-18.016,126.3033,2216
2009-01,ASN00002023,-18.0308,128.8942,1148
2009-01,ASN00002026,-18.5958,127.6419,2234
2009-01,ASN00002029,-19.1625,128.1633,2139
2009-01,ASN00002032,-17.0156,128.2175,3875
2009-01,ASN00002043,-18.3368,126.1243,2436
2009-01,ASN00002044,-16.1119,128.7414,3408
2009-01,ASN00003073,-16.6872,123.8375,3210
2009-01,ASN00009225,-31.9192,115.8728,2
2009-01,ASN00003080,-17.5736,123.8217,2812
2009-01,ASN00003093,-18.1814,125.5619,2502
2009-01,ASN00005061,-20.7278,116.7483,168
2009-01,ASN00005069,-21.6392,116.3308,1048
2009-01,ASN00005084,-21.4606,115.0197,2664
2009-01,ASN00005094,-20.875,115.4056,910
2009-01,ASN00005095,-22.9367,116.9731,314
2009-01,ASN00006008,-25.0481,114.0294,0
2009-01,ASN00006010,-25.6114,115.4625,110
2009-01,ASN00006011,-24.8878,113.67,6
2009-01,ASN00006022,-25.0544,115.21,94
2009-01,ASN00005036,-22.9367,115.9825,1238
2009-01,ASN00006034,-25.3656,114.3594,150
2009-01,ASN00006058,-27.4278,115.5147,0
2009-01,ASN00006069,-26.5903,115.9267,80
2009-01,ASN00006072,-23.0314,115.0414,1482
2009-01,ASN00006097,-26.1203,113.3975,0
2009-01,ASN00006099,-26.8936,115.9561,48
2009-01,ASN00006105,-25.8925,113.5772,12
2009-01,ASN00007007,-26.9844,116.5361,480
2009-01,ASN00007014,-27.2528,117.6525,1080
2009-01,ASN00007017,-27.4233,117.8994,1311
2009-01,ASN00006044,-25.9261,113.5319,0
2009-01,ASN00005032,-21.5703,115.8786,670
2009-01,ASN00005029,-21.6767,116.3928,836
2009-01,ASN00005022,-21.975,116.0653,828
2009-01,ASN00003098,-17.0549,125.7108,3642
2009-01,ASN00003100,-17.9503,124.2653,3564
2009-01,ASN00004006,-22.1828,119.935,403
2009-01,ASN00004016,-20.7867,118.5972,884
2009-01,ASN00004019,-19.7419,120.8436,200
2009-01,ASN00004032,-20.3725,118.6317,742
2009-01,ASN00004038,-20.7483,118.8172,512
2009-01,ASN00004039,-20.9469,117.3733,864
2009-01,ASN00004041,-20.8503,120.695,124
2009-01,ASN00004046,-20.6739,120.2044,101
2009-01,ASN00004068,-19.7789,120.6417,615
2009-01,ASN00004083,-20.7097,116.7742,1988
2009-01,ASN00004090,-20.7594,117.1583,42
2009-01,ASN00004106,-21.1756,119.7497,106
2009-01,ASN00005001,-21.8047,117.8056,796
2009-01,ASN00005006,-22.9119,116.2903,296
2009-01,ASN00005007,-22.2406,114.0967,124
2009-01,ASN00005008,-21.1906,115.9797,946
2009-01,ASN00005012,-21.5906,117.0656,1086
2009-01,ASN00005014,-21.7869,117.8647,920
2009-01,ASN00005017,-21.6689,115.1092,2756
2009-01,ASN00003084,-17.3436,123.6781,2624
2009-01,ASN00009240,-32.0056,116.1364,38
2009-01,ASN00009242,-32.3956,115.9744,276
2009-01,ASN00009243,-31.335,115.5722,0
2009-01,ASN00010039,-31.0072,117.2042,66
2009-01,ASN00010040,-31.6089,117.8775,714
2009-01,ASN00010041,-31.6192,117.4372,34
2009-01,ASN00010042,-31.1936,117.0311,264
2009-01,ASN00010043,-31.7661,116.9167,424
2009-01,ASN00010053,-31.7233,118.4372,62
2009-01,ASN00010058,-31.2994,116.8269,0
2009-01,ASN00010060,-31.9886,118.5106,56
2009-01,ASN00010061,-31.1417,116.9558,340
2009-01,ASN00010036,-31.7903,117.3283,114
2009-01,ASN00010064,-31.2747,116.5075,102
2009-01,ASN00010073,-31.6183,117.7217,19
2009-01,ASN00010076,-31.0597,116.7319,50
2009-01,ASN00010082,-31.1125,117.9186,24
2009-01,ASN00010084,-30.1056,117.3597,122
2009-01,ASN00010092,-31.4756,118.2789,64
2009-01,ASN00010097,-30.6569,117.2625,48
2009-01,ASN00010111,-31.6508,116.6586,110
2009-01,ASN00010112,-31.1842,118.1006,50
2009-01,ASN00010118,-31.9917,118.0264,37
2009-01,ASN00010070,-30.3686,117.1133,140
2009-01,ASN00010032,-30.9964,117.3953,20
2009-01,ASN00010031,-31.3742,117.5861,82
2009-01,ASN00010026,-30.0606,117.1417,106
2009-01,ASN00009971,-33.7844,115.4075,2
2009-01,ASN00009976,-32.6453,115.8644,2
2009-01,ASN00009977,-32.5219,115.7119,28
2009-01,ASN00009978,-33.7563,115.2096,6
2009-01,ASN00009982,-33.3878,115.8538,2
2009-01,ASN00009987,-33.6414,115.7028,6
2009-01,ASN00009988,-33.6808,115.6242,0
2009-01,ASN00009989,-33.6458,115.9553,8
2009-01,ASN00009990,-33.4775,115.7393,0
2009-01,ASN00009991,-33.5711,115.8383,0
2009-01,ASN00009992,-33.5435,115.5509,0
2009-01,ASN00009994,-33.3608,116.1717,6
2009-01,ASN00009997,-33.7647,115.8431,8
2009-01,ASN00009998,-34.9469,116.7222,64
2009-01,ASN00010000,-31.1675,117.0736,246
2009-01,ASN00010007,-30.8081,117.8603,152
2009-01,ASN00010009,-31.2744,116.5092,86
2009-01,ASN00010010,-30.9386,117.9642,124
2009-01,ASN00010011,-30.4731,118.3819,270
2009-01,ASN00010012,-31.5278,117.4361,28
2009-01,ASN00010019,-31.3958,118.4808,146
2009-01,ASN00010119,-31.795,118.3947,80
2009-01,ASN00009968,-34.5683,116.3367,74
2009-01,ASN00010121,-31.6431,117.4872,30
2009-01,ASN00010126,-31.1153,117.7942,20
2009-01,ASN00010518,-32.4006,118.6058,162
2009-01,ASN00010520,-33.6614,117.0539,114
2009-01,ASN00010524,-32.3725,117.0072,613
2009-01,ASN00010527,-32.3756,117.5128,126
2009-01,ASN00010530,-33.9144,117.0994,10
2009-01,ASN00010531,-33.7069,117.2411,118
2009-01,ASN00010534,-32.4825,117.5647,152
2009-01,ASN00010536,-32.3292,117.8733,365
2009-01,ASN00010537,-34.2961,117.5533,30
2009-01,ASN00010515,-32.1083,116.9247,526
2009-01,ASN00010541,-33.8594,118.8158,116
2009-01,ASN00010558,-33.9372,118.0075,92
2009-01,ASN00010560,-32.5403,119.1122,184
2009-01,ASN00010565,-32.6744,119.4144,253
2009-01,ASN00010568,-32.4419,118.8983,302
2009-01,ASN00010571,-32.3789,116.8258,112
2009-01,ASN00010582,-33.83,117.159,98
2009-01,ASN00010584,-32.6719,118.1547,92
2009-01,ASN00010603,-32.4231,118.2003,442
2009-01,ASN00010611,-33.2761,119.7753,150
2009-01,ASN00010546,-33.3142,117.74,62
2009-01,ASN00010513,-32.3869,118.2622,70
2009-01,ASN00010508,-33.6361,117.9278,106
2009-01,ASN00010503,-32.0311,118.0947,50
2009-01,ASN00010134,-31.3119,116.515,456
2009-01,ASN00010135,-30.4869,118.1258,702
2009-01,ASN00010136,-30.5892,118.1489,398
2009-01,ASN00010138,-31.814,116.341,100
2009-01,ASN00010143,-31.415,117.2664,90
2009-01,ASN00010145,-31.3756,117.5853,78
2009-01,ASN00010149,-31.3361,117.8164,12
2009-01,ASN00010150,-31.6358,116.7961,37
2009-01,ASN00010151,-31.5317,118.0986,48
2009-01,ASN00010155,-30.7686,117.1361,147
2009-01,ASN00010160,-31.4533,117.1194,142
2009-01,ASN00010163,-31.7711,117.1433,278
2009-01,ASN00010192,-30.5539,118.2828,425
2009-01,ASN00010286,-31.6219,117.2217,210
2009-01,ASN00010294,-31.5736,117.5097,32
2009-01,ASN00010304,-31.485,116.5383,22
2009-01,ASN00010307,-31.7936,116.6278,566
2009-01,ASN00010308,-31.55,116.4867,46
2009-01,ASN00010310,-31.7647,116.3464,80
2009-01,ASN00010311,-31.8997,116.765,756
2009-01,ASN00010502,-34.2553,118.2214,118
2009-01,ASN00010124,-31.5136,118.1753,54
2009-01,ASN00022044,-34.239,137.9883,18
2009-01,ASN00009967,-34.7772,117.6508,55
2009-01,ASN00009964,-34.5714,117.0106,38
2009-01,ASN00009573,-34.2508,116.145,32
2009-01,ASN00009574,-33.9592,115.0642,30
2009-01,ASN00009575,-32.8556,116.45,0
2009-01,ASN00009579,-33.7633,122.0675,490
2009-01,ASN00009584,-33.7422,121.995,1724
2009-01,ASN00009587,-33.9967,116.4253,6
2009-01,ASN00009589,-34.9919,116.8206,78
2009-01,ASN00009590,-34.6339,116.1236,68
2009-01,ASN00009592,-34.4478,116.0433,61
2009-01,ASN00009557,-33.9497,120.1258,170
2009-01,ASN00009594,-34.435,119.3628,97
2009-01,ASN00009603,-33.6858,115.4008,0
2009-01,ASN00009611,-34.9761,116.7328,62
2009-01,ASN00009613,-34.1436,115.2261,24
2009-01,ASN00009615,-34.715,118.4692,118
2009-01,ASN00009616,-34.0911,116.6628,35
2009-01,ASN00009617,-33.9486,116.1311,10
2009-01,ASN00009619,-34.1519,116.2042,0
2009-01,ASN00009626,-33.7106,121.5619,920
2009-01,ASN00009628,-33.36,116.1467,1
2009-01,ASN00009600,-33.9525,115.1969,0
2009-01,ASN00009556,-33.9781,116.3336,0
2009-01,ASN00009547,-34.0717,115.0986,56
2009-01,ASN00009542,-33.6825,121.8275,1716
2009-01,ASN00009248,-31.332,115.9513,0
2009-01,ASN00009252,-31.7683,116.2475,4
2009-01,ASN00009256,-32.2433,115.6839,54
2009-01,ASN00009257,-32.1569,115.9275,0
2009-01,ASN00009258,-32.2156,115.8758,24
2009-01,ASN00009260,-32.4697,116.2143,106
2009-01,ASN00009263,-31.8372,115.95,4
2009-01,ASN00009264,-31.7078,115.7242,16
2009-01,ASN00009276,-30.5744,115.2231,0
2009-01,ASN00009500,-35.0289,117.8808,154
2009-01,ASN00009506,-34.4678,116.9169,22
2009-01,ASN00009507,-32.6836,116.5194,56
2009-01,ASN00009513,-33.2136,115.85,0
2009-01,ASN00009515,-33.6611,115.3456,0
2009-01,ASN00009518,-34.3728,115.1358,12
2009-01,ASN00009519,-33.5372,115.0189,6
2009-01,ASN00009527,-33.3969,115.7833,0
2009-01,ASN00009531,-34.9617,117.3567,78
2009-01,ASN00009532,-34.9528,117.3733,86
2009-01,ASN00009534,-33.5719,115.8247,34
2009-01,ASN00009538,-32.7103,116.0594,9
2009-01,ASN00009633,-34.8644,118.1122,50
2009-01,ASN00009965,-33.3567,115.6447,2
2009-01,ASN00009635,-34.3633,117.0836,25
2009-01,ASN00009642,-33.1336,115.8808,0
2009-01,ASN00009850,-34.5378,117.7197,52
2009-01,ASN00009852,-34.8883,118.3958,90
2009-01,ASN00009865,-34.3997,118.8867,176
2009-01,ASN00009868,-33.7078,120.8653,502
2009-01,ASN00009871,-34.8361,116.0308,55
2009-01,ASN00009877,-33.6033,115.4983,0
2009-01,ASN00009894,-32.9183,115.9217,1
2009-01,ASN00009897,-33.8536,123.0069,297
2009-01,ASN00009899,-34.8883,118.0789,32
2009-01,ASN00009848,-34.7719,118.1317,56
2009-01,ASN00009904,-34.5967,116.1072,64
2009-01,ASN00009912,-33.445,115.8508,0
2009-01,ASN00009914,-33.3197,116.6464,180
2009-01,ASN00009917,-33.7058,115.7878,0
2009-01,ASN00009927,-33.6028,116.0128,10
2009-01,ASN00009928,-34.8389,116.7211,78
2009-01,ASN00009936,-32.6239,116.0603,32
2009-01,ASN00009957,-35.0367,116.9247,74
2009-01,ASN00009958,-34.6625,117.8394,51
2009-01,ASN00009961,-33.9306,120.1283,218
2009-01,ASN00009908,-34.2292,115.9294,58
2009-01,ASN00009843,-34.4417,116.9944,22
2009-01,ASN00009842,-33.7964,115.6658,8
2009-01,ASN00009822,-33.7753,121.555,714
2009-01,ASN00009645,-33.7981,121.1503,440
2009-01,ASN00009647,-34.9506,117.2769,180
2009-01,ASN00009654,-34.3986,119.3778,52
2009-01,ASN00009678,-34.8772,117.6725,68
2009-01,ASN00009692,-34.2258,115.7622,60
2009-01,ASN00009738,-33.4531,116.3025,10
2009-01,ASN00009739,-33.6789,122.3311,1118
2009-01,ASN00009741,-34.9414,117.8022,74
2009-01,ASN00009752,-34.7233,117.3494,42
2009-01,ASN00009754,-34.5961,118.5519,82
2009-01,ASN00009766,-35.0597,117.8658,126
2009-01,ASN00009769,-32.5698,116.4385,102
2009-01,ASN00009771,-33.7411,115.4697,0
2009-01,ASN00009772,-33.7608,121.2156,582
2009-01,ASN00009776,-33.7931,115.3189,4
2009-01,ASN00009784,-34.9319,117.1606,60
2009-01,ASN00009789,-33.83,121.8925,1016
2009-01,ASN00009801,-34.1597,115.1892,28
2009-01,ASN00009803,-33.7831,115.3447,6
2009-01,ASN00009804,-33.8811,122.2167,1660
2009-01,ASN00009805,-34.9769,116.7286,70
2009-01,ASN00009636,-33.8358,115.0747,33
2009-01,ASN00022046,-35.1121,137.7395,6
2009-01,ASN00001018,-16.4181,126.1025,3141
2009-01,ASN00022050,-33.9703,137.6628,0
2009-01,ASN00038004,-24.8522,143.6672,1380
2009-01,ASN00038006,-23.7308,140.3075,230
2009-01,ASN00038009,-24.7856,139.5919,2050
2009-01,ASN00038010,-22.9144,138.8036,1740
2009-01,ASN00038012,-24.8303,143.9331,896
2009-01,ASN00038014,-23.365,139.6556,3027
2009-01,ASN00038020,-25.79,139.5856,729
2009-01,ASN00038024,-25.4228,142.6564,1300
2009-01,ASN00038026,-25.8975,139.3472,640
2009-01,ASN00038003,-22.9117,139.9039,1874
2009-01,ASN00038035,-25.5903,143.8917,584
2009-01,ASN00038049,-24.8519,142.6964,1850
2009-01,ASN00038056,-25.6653,142.1086,335
2009-01,ASN00038060,-25.1806,142.6817,1133
2009-01,ASN00038062,-24.6947,143.1275,1045
2009-01,ASN00038063,-25.1494,142.9833,1570
2009-01,ASN00039000,-25.1333,151.1292,632
2009-01,ASN00039009,-24.8408,152.2414,1480
2009-01,ASN00039018,-24.0222,151.7642,1216
2009-01,ASN00039035,-23.1375,149.9726,801
2009-01,ASN00038048,-24.3353,139.2775,1028
2009-01,ASN00039036,-25.3706,151.1222,1268
2009-01,ASN00038000,-24.3597,139.4714,1424
2009-01,ASN00037115,-19.8611,138.1028,4875
2009-01,ASN00036050,-22.0231,145.9831,1622
2009-01,ASN00036074,-22.3022,145.99,2266
2009-01,ASN00036094,-24.4464,144.1094,102
2009-01,ASN00036127,-24.6017,143.8314,943
2009-01,ASN00036143,-24.4214,145.4672,492
2009-01,ASN00036160,-22.2717,147.0903,270
2009-01,ASN00036168,-24.9553,145.2489,315
2009-01,ASN00036172,-21.9667,144.3333,1756
2009-01,ASN00037000,-22.1542,142.49,2830
2009-01,ASN00037120,-21.8958,143.0967,3353
2009-01,ASN00037003,-20.4661,138.4683,5630
2009-01,ASN00037025,-21.55,143.8031,3136
2009-01,ASN00037030,-21.8886,143.6019,2500
2009-01,ASN00037034,-21.8125,139.9267,166
2009-01,ASN00037036,-21.84,140.8925,3366
2009-01,ASN00037039,-22.3617,143.0836,1834
2009-01,ASN00037046,-22.2903,142.4731,2796
2009-01,ASN00037056,-22.2628,143.7447,2296
2009-01,ASN00037106,-21.8831,139.9728,3885
2009-01,ASN00037112,-23.9686,143.3031,786
2009-01,ASN00037010,-19.9225,138.1214,4976
2009-01,ASN00039040,-24.9933,151.9606,1774
2009-01,ASN00039043,-23.5255,150.5078,1353
2009-01,ASN00039054,-24.1967,150.3714,1112
2009-01,ASN00039186,-24.9297,152.1983,1302
2009-01,ASN00039201,-24.3278,149.8556,698
2009-01,ASN00039205,-24.8725,150.8236,662
2009-01,ASN00039220,-24.6544,151.6311,1480
2009-01,ASN00039241,-23.7583,151.3097,1268
2009-01,ASN00039242,-23.4009,150.6238,1002
2009-01,ASN00039251,-24.7275,151.4308,1221
2009-01,ASN00039252,-24.2122,151.4219,3208
2009-01,ASN00039255,-24.1664,151.5128,1792
2009-01,ASN00039175,-24.4167,151.2119,1632
2009-01,ASN00039256,-25.1475,151.6286,1520
2009-01,ASN00039290,-24.4131,150.5208,1056
2009-01,ASN00039303,-25.2558,152.2819,1556
2009-01,ASN00039313,-25.1367,151.98,2310
2009-01,ASN00039314,-24.1542,151.8875,1156
2009-01,ASN00039319,-25.1303,151.1297,620
2009-01,ASN00039321,-25.4,151.1,1430
2009-01,ASN00039326,-23.8697,151.2214,1186
2009-01,ASN00039332,-24.41,149.8356,396
2009-01,ASN00039334,-24.0213,150.9603,1484
2009-01,ASN00039278,-24.8394,150.7444,642
2009-01,ASN00039168,-25.1025,152.5603,1440
2009-01,ASN00039158,-24.9472,150.0789,801
2009-01,ASN00039151,-24.8075,150.2197,644
2009-01,ASN00039059,-24.1116,152.7161,1126
2009-01,ASN00039066,-25.6167,151.6156,1726
2009-01,ASN00039067,-23.5798,150.4044,696
2009-01,ASN00039068,-23.8104,150.9783,1624
2009-01,ASN00039070,-25.1694,151.6375,1542
2009-01,ASN00039071,-24.5722,149.9694,1156
2009-01,ASN00039073,-25.5908,151.2986,1902
2009-01,ASN00039083,-23.3753,150.4775,684
2009-01,ASN00039085,-24.7298,153.2089,1584
2009-01,ASN00039089,-24.4935,150.5709,1100
2009-01,ASN00039092,-24.6792,152.1881,1198
2009-01,ASN00039095,-24.6342,152.0228,1820
2009-01,ASN00039097,-24.7158,152.0075,1820
2009-01,ASN00039102,-23.9078,150.1953,1015
2009-01,ASN00039104,-24.8642,151.1247,615
2009-01,ASN00039106,-24.4081,150.7258,1180
2009-01,ASN00039123,-23.8553,151.2628,1028
2009-01,ASN00039128,-24.8885,152.3235,1350
2009-01,ASN00039129,-24.6156,151.105,862
2009-01,ASN00039135,-24.8036,152.4547,1287
2009-01,ASN00039142,-24.8139,149.9892,594
2009-01,ASN00036046,-21.6292,145.1167,1616
2009-01,ASN00036037,-22.595,144.5469,1820
2009-01,ASN00036036,-23.6239,145.6892,426
2009-01,ASN00036034,-24.4303,145.4306,492
2009-01,ASN00033299,-21.2725,148.8203,3680
2009-01,ASN00033300,-21.1439,149.0753,3330
2009-01,ASN00033301,-21.3228,148.835,2870
2009-01,ASN00033302,-21.1772,148.8311,2960
2009-01,ASN00033303,-21.1397,149.1883,1340
2009-01,ASN00033304,-21.1792,148.7458,0
2009-01,ASN00033306,-20.4103,148.2306,2630
2009-01,ASN00033307,-19.4167,146.5364,5674
2009-01,ASN00033308,-22.7433,150.6578,3386
2009-01,ASN00033295,-19.4569,147.4833,5252
2009-01,ASN00033310,-23.2,150.3978,1120
2009-01,ASN00033313,-22.8264,150.3372,1356
2009-01,ASN00034007,-20.7019,147.0175,2206
2009-01,ASN00034010,-20.4328,146.0131,3912
2009-01,ASN00034015,-22.0656,147.7219,1764
2009-01,ASN00034024,-22.0236,147.4158,820
2009-01,ASN00034027,-22.7744,148.81,1396
2009-01,ASN00034044,-21.0767,146.5133,2175
2009-01,ASN00034061,-22.9372,149.1386,494
2009-01,ASN00034084,-20.0464,146.2708,3550
2009-01,ASN00033312,-23.2233,150.605,436
2009-01,ASN00033294,-23.1364,150.7506,1936
2009-01,ASN00033292,-20.5819,147.5981,2810
2009-01,ASN00033291,-20.3089,147.2961,3120
2009-01,ASN00033175,-20.2144,147.7761,3388
2009-01,ASN00033195,-22.4703,150.1786,2210
2009-01,ASN00033210,-22.3472,149.5242,1368
2009-01,ASN00033247,-20.4925,148.555,3152
2009-01,ASN00033255,-20.3531,148.9508,3272
2009-01,ASN00033260,-23.16,150.96,1138
2009-01,ASN00033263,-20.4186,148.1108,2200
2009-01,ASN00033264,-20.0089,148.2044,4510
2009-01,ASN00033265,-20.2886,148.1175,3460
2009-01,ASN00033266,-20.2381,148.0311,2430
2009-01,ASN00033267,-20.2197,148.1217,3960
2009-01,ASN00033269,-20.3078,148.2181,2660
2009-01,ASN00033270,-20.525,148.2125,1590
2009-01,ASN00033277,-21.1789,148.8297,2540
2009-01,ASN00033280,-19.6333,147.1103,4450
2009-01,ASN00033285,-23.0883,150.11,820
2009-01,ASN00033286,-19.7586,147.2436,5440
2009-01,ASN00033287,-19.9717,147.2508,3810
2009-01,ASN00033288,-19.6433,147.3972,5350
2009-01,ASN00033289,-20.1425,147.5631,3570
2009-01,ASN00033290,-20.2897,147.9019,2630
2009-01,ASN00034094,-20.9994,146.4272,2610
2009-01,ASN00039338,-24.9822,152.0731,1426
2009-01,ASN00034097,-20.6467,147.1372,500
2009-01,ASN00035001,-23.5522,147.7461,1232
2009-01,ASN00035151,-25.2797,148.85,524
2009-01,ASN00035165,-24.0717,146.6139,372
2009-01,ASN00035172,-23.4542,149.2608,1280
2009-01,ASN00035182,-25.6753,149.6331,493
2009-01,ASN00035207,-24.2236,148.0958,422
2009-01,ASN00035211,-22.6217,147.6589,1414
2009-01,ASN00035221,-23.3039,148.1056,1140
2009-01,ASN00035225,-24.2897,148.1053,404
2009-01,ASN00035242,-25.8986,150.1297,446
2009-01,ASN00035135,-25.7583,149.4067,366
2009-01,ASN00035264,-23.5694,148.1756,1252
2009-01,ASN00035282,-25.6333,149.7833,400
2009-01,ASN00036004,-22.9717,145.245,736
2009-01,ASN00036006,-21.7117,144.3928,1902
2009-01,ASN00036007,-23.5544,145.2883,1094
2009-01,ASN00036011,-22.2067,145.0083,1912
2009-01,ASN00036023,-21.5119,144.6339,3436
2009-01,ASN00036026,-24.2591,144.4406,1509
2009-01,ASN00036028,-22.1769,144.0486,1372
2009-01,ASN00036031,-23.4372,144.2769,1340
2009-01,ASN00035274,-23.8467,148.1083,1296
2009-01,ASN00035132,-23.4292,148.9272,1340
2009-01,ASN00035131,-23.1331,148.5267,1934
2009-01,ASN00035117,-25.3864,149.7842,434
2009-01,ASN00035015,-25.4025,149.1044,744
2009-01,ASN00035016,-23.0856,148.0236,1357
2009-01,ASN00035026,-23.7139,149.6725,328
2009-01,ASN00035039,-26.3564,150.0464,326
2009-01,ASN00035049,-24.5608,145.7869,698
2009-01,ASN00035053,-23.1864,147.3539,962
2009-01,ASN00035063,-24.2111,148.7403,400
2009-01,ASN00035064,-24.4481,147.8986,544
2009-01,ASN00035065,-24.123,148.0856,770
2009-01,ASN00035068,-25.6103,148.9444,246
2009-01,ASN00035069,-24.8819,146.2564,573
2009-01,ASN00035070,-25.6408,149.7958,579
2009-01,ASN00035072,-24.8856,146.2781,630
2009-01,ASN00035073,-25.3167,146.0194,530
2009-01,ASN00035077,-24.9214,148.6006,494
2009-01,ASN00035079,-24.6217,147.4064,130
2009-01,ASN00035081,-26.2853,149.8283,400
2009-01,ASN00035088,-24.3339,147.9425,1371
2009-01,ASN00035090,-24.9588,148.3743,462
2009-01,ASN00035094,-22.4831,147.5172,1500
2009-01,ASN00035109,-22.8181,148.49,1142
2009-01,ASN00034100,-22.2411,148.43,1360
2009-01,ASN00033151,-19.5953,146.9342,10368
2009-01,ASN00039339,-25.1475,151.6286,1260
2009-01,ASN00039341,-25.5247,151.76,1204
2009-01,ASN00040793,-27.7633,152.8367,820
2009-01,ASN00040794,-27.6956,152.9333,750
2009-01,ASN00040801,-26.3878,152.6842,1210
2009-01,ASN00040808,-27.2641,152.1959,454
2009-01,ASN00040811,-26.0833,152.2167,760
2009-01,ASN00040814,-26.5256,152.7428,1280
2009-01,ASN00040816,-27.6658,152.6989,1070
2009-01,ASN00040823,-27.1381,152.3294,800
2009-01,ASN00040824,-26.1711,152.5994,1230
2009-01,ASN00040790,-27.5467,153.0717,500
2009-01,ASN00040825,-25.9,152.3497,1120
2009-01,ASN00040829,-27.5439,152.1133,400
2009-01,ASN00040830,-26.6278,152.7042,1540
2009-01,ASN00040832,-28.2033,152.77,1530
2009-01,ASN00040833,-25.7683,152.525,1200
2009-01,ASN00040836,-27.6272,152.7461,660
2009-01,ASN00040841,-28.1481,152.57,1570
2009-01,ASN00040842,-27.3917,153.1292,764
2009-01,ASN00040844,-28.135,153.1883,1110
2009-01,ASN00040845,-28.2006,153.1872,1140
2009-01,ASN00040827,-25.7167,151.8,670
2009-01,ASN00040846,-28.0017,153.3083,1890
2009-01,ASN00040786,-27.7456,152.9081,1080
2009-01,ASN00040784,-27.615,153.0444,600
2009-01,ASN00040659,-27.6956,152.9408,1510
2009-01,ASN00040671,-26.2839,151.1897,476
2009-01,ASN00040672,-27.5486,152.0236,740
2009-01,ASN00040677,-28.1752,152.6557,1378
2009-01,ASN00040686,-26.1842,152.8208,2014
2009-01,ASN00040688,-25.9575,152.4919,1028
2009-01,ASN00040693,-27.3786,152.8164,1038
2009-01,ASN00040695,-26.6842,152.9589,1272
2009-01,ASN00040708,-26.0336,151.0603,1700
2009-01,ASN00040785,-27.6017,152.9511,700
2009-01,ASN00040715,-27.6473,153.1718,902
2009-01,ASN00040722,-26.0942,151.4417,1504
2009-01,ASN00040738,-27.9114,153.1056,660
2009-01,ASN00040761,-27.7828,153.1889,1930
2009-01,ASN00040763,-27.395,152.6097,548
2009-01,ASN00040764,-27.939,153.4283,932
2009-01,ASN00040770,-27.5152,153.2492,684
2009-01,ASN00040777,-26.4572,152.6803,1450
2009-01,ASN00040778,-26.3583,152.6283,500
2009-01,ASN00040782,-26.3297,152.8136,1350
2009-01,ASN00040717,-28.1681,153.5053,1736
2009-01,ASN00040847,-28.0522,153.2817,290
2009-01,ASN00040848,-28.2083,153.27,2160
2009-01,ASN00040849,-27.9136,153.3657,1518
2009-01,ASN00040922,-26.5737,151.8398,654
2009-01,ASN00040924,-26.9028,152.7664,1483
2009-01,ASN00040928,-27.5639,152.8208,795
2009-01,ASN00040931,-28.2314,153.1356,1510
2009-01,ASN00040932,-28.2608,153.0917,1340
2009-01,ASN00040933,-28.27,153.0264,1250
2009-01,ASN00040935,-27.7864,153.0161,1130
2009-01,ASN00040936,-28.0614,153.0408,530
2009-01,ASN00040937,-27.9978,153.1575,1300
2009-01,ASN00040914,-27.4942,152.4972,838
2009-01,ASN00040938,-27.9108,153.1047,980
2009-01,ASN00040940,-27.8336,152.9878,1100
2009-01,ASN00040941,-28.0708,152.8558,960
2009-01,ASN00040942,-28.3222,152.7697,1190
2009-01,ASN00040943,-28.2453,152.8908,1290
2009-01,ASN00040944,-28.1692,152.9833,920
2009-01,ASN00040945,-28.0708,152.9272,1130
2009-01,ASN00040947,-28.1481,152.57,1710
2009-01,ASN00040948,-28.1461,152.7358,1470
2009-01,ASN00022049,-35.2795,136.9392,6
2009-01,ASN00040939,-27.9681,152.9861,1000
2009-01,ASN00040913,-27.4808,153.0389,774
2009-01,ASN00040912,-27.7597,152.47,1230
2009-01,ASN00040908,-26.3911,153.0403,1922
2009-01,ASN00040854,-27.6839,153.1947,870
2009-01,ASN00040856,-25.9007,153.0891,1463
2009-01,ASN00040861,-26.6006,153.0903,1208
2009-01,ASN00040865,-28.0936,152.7158,408
2009-01,ASN00040867,-27.9406,152.6236,1812
2009-01,ASN00040868,-25.7417,152.2353,1140
2009-01,ASN00040876,-28.2372,152.4867,1750
2009-01,ASN00040878,-27.6947,153.1364,730
2009-01,ASN00040881,-27.9561,153.4233,970
2009-01,ASN00040882,-28.1653,153.2161,1420
2009-01,ASN00040889,-26.4472,152.4869,1068
2009-01,ASN00040891,-25.6022,152.2603,1644
2009-01,ASN00040892,-25.9586,152.5753,1494
2009-01,ASN00040893,-26.0642,152.7728,1868
2009-01,ASN00040896,-25.6517,152.6633,770
2009-01,ASN00040902,-25.4969,152.3836,1500
2009-01,ASN00040903,-25.2386,152.5319,2170
2009-01,ASN00040904,-25.2756,152.5089,2320
2009-01,ASN00040905,-25.2928,152.4097,1240
2009-01,ASN00040906,-25.4019,152.5317,1320
2009-01,ASN00040907,-25.3289,152.5619,2480
2009-01,ASN00040635,-26.8369,152.4914,910
2009-01,ASN00040609,-28.1178,153.4457,1929
2009-01,ASN00040607,-28.2031,153.2719,2624
2009-01,ASN00040550,-28.2452,153.2369,2138
2009-01,ASN00040123,-26.6225,152.8656,1434
2009-01,ASN00040126,-25.5161,152.7156,1646
2009-01,ASN00040140,-27.1492,152.5781,698
2009-01,ASN00040141,-27.6163,153.2039,518
2009-01,ASN00040144,-25.7411,152.2364,1176
2009-01,ASN00040145,-27.0625,152.7789,1472
2009-01,ASN00040151,-25.605,152.5892,1492
2009-01,ASN00040162,-28.1634,153.2126,736
2009-01,ASN00040167,-28.326,152.7696,1264
2009-01,ASN00040120,-27.4617,152.5747,734
2009-01,ASN00040169,-26.8425,152.8819,1173
2009-01,ASN00040177,-26.1639,151.6014,1190
2009-01,ASN00040184,-27.6322,152.5944,893
2009-01,ASN00040189,-27.1147,152.555,1005
2009-01,ASN00040196,-28.14,153.4293,2238
2009-01,ASN00040197,-27.9695,153.1952,1684
2009-01,ASN00040199,-26.7433,151.8439,1250
2009-01,ASN00040206,-26.325,152.7869,1012
2009-01,ASN00040209,-27.4361,153.5456,1398
2009-01,ASN00040211,-27.5717,153.0078,374
2009-01,ASN00040170,-27.3042,152.0542,122
2009-01,ASN00040118,-26.6234,152.684,759
2009-01,ASN00040106,-26.5956,152.7281,1029
2009-01,ASN00040104,-27.949,152.6235,2017
2009-01,ASN00039343,-25.5378,151.32,1564
2009-01,ASN00039346,-25.695,151.3325,1684
2009-01,ASN00040004,-27.6297,152.7111,738
2009-01,ASN00040020,-26.8848,152.1006,798
2009-01,ASN00040026,-25.5997,152.5925,1553
2009-01,ASN00040028,-25.6006,152.2614,1708
2009-01,ASN00040042,-28.0142,153.1664,1174
2009-01,ASN00040043,-27.0314,153.4661,402
2009-01,ASN00040051,-26.7297,152.7169,1690
2009-01,ASN00040056,-27.3914,152.5014,896
2009-01,ASN00040057,-26.1842,152.9136,1870
2009-01,ASN00040068,-25.9319,153.1906,918
2009-01,ASN00040071,-26.3828,151.1922,1210
2009-01,ASN00040075,-27.2397,152.4219,834
2009-01,ASN00040078,-26.4769,152.945,2684
2009-01,ASN00040079,-27.5831,152.3806,1151
2009-01,ASN00040082,-27.5436,152.3375,1006
2009-01,ASN00040083,-27.5428,152.2817,830
2009-01,ASN00040089,-26.0564,152.7889,2190
2009-01,ASN00040093,-26.1831,152.6414,1366
2009-01,ASN00040094,-27.8117,152.6675,908
2009-01,ASN00040223,-27.4178,153.1142,719
2009-01,ASN00039340,-25.62,151.59,1660
2009-01,ASN00040224,-27.4193,153.0024,838
2009-01,ASN00040246,-26.5539,151.4156,700
2009-01,ASN00040412,-25.2483,152.6636,1646
2009-01,ASN00040416,-28.0017,153.3083,1910
2009-01,ASN00040417,-28.0686,153.4241,938
2009-01,ASN00040424,-27.755,152.0814,1154
2009-01,ASN00040430,-25.2825,152.8994,1564
2009-01,ASN00040455,-25.85,151.3667,1402
2009-01,ASN00040458,-27.5314,153.1825,634
2009-01,ASN00040463,-27.5797,152.9875,470
2009-01,ASN00040469,-25.8694,152.3172,930
2009-01,ASN00040407,-28.0557,153.033,498
2009-01,ASN00040478,-25.5047,153.1289,1452
2009-01,ASN00040485,-28.249,152.5232,1706
2009-01,ASN00040490,-28.2086,152.5389,1234
2009-01,ASN00040493,-27.78,152.5346,1086
2009-01,ASN00040500,-26.6403,151.9431,1090
2009-01,ASN00040503,-27.6075,152.58,640
2009-01,ASN00040516,-27.8429,153.3502,1175
2009-01,ASN00040517,-27.1953,152.7539,874
2009-01,ASN00040534,-28.1629,153.2641,2210
2009-01,ASN00040537,-27.4973,153.4078,346
2009-01,ASN00040480,-27.2883,152.1239,634
2009-01,ASN00040405,-25.322,152.8817,1576
2009-01,ASN00040396,-26.7778,152.8033,1906
2009-01,ASN00040395,-27.7183,152.1211,1208
2009-01,ASN00040247,-26.8422,152.5803,760
2009-01,ASN00040255,-26.41,151.815,846
2009-01,ASN00040258,-26.8408,151.9806,362
2009-01,ASN00040259,-26.8933,151.8975,1007
2009-01,ASN00040269,-27.6374,153.3735,900
2009-01,ASN00040284,-26.9586,152.9619,1218
2009-01,ASN00040289,-27.1136,151.8517,1000
2009-01,ASN00040290,-28.1725,152.72,1658
2009-01,ASN00040301,-27.1882,151.9634,740
2009-01,ASN00040307,-26.9664,151.7086,932
2009-01,ASN00040312,-27.7354,152.9443,1366
2009-01,ASN00040320,-27.4174,153.1552,1739
2009-01,ASN00040334,-25.5097,152.0456,1552
2009-01,ASN00040335,-27.9694,153.2133,1680
2009-01,ASN00040341,-27.8794,153.2139,1560
2009-01,ASN00040343,-27.0397,152.8678,2216
2009-01,ASN00040345,-27.8064,153.2072,1350
2009-01,ASN00040385,-26.5539,151.6678,790
2009-01,ASN00040388,-27.6342,152.2206,986
2009-01,ASN00040390,-25.65,152.6647,1324
2009-01,ASN00040394,-28.2321,152.7829,1312
2009-01,ASN00040231,-27.4565,153.18,578
2009-01,ASN00033119,-21.1172,149.2169,2764
2009-01,ASN00040946,-28.2153,152.8681,1490
2009-01,ASN00033106,-20.3658,148.9536,3100
2009-01,ASN00024008,-34.2579,140.6478,0
2009-01,ASN00024010,-34.2918,140.3632,6
2009-01,ASN00024013,-34.4442,140.4958,8
2009-01,ASN00024024,-34.439,140.5978,2
2009-01,ASN00024025,-34.2717,140.5964,0
2009-01,ASN00024029,-34.2159,140.186,34
2009-01,ASN00024031,-34.17,139.817,22
2009-01,ASN00024048,-34.1983,140.6766,0
2009-01,ASN00024501,-34.0954,139.1543,54
2009-01,ASN00024003,-34.1658,140.7541,0
2009-01,ASN00024502,-34.6923,139.4396,0
2009-01,ASN00024508,-35.125,139.0433,2
2009-01,ASN00024509,-34.3515,139.1289,0
2009-01,ASN00024511,-34.1754,139.0847,0
2009-01,ASN00024515,-35.2959,139.0328,4
2009-01,ASN00024518,-35.6902,139.3375,10
2009-01,ASN00024519,-35.4068,138.9701,4
2009-01,ASN00024521,-35.1234,139.2592,5
2009-01,ASN00024525,-34.853,139.1607,0
2009-01,ASN00024528,-33.9888,139.08,56
2009-01,ASN00024504,-34.1233,139.3509,36
2009-01,ASN00024531,-34.5719,139.2961,52
2009-01,ASN00024001,-34.2591,140.4708,0
2009-01,ASN00023897,-35.3159,138.6218,10
2009-01,ASN00023865,-34.8944,138.8099,8
2009-01,ASN00023866,-35.0068,138.8033,12
2009-01,ASN00023867,-34.9342,138.7467,8
2009-01,ASN00023871,-35.3175,138.4636,0
2009-01,ASN00023873,-34.9913,138.6937,10
2009-01,ASN00023875,-35.5695,138.2864,24
2009-01,ASN00023876,-35.2276,138.5366,4
2009-01,ASN00023877,-34.7863,138.8651,2
2009-01,ASN00023878,-34.7253,138.9273,0
2009-01,ASN00023905,-34.9695,138.741,6
2009-01,ASN00023879,-34.8476,138.8751,8
2009-01,ASN00023881,-34.7742,139.0062,4
2009-01,ASN00023882,-34.8713,138.9058,2
2009-01,ASN00023885,-35.1586,138.5057,4
2009-01,ASN00023887,-35.1712,138.6783,10
2009-01,ASN00023890,-35.0012,138.62,12
2009-01,ASN00023891,-34.9847,138.7404,30
2009-01,ASN00023892,-34.8856,138.7562,0
2009-01,ASN00023894,-35.5194,138.8177,2
2009-01,ASN00023896,-34.8757,138.7103,0
2009-01,ASN00023880,-34.7595,138.9341,6
2009-01,ASN00024536,-35.2546,139.4542,5
2009-01,ASN00024537,-35.619,139.4378,8
2009-01,ASN00024551,-35.1093,139.0806,18
2009-01,ASN00025051,-34.5876,140.0791,0
2009-01,ASN00025502,-35.379,139.5617,8
2009-01,ASN00025504,-35.6984,139.8633,8
2009-01,ASN00025506,-35.38,140.1588,14
2009-01,ASN00025507,-36.098,140.3556,2
2009-01,ASN00025512,-35.3805,140.2519,10
2009-01,ASN00025513,-35.3627,139.9503,2
2009-01,ASN00025514,-35.8806,140.0594,0
2009-01,ASN00025519,-36.3654,140.9096,8
2009-01,ASN00025050,-34.6345,140.2432,0
2009-01,ASN00025523,-35.8597,139.5599,2
2009-01,ASN00025558,-35.4696,139.9461,3
2009-01,ASN00025560,-36.3098,140.74,2
2009-01,ASN00025561,-36.3994,140.8424,6
2009-01,ASN00025562,-35.3778,140.5378,0
2009-01,ASN00026000,-37.4861,140.0115,46
2009-01,ASN00026007,-36.7124,140.9552,20
2009-01,ASN00026016,-36.9731,140.3664,10
2009-01,ASN00026017,-36.501,140.3835,18
2009-01,ASN00026018,-37.5872,140.3426,86
2009-01,ASN00025557,-36.1058,140.3273,2
2009-01,ASN00025046,-35.0662,140.856,0
2009-01,ASN00025042,-35.244,139.8261,0
2009-01,ASN00025039,-35.0393,139.9844,0
2009-01,ASN00024554,-35.1978,139.5871,8
2009-01,ASN00024555,-34.2571,139.0923,0
2009-01,ASN00024564,-34.3515,139.6153,94
2009-01,ASN00024572,-35.2828,139.2031,6
2009-01,ASN00024573,-34.4085,139.1274,0
2009-01,ASN00024575,-34.5444,139.193,0
2009-01,ASN00024576,-35.348,138.9771,6
2009-01,ASN00024577,-35.7344,139.2675,8
2009-01,ASN00024578,-34.0647,139.6605,0
2009-01,ASN00024579,-34.8788,138.974,2
2009-01,ASN00024580,-35.2836,138.8934,10
2009-01,ASN00024582,-35.1016,139.1426,3
2009-01,ASN00024584,-35.065,139.2273,0
2009-01,ASN00025000,-34.7314,140.5036,0
2009-01,ASN00025002,-34.8276,139.6673,0
2009-01,ASN00025006,-35.09,139.8972,20
2009-01,ASN00025013,-35.2977,140.6667,0
2009-01,ASN00025014,-34.7169,140.7352,0
2009-01,ASN00025015,-35.268,140.9075,0
2009-01,ASN00025018,-34.7884,140.5003,0
2009-01,ASN00025036,-35.1524,140.288,10
2009-01,ASN00023860,-34.9499,138.6866,2
2009-01,ASN00023858,-34.763,138.7765,2
2009-01,ASN00023846,-35.0028,138.6635,10
2009-01,ASN00023839,-35.0216,138.6097,6
2009-01,ASN00023096,-34.8564,138.6844,4
2009-01,ASN00023101,-34.8925,138.6422,0
2009-01,ASN00023105,-34.9808,138.621,6
2009-01,ASN00023107,-34.601,138.7359,4
2009-01,ASN00023108,-35.0495,138.7259,16
2009-01,ASN00023114,-34.9542,138.6586,0
2009-01,ASN00023115,-34.9473,138.5827,4
2009-01,ASN00023122,-34.5106,138.6763,6
2009-01,ASN00023128,-34.2015,138.597,0
2009-01,ASN00023087,-34.5371,138.6049,12
2009-01,ASN00023129,-34.4611,138.5581,2
2009-01,ASN00023306,-34.1697,138.8095,0
2009-01,ASN00023307,-34.3412,138.9155,0
2009-01,ASN00023314,-34.158,138.7483,12
2009-01,ASN00023318,-34.5169,138.9598,13
2009-01,ASN00023319,-34.2778,138.7725,0
2009-01,ASN00023348,-34.5103,138.835,14
2009-01,ASN00023349,-34.0936,138.7952,0
2009-01,ASN00023355,-34.207,138.7886,0
2009-01,ASN00023357,-34.4709,138.9991,8
2009-01,ASN00023305,-34.4577,138.9277,0
2009-01,ASN00023085,-34.9222,138.6805,10
2009-01,ASN00023083,-34.7111,138.6222,2
2009-01,ASN00023076,-34.432,138.2587,15
2009-01,ASN00033111,-22.8131,149.89,792
2009-01,ASN00022055,-34.6492,137.7272,2
2009-01,ASN00022803,-35.8426,138.1327,2
2009-01,ASN00022811,-35.5989,137.4386,2
2009-01,ASN00022815,-35.7255,137.2591,24
2009-01,ASN00022823,-35.7549,136.5959,22
2009-01,ASN00022831,-35.7501,137.7217,10
2009-01,ASN00022835,-35.734,137.1212,32
2009-01,ASN00022836,-35.8096,137.792,16
2009-01,ASN00022839,-35.9609,137.091,44
2009-01,ASN00022841,-35.7114,137.5231,30
2009-01,ASN00023005,-34.9464,138.6519,4
2009-01,ASN00023011,-34.9167,138.5956,0
2009-01,ASN00023013,-34.7977,138.6281,4
2009-01,ASN00023023,-34.7674,138.6434,0
2009-01,ASN00023024,-34.8978,138.5092,0
2009-01,ASN00023031,-34.9697,138.6331,0
2009-01,ASN00023034,-34.9524,138.5204,0
2009-01,ASN00023042,-34.9387,138.6607,4
2009-01,ASN00023043,-34.7607,138.6311,0
2009-01,ASN00023055,-34.9552,138.5356,4
2009-01,ASN00023369,-34.4557,138.9222,4
2009-01,ASN00026020,-37.8333,140.7833,43
2009-01,ASN00023370,-34.3143,138.7293,0
2009-01,ASN00023373,-34.4761,139.0056,10
2009-01,ASN00023747,-35.256,138.8901,14
2009-01,ASN00023750,-34.9563,138.7443,12
2009-01,ASN00023752,-34.6717,138.8885,0
2009-01,ASN00023753,-35.2705,138.5591,0
2009-01,ASN00023754,-35.458,138.35,0
2009-01,ASN00023756,-34.6603,138.9262,6
2009-01,ASN00023758,-34.7398,138.8715,2
2009-01,ASN00023786,-34.8269,139.0086,10
2009-01,ASN00023787,-35.0247,138.8578,10
2009-01,ASN00023742,-35.5299,138.6896,8
2009-01,ASN00023788,-34.9838,138.7179,17
2009-01,ASN00023801,-34.9482,138.8071,12
2009-01,ASN00023803,-34.9423,138.727,4
2009-01,ASN00023804,-35.5544,138.5997,12
2009-01,ASN00023806,-34.8067,138.7552,0
2009-01,ASN00023810,-34.971,138.7042,6
2009-01,ASN00023817,-35.0221,138.7344,26
2009-01,ASN00023820,-34.6805,138.8561,4
2009-01,ASN00023822,-35.1802,139.0239,8
2009-01,ASN00023825,-35.5288,138.8067,0
2009-01,ASN00023799,-35.2183,138.7342,12
2009-01,ASN00023741,-35.4519,138.3227,18
2009-01,ASN00023739,-35.0369,138.913,2
2009-01,ASN00023738,-35.39,138.4652,4
2009-01,ASN00023374,-34.2523,139.0183,0
2009-01,ASN00023704,-35.0077,138.6498,14
2009-01,ASN00023705,-34.8148,138.9474,0
2009-01,ASN00023707,-35.0102,138.7602,23
2009-01,ASN00023709,-35.0611,138.6585,18
2009-01,ASN00023710,-35.1087,138.6256,158
2009-01,ASN00023714,-35.3736,138.806,6
2009-01,ASN00023718,-35.4987,138.7638,0
2009-01,ASN00023719,-34.8237,138.8859,0
2009-01,ASN00023720,-35.0303,138.8148,10
2009-01,ASN00023721,-35.0608,138.5647,2
2009-01,ASN00023722,-34.9303,139.014,10
2009-01,ASN00023723,-35.4935,138.4575,4
2009-01,ASN00023725,-34.5569,139.1338,0
2009-01,ASN00023726,-34.9044,138.8742,0
2009-01,ASN00023727,-35.0484,138.7354,8
2009-01,ASN00023731,-34.8331,138.8215,10
2009-01,ASN00023732,-35.1351,138.5274,0
2009-01,ASN00023733,-35.0639,138.8509,4
2009-01,ASN00023734,-35.1213,138.6769,6
2009-01,ASN00023735,-35.3497,138.6223,4
2009-01,ASN00023372,-34.4534,139.0638,12
2009-01,ASN00026021,-37.7473,140.7739,54
2009-01,ASN00022056,-34.402,137.7185,8
2009-01,ASN00026026,-37.1628,139.756,52
2009-01,ASN00031209,-15.4461,145.1861,4192
2009-01,ASN00031210,-17.0672,145.4283,3604
2009-01,ASN00031213,-14.9672,145.3106,2234
2009-01,ASN00032001,-18.8828,146.17,11646
2009-01,ASN00032002,-18.5742,146.2225,9165
2009-01,ASN00032004,-18.2553,146.0197,10999
2009-01,ASN00032009,-17.835,146.0986,10596
2009-01,ASN00032019,-17.7214,145.9222,10938
2009-01,ASN00032020,-17.5556,145.9556,10650
2009-01,ASN00031205,-16.9794,145.6747,8100
2009-01,ASN00032023,-18.5819,146.2839,10330
2009-01,ASN00032032,-18.5872,146.2508,10951
2009-01,ASN00032033,-17.4608,145.8822,9564
2009-01,ASN00032037,-17.6053,145.9972,6438
2009-01,ASN00032040,-19.2483,146.7661,6538
2009-01,ASN00032042,-17.9364,145.9253,13826
2009-01,ASN00032043,-18.7218,145.9237,8486
2009-01,ASN00032045,-18.6508,146.2047,8527
2009-01,ASN00032050,-19.2033,146.6131,6683
2009-01,ASN00032064,-19.0074,146.2057,13095
2009-01,ASN00032031,-18.5406,146.3356,9730
2009-01,ASN00031200,-17.5908,145.5294,4000
2009-01,ASN00031198,-17.3769,145.3803,2350
2009-01,ASN00031197,-18.0394,144.8856,5270
2009-01,ASN00031108,-17.1347,145.4281,3452
2009-01,ASN00031119,-17.6758,145.2783,3332
2009-01,ASN00031125,-17.3439,145.5028,3596
2009-01,ASN00031131,-17.3394,144.6797,7202
2009-01,ASN00031140,-17.27,145.8997,9240
2009-01,ASN00031141,-17.2639,145.8536,7430
2009-01,ASN00031147,-14.6683,145.4467,1980
2009-01,ASN00031158,-18.2531,145.1269,3675
2009-01,ASN00031168,-17.5875,145.6,6488
2009-01,ASN00031180,-16.5319,145.1325,4014
2009-01,ASN00031181,-17.545,145.7156,8620
2009-01,ASN00031182,-17.5875,145.5997,6180
2009-01,ASN00031183,-17.3594,145.5922,3360
2009-01,ASN00031184,-17.4442,145.5094,3220
2009-01,ASN00031185,-17.5175,145.6089,5730
2009-01,ASN00031186,-17.6803,145.6603,7290
2009-01,ASN00031187,-17.4694,145.7311,7740
2009-01,ASN00031188,-17.0039,145.4281,3330
2009-01,ASN00031189,-16.6583,145.5672,3866
2009-01,ASN00031191,-18.1494,145.4803,2330
2009-01,ASN00031196,-17.7047,145.1461,2740
2009-01,ASN00032078,-18.6494,146.1769,10530
2009-01,ASN00031104,-17.1644,145.8783,11540
2009-01,ASN00032094,-18.6156,146.1811,10420
2009-01,ASN00032101,-18.9558,146.2886,11724
2009-01,ASN00033008,-22.8461,150.6475,2320
2009-01,ASN00033013,-20.5534,147.8464,2718
2009-01,ASN00033032,-19.6667,147.4147,3662
2009-01,ASN00033038,-21.6256,149.2367,2978
2009-01,ASN00033041,-20.5392,148.6572,4946
2009-01,ASN00033045,-21.1706,149.1794,2096
2009-01,ASN00033051,-19.8789,146.6319,3575
2009-01,ASN00033053,-21.0011,148.9364,4360
2009-01,ASN00033059,-21.4267,149.2164,3022
2009-01,ASN00033002,-19.6169,147.3758,5940
2009-01,ASN00033060,-21.1422,149.0381,3100
2009-01,ASN00033065,-22.3458,149.5356,1083
2009-01,ASN00033068,-21.1631,148.87,2783
2009-01,ASN00033073,-19.8314,147.13,3705
2009-01,ASN00033076,-23.1333,150.3669,1150
2009-01,ASN00033077,-23.0967,150.7342,2042
2009-01,ASN00033080,-21.0003,148.7375,3890
2009-01,ASN00033095,-21.8031,149.3569,2574
2009-01,ASN00026025,-37.3803,140.8379,14
2009-01,ASN00033096,-20.2081,148.13,4196
2009-01,ASN00033062,-20.0997,146.8892,2187
2009-01,ASN00033001,-19.5775,147.4075,3228
2009-01,ASN00032186,-18.8478,145.9067,8430
2009-01,ASN00032185,-18.5789,146.2803,10520
2009-01,ASN00032109,-18.1069,145.8053,8440
2009-01,ASN00032117,-18.6867,146.2969,9256
2009-01,ASN00032152,-17.5475,145.9292,9590
2009-01,ASN00032155,-17.6094,145.9786,9880
2009-01,ASN00032160,-17.6089,145.9792,10130
2009-01,ASN00032161,-17.5967,145.9014,9940
2009-01,ASN00032162,-17.615,145.8011,8920
2009-01,ASN00032163,-17.5236,146.0325,11150
2009-01,ASN00032164,-17.6808,145.8878,10900
2009-01,ASN00032165,-17.5308,145.8464,9200
2009-01,ASN00032166,-17.5456,145.9325,9630
2009-01,ASN00032167,-17.9919,145.9425,11460
2009-01,ASN00032169,-18.1919,145.3325,2700
2009-01,ASN00032170,-18.4125,145.7722,7720
2009-01,ASN00032171,-18.6347,146.1444,10920
2009-01,ASN00032172,-18.4606,145.7383,8540
2009-01,ASN00032173,-18.6797,145.9961,6450
2009-01,ASN00032174,-18.4889,145.9364,7960
2009-01,ASN00032176,-18.1439,145.61,4210
2009-01,ASN00032183,-18.7497,146.115,9060
2009-01,ASN00032184,-18.4506,145.8294,8350
2009-01,ASN00032098,-19.0506,146.4058,9779
2009-01,ASN00031075,-17.1694,145.5481,4542
2009-01,ASN00022054,-34.5552,137.8581,8
2009-01,ASN00031062,-16.3906,145.3511,11066
2009-01,ASN00027063,-13.4381,142.9417,3946
2009-01,ASN00027064,-13.1325,142.7872,3050
2009-01,ASN00027072,-12.0933,142.5589,4453
2009-01,ASN00027073,-13.7606,143.1183,3470
2009-01,ASN00027075,-12.6167,142.0869,6990
2009-01,ASN00028000,-15.5581,144.4453,4622
2009-01,ASN00028004,-16.0008,144.0758,6324
2009-01,ASN00028008,-12.785,143.3047,3198
2009-01,ASN00028013,-16.2217,144.7081,3990
2009-01,ASN00027061,-14.5181,142.0389,4976
2009-01,ASN00028023,-14.9258,144.1994,762
2009-01,ASN00028035,-14.7117,143.7303,2367
2009-01,ASN00029000,-18.2952,139.2828,5530
2009-01,ASN00029001,-18.5447,139.8706,3160
2009-01,ASN00029004,-17.7425,139.5475,8036
2009-01,ASN00029008,-20.7089,140.5192,5454
2009-01,ASN00029012,-18.2044,142.2447,6519
2009-01,ASN00029013,-18.7139,140.5472,7158
2009-01,ASN00029030,-20.4247,141.4047,5844
2009-01,ASN00029032,-19.0067,139.8961,5606
2009-01,ASN00028031,-14.7317,143.5864,2940
2009-01,ASN00027058,-10.5844,142.29,3224
2009-01,ASN00027054,-10.0511,143.0686,2202
2009-01,ASN00027045,-12.6778,141.9208,7170
2009-01,ASN00031069,-17.6697,145.2414,3342
2009-01,ASN00026062,-36.9229,140.5809,25
2009-01,ASN00026067,-37.9594,140.7703,104
2009-01,ASN00026086,-37.3797,140.3294,36
2009-01,ASN00026091,-37.2906,140.8254,12
2009-01,ASN00026095,-36.9655,139.7164,14
2009-01,ASN00026098,-37.5422,140.8137,49
2009-01,ASN00026099,-36.9813,140.727,22
2009-01,ASN00026100,-36.6539,140.5212,16
2009-01,ASN00026101,-37.4003,140.3351,30
2009-01,ASN00026103,-37.134,140.7273,36
2009-01,ASN00026104,-36.8465,140.5592,18
2009-01,ASN00026105,-37.1776,139.8054,30
2009-01,ASN00026107,-36.437,140.3356,0
2009-01,ASN00026109,-37.3818,139.9454,28
2009-01,ASN00026110,-36.7746,140.0222,10
2009-01,ASN00027000,-13.3539,141.7208,9258
2009-01,ASN00027015,-12.4536,142.6389,3490
2009-01,ASN00027038,-16.4231,143.1456,6462
2009-01,ASN00027042,-12.6267,141.8836,7112
2009-01,ASN00027044,-13.0658,142.4511,5194
2009-01,ASN00029037,-17.3297,141.8797,7439
2009-01,ASN00029038,-15.4818,141.7483,3052
2009-01,ASN00026058,-36.6064,140.7118,10
2009-01,ASN00029058,-20.6672,141.7214,5726
2009-01,ASN00030103,-18.2225,143.9697,3104
2009-01,ASN00030115,-19.055,144.9594,4389
2009-01,ASN00030124,-18.3039,143.5306,7720
2009-01,ASN00030127,-20.9942,144.6433,1990
2009-01,ASN00030137,-19.6347,145.7886,5594
2009-01,ASN00030149,-21.0442,144.0992,3062
2009-01,ASN00030158,-18.4564,143.2986,6082
2009-01,ASN00031046,-17.677,145.115,3093
2009-01,ASN00031004,-17.3436,145.9217,12072
2009-01,ASN00030088,-19.3769,144.1156,7483
2009-01,ASN00031010,-16.9333,145.7833,9243
2009-01,ASN00031012,-16.0969,145.4575,12840
2009-01,ASN00031024,-17.535,145.4822,2525
2009-01,ASN00031032,-17.4311,145.2028,2992
2009-01,ASN00031036,-16.8178,145.6383,8370
2009-01,ASN00031037,-16.3842,145.5592,10843
2009-01,ASN00031040,-17.0692,145.7742,4668
2009-01,ASN00031051,-17.3442,144.9306,5646
2009-01,ASN00031044,-16.4569,145.3775,10930
2009-01,ASN00029047,-19.6242,138.6386,4790
2009-01,ASN00031011,-16.8736,145.7458,8680
2009-01,ASN00030082,-19.7037,144.3775,6238
2009-01,ASN00030161,-20.7017,143.1167,3246
2009-01,ASN00030022,-20.8192,144.2333,2828
2009-01,ASN00029061,-18.9511,138.0531,5778
2009-01,ASN00029063,-17.6872,141.0733,7878
2009-01,ASN00030072,-20.0969,144.9875,3570
2009-01,ASN00029065,-18.7881,139.7119,6562
2009-01,ASN00029069,-17.3383,138.2508,4688
2009-01,ASN00029077,-17.7483,139.5356,7764
2009-01,ASN00029092,-19.8392,140.9336,8460
2009-01,ASN00029126,-20.7361,139.4817,4842
2009-01,ASN00029127,-20.6778,139.4875,5352
2009-01,ASN00029129,-21.215,140.2333,6106
2009-01,ASN00029121,-20.5958,139.6939,5710
2009-01,ASN00029132,-20.6556,142.1006,6070
2009-01,ASN00030019,-19.2647,143.6741,6076
2009-01,ASN00029167,-18.7569,138.7056,6514
2009-01,ASN00029131,-20.02,139.8433,11753
2009-01,ASN00029154,-18.4306,141.2686,9580
2009-01,ASN00029152,-18.7036,138.4839,5884
2009-01,ASN00029166,-18.9703,138.8033,5090
2009-01,ASN00029141,-20.6664,140.505,4538
2009-01,ASN00029139,-17.1142,139.5981,7218
2009-01,ASN00029136,-21.3661,140.4986,3914
2009-01,ASN00029150,-20.8422,141.4292,3432
2009-02,ASN00061216,-33.4176,151.159,2084
2009-02,ASN00061287,-32.1852,150.1737,550
2009-02,ASN00061217,-33.2904,150.9708,1628
2009-02,ASN00061220,-33.2381,151.3003,1340
2009-02,ASN00061226,-32.936,151.1393,1284
2009-02,ASN00061250,-32.6296,151.5919,2711
2009-02,ASN00061260,-32.7886,151.3377,2236
2009-02,ASN00061288,-32.3322,151.4595,2862
2009-02,ASN00061346,-31.8626,151.4398,1790
2009-02,ASN00061295,-32.8108,151.3396,2026
2009-02,ASN00061306,-31.8988,150.658,2064
2009-02,ASN00061309,-32.6881,150.9728,1916
2009-02,ASN00061327,-32.8248,151.2613,1720
2009-02,ASN00061329,-32.8323,151.3085,1632
2009-02,ASN00061334,-33.0488,150.2325,812
2009-02,ASN00061336,-33.1556,150.6847,1300
2009-02,ASN00061339,-32.5584,151.8043,3028
2009-02,ASN00061349,-32.5667,151.6083,2515
2009-02,ASN00061294,-33.4666,151.4126,2354
2009-02,ASN00061211,-33.3588,150.7058,2739
2009-02,ASN00061092,-32.5932,151.3335,666
2009-02,ASN00061201,-33.0259,151.1882,1170
2009-02,ASN00061071,-32.4027,151.9664,2782
2009-02,ASN00061078,-32.7932,151.8359,2298
2009-02,ASN00061350,-32.1714,151.5942,3410
2009-02,ASN00061093,-33.3653,151.3264,2190
2009-02,ASN00061095,-32.1939,151.0932,1648
2009-02,ASN00061096,-32.5997,151.618,2905
2009-02,ASN00061097,-31.9201,151.2355,1094
2009-02,ASN00061100,-32.7667,151.0872,1144
2009-02,ASN00061106,-32.3564,151.8059,2444
2009-02,ASN00061110,-32.8736,150.7936,1430
2009-02,ASN00061119,-33.385,150.9856,1900
2009-02,ASN00061130,-32.5113,150.7968,1052
2009-02,ASN00061135,-32.1018,151.2333,1865
2009-02,ASN00061143,-32.654,151.021,1980
2009-02,ASN00061151,-32.2426,151.683,3772
2009-02,ASN00061152,-32.9995,151.2908,1250
2009-02,ASN00061162,-32.8446,150.8398,1546
2009-02,ASN00061170,-32.2809,151.7948,3736
2009-02,ASN00061191,-32.6126,150.9761,2122
2009-02,ASN00061192,-32.2092,150.7365,1568
2009-02,ASN00061196,-31.7069,151.2131,1412
2009-02,ASN00061205,-33.0297,151.1401,1214
2009-02,ASN00061360,-32.05,150.8528,1225
2009-02,ASN00062032,-32.3592,149.9484,736
2009-02,ASN00061366,-33.2815,151.5766,1408
2009-02,ASN00062101,-32.5628,149.6149,418
2009-02,ASN00062102,-32.5204,150.0817,861
2009-02,ASN00063005,-33.4289,149.5559,746
2009-02,ASN00063013,-33.5366,150.4413,3496
2009-02,ASN00063028,-33.6929,150.5291,2108
2009-02,ASN00063029,-33.744,149.1046,586
2009-02,ASN00063035,-33.0362,149.4146,706
2009-02,ASN00063036,-33.8199,150.0227,660
2009-02,ASN00063039,-33.7122,150.3087,3212
2009-02,ASN00062100,-32.7244,150.229,1700
2009-02,ASN00063043,-33.5343,150.6338,706
2009-02,ASN00063061,-33.8222,149.3244,616
2009-02,ASN00063063,-33.6774,149.8374,841
2009-02,ASN00063073,-33.6896,149.5633,686
2009-02,ASN00063076,-33.0807,149.6901,714
2009-02,ASN00063081,-33.6956,150.5408,2200
2009-02,ASN00063093,-34.3093,149.9677,870
2009-02,ASN00063113,-33.5497,148.91,334
2009-02,ASN00063114,-33.3439,149.1617,480
2009-02,ASN00063117,-33.6739,149.0471,510
2009-02,ASN00063049,-33.6094,150.0856,1216
2009-02,ASN00061363,-32.0335,150.8264,1524
2009-02,ASN00062099,-32.8366,148.9963,585
2009-02,ASN00062089,-32.8936,149.3808,312
2009-02,ASN00061372,-31.8017,150.925,1298
2009-02,ASN00061373,-31.9583,150.8567,188
2009-02,ASN00061374,-32.2199,150.9193,620
2009-02,ASN00061375,-33.2894,151.2107,2064
2009-02,ASN00061376,-33.0759,151.5382,1642
2009-02,ASN00061377,-33.0933,151.6317,1178
2009-02,ASN00061381,-33.4036,151.3928,2170
2009-02,ASN00061382,-33.1681,151.2181,1410
2009-02,ASN00061383,-33.2528,151.3164,1390
2009-02,ASN00062093,-32.7236,149.7702,928
2009-02,ASN00061385,-33.0789,151.3403,1810
2009-02,ASN00061392,-31.7416,150.7937,1418
2009-02,ASN00061394,-33.2177,151.1251,1703
2009-02,ASN00061405,-32.6753,151.6219,2970
2009-02,ASN00061406,-33.0831,151.6511,60
2009-02,ASN00062003,-32.6657,149.1016,466
2009-02,ASN00062009,-31.9963,149.9856,946
2009-02,ASN00062013,-32.3634,149.5329,449
2009-02,ASN00062021,-32.5956,149.5956,512
2009-02,ASN00062075,-32.4753,149.5151,392
2009-02,ASN00061387,-33.245,151.5119,1466
2009-02,ASN00061055,-32.9185,151.7985,1678
2009-02,ASN00060106,-31.6647,152.0637,2318
2009-02,ASN00061041,-33.0955,151.5506,1284
2009-02,ASN00058193,-28.3538,153.293,1380
2009-02,ASN00058194,-28.3811,152.7174,552
2009-02,ASN00058198,-28.8353,153.5585,1490
2009-02,ASN00058199,-28.7364,153.1634,1482
2009-02,ASN00058201,-28.7967,153.2386,1350
2009-02,ASN00058202,-28.7406,153.075,1270
2009-02,ASN00058204,-28.3217,153.3467,2240
2009-02,ASN00058206,-28.7231,153.3614,2070
2009-02,ASN00058208,-28.8775,153.052,1692
2009-02,ASN00058186,-28.3283,153.4,2280
2009-02,ASN00058212,-29.183,153.3964,1898
2009-02,ASN00058216,-28.6399,153.6358,1538
2009-02,ASN00058220,-28.705,152.8414,1456
2009-02,ASN00058222,-29.7847,153.2639,2560
2009-02,ASN00059002,-30.65,152.8486,5940
2009-02,ASN00059006,-30.1619,153.0982,4624
2009-02,ASN00059007,-31.0711,152.7717,4494
2009-02,ASN00059009,-30.2358,153.0163,5745
2009-02,ASN00059019,-30.3641,152.4061,3050
2009-02,ASN00059030,-30.9225,153.087,5080
2009-02,ASN00058214,-28.8343,153.2616,1542
2009-02,ASN00058180,-28.6069,153.2083,2170
2009-02,ASN00058171,-28.9263,153.4178,1798
2009-02,ASN00058167,-28.4147,153.3339,2610
2009-02,ASN00058040,-28.5451,153.4948,3668
2009-02,ASN00058044,-28.5966,153.2233,2446
2009-02,ASN00058045,-29.9691,152.7265,1770
2009-02,ASN00058056,-28.2025,153.5502,3008
2009-02,ASN00058059,-29.6309,153.0286,1446
2009-02,ASN00058068,-29.4133,153.0153,978
2009-02,ASN00058070,-28.6384,153.4128,3570
2009-02,ASN00058077,-29.6224,152.9605,1734
2009-02,ASN00058079,-29.7619,153.1047,3352
2009-02,ASN00058080,-29.87,153.2653,3544
2009-02,ASN00058097,-29.1514,153.2792,1680
2009-02,ASN00058099,-29.2822,152.9888,2208
2009-02,ASN00058102,-29.737,152.7852,844
2009-02,ASN00058113,-28.4738,153.0861,1982
2009-02,ASN00058127,-28.7319,153.4065,1710
2009-02,ASN00058147,-28.6696,153.2789,2290
2009-02,ASN00058148,-28.5276,153.1519,2182
2009-02,ASN00058158,-28.3395,153.3809,2196
2009-02,ASN00058161,-29.7583,153.0297,2754
2009-02,ASN00058162,-28.7278,153.4622,1930
2009-02,ASN00058165,-28.6229,153.409,3378
2009-02,ASN00059040,-30.3107,153.1187,4474
2009-02,ASN00061054,-32.7103,152.1612,3342
2009-02,ASN00059047,-31.1802,152.9681,5716
2009-02,ASN00059107,-30.566,152.6528,4736
2009-02,ASN00060112,-32.0525,151.9147,3873
2009-02,ASN00060116,-31.4367,152.4633,3830
2009-02,ASN00060117,-31.8833,152.15,3090
2009-02,ASN00060121,-31.5667,152.2401,3432
2009-02,ASN00060122,-31.8922,152.2739,2694
2009-02,ASN00060128,-31.5833,151.3167,1360
2009-02,ASN00060130,-31.2936,152.3121,4043
2009-02,ASN00060137,-31.7683,151.8889,2182
2009-02,ASN00060139,-31.4336,152.8655,5812
2009-02,ASN00060104,-31.4138,151.598,0
2009-02,ASN00060141,-31.8896,152.512,3348
2009-02,ASN00060146,-31.9572,152.585,2862
2009-02,ASN00060147,-31.7361,152.3989,2
2009-02,ASN00060148,-32.1625,152.2614,3380
2009-02,ASN00061007,-32.0332,150.5836,694
2009-02,ASN00061010,-32.5879,151.7813,3194
2009-02,ASN00061012,-33.0853,151.4633,1866
2009-02,ASN00061014,-32.6385,151.4173,2696
2009-02,ASN00061017,-32.4022,151.7582,916
2009-02,ASN00061031,-32.7756,151.735,4094
2009-02,ASN00060144,-32.3796,152.5062,4056
2009-02,ASN00060099,-32.4436,152.1561,2970
2009-02,ASN00060096,-32.2583,152.1208,2750
2009-02,ASN00060095,-32.375,152.3808,3320
2009-02,ASN00059110,-30.6688,152.7638,1112
2009-02,ASN00063118,-33.5156,150.4892,2992
2009-02,ASN00059118,-30.2493,152.463,2852
2009-02,ASN00059122,-30.8217,152.5067,3600
2009-02,ASN00059124,-29.9806,152.7222,3105
2009-02,ASN00059128,-30.9783,152.5106,2220
2009-02,ASN00059138,-30.6639,152.6528,4710
2009-02,ASN00059139,-30.1014,153.0009,4482
2009-02,ASN00059140,-30.3442,152.7187,5656
2009-02,ASN00060002,-32.4129,152.2079,1718
2009-02,ASN00060015,-32.0063,151.9597,1804
2009-02,ASN00060017,-31.7004,152.5833,4390
2009-02,ASN00060024,-31.7816,152.6684,3100
2009-02,ASN00060031,-31.3364,152.7852,5978
2009-02,ASN00060036,-31.862,152.3444,3102
2009-02,ASN00060042,-32.1532,151.9511,3460
2009-02,ASN00060046,-31.6877,152.2688,3844
2009-02,ASN00060065,-32.2942,152.3047,3590
2009-02,ASN00060075,-31.95,151.7923,3656
2009-02,ASN00060085,-31.3865,152.2482,6824
2009-02,ASN00060090,-31.3422,152.341,4414
2009-02,ASN00059070,-30.4508,152.6231,4300
2009-02,ASN00059113,-30.3098,152.7636,4906
2009-02,ASN00065096,-33.2682,148.3945,340
2009-02,ASN00063132,-33.3808,150.0818,1156
2009-02,ASN00068247,-34.7679,150.562,1676
2009-02,ASN00068248,-34.6625,150.4333,1570
2009-02,ASN00068249,-34.9636,150.0967,430
2009-02,ASN00068252,-34.6708,150.8497,1238
2009-02,ASN00068255,-34.4875,150.4014,560
2009-02,ASN00069002,-36.6884,149.838,2
2009-02,ASN00069003,-36.6278,149.5705,458
2009-02,ASN00069010,-35.4489,149.799,306
2009-02,ASN00069013,-36.7677,149.6951,230
2009-02,ASN00068246,-34.5707,150.8383,1024
2009-02,ASN00069014,-36.3881,149.8882,690
2009-02,ASN00069017,-36.2519,150.2275,592
2009-02,ASN00069018,-35.9093,150.1532,704
2009-02,ASN00069019,-36.8402,149.5257,739
2009-02,ASN00069022,-36.2144,150.1358,844
2009-02,ASN00069023,-35.6488,150.1454,570
2009-02,ASN00069029,-37.3623,149.6984,324
2009-02,ASN00069033,-35.9017,149.9611,560
2009-02,ASN00069035,-35.7564,149.815,400
2009-02,ASN00069036,-36.0876,150.0508,790
2009-02,ASN00069015,-37.0557,149.9053,484
2009-02,ASN00069041,-35.2514,149.9158,60
2009-02,ASN00068245,-34.9528,150.7019,776
2009-02,ASN00068241,-34.5638,150.79,1104
2009-02,ASN00068080,-34.9158,150.7312,856
2009-02,ASN00068083,-34.9282,150.7484,854
2009-02,ASN00068088,-35.0938,150.6228,792
2009-02,ASN00068110,-34.4829,150.8555,1228
2009-02,ASN00068125,-34.0904,150.5052,814
2009-02,ASN00068151,-35.0936,150.8049,736
2009-02,ASN00068160,-34.0542,150.8772,1020
2009-02,ASN00068181,-34.7275,150.5208,1200
2009-02,ASN00068192,-34.0391,150.689,920
2009-02,ASN00068243,-34.5776,150.5118,1266
2009-02,ASN00068200,-34.2075,150.7095,684
2009-02,ASN00068213,-34.8667,150.605,900
2009-02,ASN00068215,-34.4167,150.1967,400
2009-02,ASN00068216,-34.1194,150.7402,590
2009-02,ASN00068217,-34.6866,150.5253,1190
2009-02,ASN00068224,-34.5858,150.6264,1400
2009-02,ASN00068228,-34.3691,150.9291,1144
2009-02,ASN00068229,-35.2439,150.5098,736
2009-02,ASN00068233,-34.8517,150.3883,810
2009-02,ASN00068239,-34.5253,150.4217,598
2009-02,ASN00068202,-34.6033,150.5487,1540
2009-02,ASN00069042,-35.7661,149.9416,646
2009-02,ASN00069048,-35.7581,149.8252,508
2009-02,ASN00069049,-35.1165,150.0847,459
2009-02,ASN00070032,-35.2274,148.9139,54
2009-02,ASN00070043,-34.7823,149.2681,62
2009-02,ASN00070045,-35.1548,149.057,70
2009-02,ASN00070054,-36.2009,149.0602,82
2009-02,ASN00070060,-35.1559,149.7725,340
2009-02,ASN00070061,-35.5646,149.7406,590
2009-02,ASN00070071,-34.6514,149.5024,334
2009-02,ASN00070077,-34.9031,149.67,228
2009-02,ASN00070080,-34.4048,149.8197,697
2009-02,ASN00070025,-34.4578,149.4693,320
2009-02,ASN00070084,-36.9325,148.9393,100
2009-02,ASN00070112,-34.7226,149.1816,196
2009-02,ASN00070117,-34.7169,149.1207,158
2009-02,ASN00070124,-34.3024,149.8767,1070
2009-02,ASN00070131,-34.545,149.6245,420
2009-02,ASN00070143,-34.6389,149.9541,374
2009-02,ASN00070144,-34.4084,149.8836,1008
2009-02,ASN00058036,-28.31,153.2228,2270
2009-02,ASN00070147,-34.5604,149.7381,540
2009-02,ASN00070161,-36.425,149.1139,178
2009-02,ASN00070106,-36.8439,149.3897,292
2009-02,ASN00070016,-35.5889,149.4478,322
2009-02,ASN00070005,-36.9113,149.2379,334
2009-02,ASN00069150,-35.3785,150.0032,970
2009-02,ASN00069050,-36.2967,149.843,660
2009-02,ASN00069054,-36.2967,149.51,290
2009-02,ASN00069062,-35.9446,149.5876,530
2009-02,ASN00069065,-36.5676,149.7511,494
2009-02,ASN00069066,-36.9296,149.646,304
2009-02,ASN00069068,-36.6036,149.9984,594
2009-02,ASN00069088,-36.1935,149.4735,703
2009-02,ASN00069114,-36.5404,149.8229,414
2009-02,ASN00069121,-35.4411,150.2857,1800
2009-02,ASN00069127,-35.6864,149.8386,592
2009-02,ASN00069132,-35.4253,149.7835,322
2009-02,ASN00069133,-36.6631,149.5139,444
2009-02,ASN00069134,-35.7234,150.1872,657
2009-02,ASN00069137,-37.2622,150.0504,150
2009-02,ASN00069138,-35.3635,150.4827,1194
2009-02,ASN00069139,-36.6722,149.8191,2
2009-02,ASN00069140,-36.4948,149.7434,332
2009-02,ASN00069142,-35.924,150.0362,600
2009-02,ASN00069145,-35.9775,149.8611,880
2009-02,ASN00069147,-36.9077,149.8989,460
2009-02,ASN00069148,-35.9004,150.1437,756
2009-02,ASN00068072,-34.9469,150.5353,754
2009-02,ASN00068044,-34.4474,150.4568,578
2009-02,ASN00068035,-34.6642,150.7586,1432
2009-02,ASN00068024,-34.2272,150.9111,2714
2009-02,ASN00064024,-31.5622,148.9547,546
2009-02,ASN00064025,-31.8231,149.72,752
2009-02,ASN00064027,-31.3125,149.2048,1046
2009-02,ASN00064029,-32.0156,149.3925,532
2009-02,ASN00064050,-31.646,149.6209,684
2009-02,ASN00064054,-31.7914,149.6705,1164
2009-02,ASN00065000,-32.4975,148.7488,488
2009-02,ASN00065010,-33.2869,148.7396,524
2009-02,ASN00065013,-33.4278,148.3721,298
2009-02,ASN00064017,-31.3304,149.2699,1282
2009-02,ASN00065019,-33.6146,148.435,140
2009-02,ASN00065022,-33.1628,148.5879,374
2009-02,ASN00065023,-33.0866,148.8598,632
2009-02,ASN00065030,-32.5192,148.5187,552
2009-02,ASN00065034,-32.5635,148.9503,615
2009-02,ASN00065041,-33.0956,148.8692,636
2009-02,ASN00065051,-32.9283,148.7547,730
2009-02,ASN00065068,-33.1281,148.2428,592
2009-02,ASN00065070,-32.2206,148.5753,590
2009-02,ASN00065084,-33.3711,148.5917,344
2009-02,ASN00065020,-33.183,148.6941,434
2009-02,ASN00064015,-31.8227,149.1217,332
2009-02,ASN00064010,-32.1141,149.0365,320
2009-02,ASN00064009,-32.0159,149.3964,641
2009-02,ASN00063142,-33.577,149.8591,690
2009-02,ASN00063146,-33.5544,150.0526,878
2009-02,ASN00063214,-33.3561,149.4058,616
2009-02,ASN00063229,-33.6773,148.6115,280
2009-02,ASN00063234,-33.6708,148.8565,650
2009-02,ASN00063246,-33.5105,150.3711,3039
2009-02,ASN00063254,-33.3211,149.0828,557
2009-02,ASN00063271,-34.0417,149.3611,342
2009-02,ASN00063283,-33.7,150.0278,850
2009-02,ASN00063287,-33.4111,149.5861,580
2009-02,ASN00063290,-33.4983,150.5215,1630
2009-02,ASN00063291,-33.412,149.654,852
2009-02,ASN00063292,-33.6185,150.2741,2154
2009-02,ASN00063293,-33.74,149.8822,430
2009-02,ASN00063295,-33.6297,150.2803,2080
2009-02,ASN00063297,-33.5728,149.9128,390
2009-02,ASN00063298,-33.6144,149.6981,700
2009-02,ASN00063302,-33.8275,149.6033,380
2009-02,ASN00063303,-33.3813,149.127,558
2009-02,ASN00063304,-33.7181,149.5106,0
2009-02,ASN00064008,-31.2712,149.2714,1416
2009-02,ASN00065098,-32.6833,148.9167,360
2009-02,ASN00063119,-34.2347,149.265,530
2009-02,ASN00065099,-32.3778,148.8741,706
2009-02,ASN00065106,-32.0358,148.6552,814
2009-02,ASN00067002,-33.6667,150.6696,2240
2009-02,ASN00067017,-33.8136,150.9392,546
2009-02,ASN00067019,-33.8193,150.9127,1405
2009-02,ASN00067021,-33.6165,150.7477,464
2009-02,ASN00067023,-33.4972,151.0931,1798
2009-02,ASN00067026,-33.7704,150.9318,1377
2009-02,ASN00067027,-33.8902,150.5934,533
2009-02,ASN00067033,-33.6022,150.7794,1566
2009-02,ASN00067094,-33.4383,150.8917,1898
2009-02,ASN00066204,-34.0009,151.0738,1747
2009-02,ASN00067104,-33.6617,150.9,1090
2009-02,ASN00067108,-33.8969,150.7281,1096
2009-02,ASN00067109,-33.7678,150.9814,1385
2009-02,ASN00067110,-33.7858,150.9236,1215
2009-02,ASN00067111,-33.7931,151.0167,1465
2009-02,ASN00067112,-33.7672,151.0186,1450
2009-02,ASN00067113,-33.7195,150.6783,1362
2009-02,ASN00067114,-33.8667,150.8611,1390
2009-02,ASN00067119,-33.8511,150.8567,1506
2009-02,ASN00068007,-34.0254,150.6455,818
2009-02,ASN00067105,-33.6004,150.7761,1560
2009-02,ASN00066194,-33.9057,151.1134,1474
2009-02,ASN00066188,-33.7402,151.2173,1446
2009-02,ASN00066176,-34.0658,151.0567,1420
2009-02,ASN00065111,-33.8449,148.6497,70
2009-02,ASN00065112,-33.4818,148.2608,302
2009-02,ASN00066011,-33.8,151.2,1720
2009-02,ASN00066013,-33.8523,151.0985,1352
2009-02,ASN00066034,-33.8507,151.1295,1275
2009-02,ASN00066036,-33.9186,151.1402,1250
2009-02,ASN00066037,-33.9465,151.1731,1048
2009-02,ASN00066048,-33.8483,151.1105,1318
2009-02,ASN00066052,-33.9096,151.2419,1366
2009-02,ASN00066058,-33.9942,151.1292,1390
2009-02,ASN00066059,-33.6908,151.2253,1144
2009-02,ASN00066073,-33.9105,151.2276,1430
2009-02,ASN00066078,-34.0517,150.98,712
2009-02,ASN00066080,-33.7809,151.2044,1740
2009-02,ASN00066098,-33.8809,151.2658,1028
2009-02,ASN00066124,-33.7917,151.0181,1524
2009-02,ASN00066128,-33.5965,151.3221,1948
2009-02,ASN00066137,-33.9181,150.9864,1624
2009-02,ASN00066142,-33.6761,151.1818,2724
2009-02,ASN00066148,-33.97,151.0638,1520
2009-02,ASN00066156,-33.7791,151.1121,320
2009-02,ASN00065103,-33.3627,147.9205,336
2009-02,ASN00068000,-34.5712,150.7761,685
2009-02,ASN00047058,-32.3902,142.4164,4
2009-02,ASN00058023,-28.7908,153.3958,1435
2009-02,ASN00043045,-28.0944,148.9731,1026
2009-02,ASN00043051,-26.2625,149.2389,602
2009-02,ASN00043052,-27.0006,149.4969,1658
2009-02,ASN00043060,-26.0756,147.9044,304
2009-02,ASN00043061,-25.9847,148.5567,1017
2009-02,ASN00043065,-27.7683,148.7147,470
2009-02,ASN00043080,-27.2275,148.7411,440
2009-02,ASN00043091,-26.5442,148.7778,788
2009-02,ASN00043093,-26.6064,148.5372,168
2009-02,ASN00043043,-26.6133,149.3878,118
2009-02,ASN00043095,-27.3867,149.3878,998
2009-02,ASN00043100,-27.7333,148.4667,300
2009-02,ASN00043101,-27.3117,148.8267,450
2009-02,ASN00043102,-26.49,147.9792,450
2009-02,ASN00043105,-26.4083,148.7833,0
2009-02,ASN00043106,-26.5089,148.1314,312
2009-02,ASN00043108,-25.96,148.3867,540
2009-02,ASN00043109,-28.0489,148.5942,376
2009-02,ASN00043112,-26.7997,148.5989,114
2009-02,ASN00044010,-28.0336,147.4803,167
2009-02,ASN00043099,-26.82,148.0244,728
2009-02,ASN00044021,-26.4139,146.2558,182
2009-02,ASN00043041,-28.1436,148.7089,346
2009-02,ASN00043035,-27.159,149.0703,1214
2009-02,ASN00041543,-28.0719,151.1861,630
2009-02,ASN00041545,-27.6539,150.9136,1022
2009-02,ASN00041547,-28.9236,151.9289,690
2009-02,ASN00041548,-28.8675,151.1611,350
2009-02,ASN00041551,-26.9669,151.4847,1010
2009-02,ASN00042002,-27.2067,150.2828,730
2009-02,ASN00042016,-27.3411,150.0619,834
2009-02,ASN00042022,-27.3236,149.8828,812
2009-02,ASN00042023,-26.6581,150.1844,646
2009-02,ASN00043037,-26.2094,149.0894,490
2009-02,ASN00042025,-26.5519,150.6322,888
2009-02,ASN00042035,-26.6439,149.6278,304
2009-02,ASN00042078,-26.9186,150.4722,862
2009-02,ASN00042100,-27.7644,150.0694,840
2009-02,ASN00042104,-28.3839,149.6747,1740
2009-02,ASN00042112,-26.6569,150.1819,632
2009-02,ASN00042115,-28.0697,149.9794,1218
2009-02,ASN00042116,-28.23,149.5617,1224
2009-02,ASN00043015,-25.8428,148.5669,734
2009-02,ASN00043020,-26.4888,147.9777,443
2009-02,ASN00042034,-27.1689,150.0019,1826
2009-02,ASN00044026,-28.0706,145.6808,206
2009-02,ASN00044038,-27.02,147.1536,386
2009-02,ASN00044040,-26.1108,144.8728,0
2009-02,ASN00045029,-28.0722,141.5317,152
2009-02,ASN00046002,-29.7656,143.1142,422
2009-02,ASN00046006,-29.0885,141.2033,0
2009-02,ASN00046012,-31.5194,143.385,410
2009-02,ASN00046015,-31.4459,142.1352,0
2009-02,ASN00046022,-31.4469,143.6548,238
2009-02,ASN00046043,-31.5631,143.3747,362
2009-02,ASN00046052,-29.4089,143.3808,240
2009-02,ASN00046124,-29.8718,142.434,16
2009-02,ASN00045025,-27.9867,143.815,66
2009-02,ASN00046126,-29.4448,142.0567,2
2009-02,ASN00046129,-30.8517,143.0742,158
2009-02,ASN00047013,-32.9669,143.1071,20
2009-02,ASN00047016,-34.0398,141.2652,0
2009-02,ASN00047019,-32.3937,142.4173,0
2009-02,ASN00047022,-32.4757,143.9409,384
2009-02,ASN00047029,-33.3856,142.5696,4
2009-02,ASN00047033,-33.4268,142.5719,0
2009-02,ASN00047040,-33.9297,142.3572,0
2009-02,ASN00047046,-33.2552,141.7984,0
2009-02,ASN00046128,-31.0867,141.7017,0
2009-02,ASN00045015,-26.6125,144.2578,31
2009-02,ASN00045009,-27.4008,141.8114,10
2009-02,ASN00045007,-26.1133,144.1333,0
2009-02,ASN00044041,-25.9719,146.6189,0
2009-02,ASN00044044,-26.3453,147.1258,100
2009-02,ASN00044045,-27.4133,147.4314,428
2009-02,ASN00044047,-26.44,147.6942,563
2009-02,ASN00044050,-26.4156,147.1131,430
2009-02,ASN00044054,-28.8061,147.1194,316
2009-02,ASN00044056,-26.4458,147.5453,326
2009-02,ASN00044057,-25.4992,146.5442,54
2009-02,ASN00044070,-26.375,147.0394,0
2009-02,ASN00044075,-27.265,148.0814,460
2009-02,ASN00044111,-25.8517,146.1894,42
2009-02,ASN00044137,-27.8717,148.0344,538
2009-02,ASN00044142,-27.6844,147.6981,660
2009-02,ASN00044153,-28.1631,145.0431,40
2009-02,ASN00044154,-28.3875,148.3111,980
2009-02,ASN00044174,-27.62,145.8281,228
2009-02,ASN00044181,-28.9972,144.4094,10
2009-02,ASN00044194,-28.3544,148.8217,787
2009-02,ASN00044208,-26.1394,145.6639,92
2009-02,ASN00044211,-25.3353,147.3,718
2009-02,ASN00044223,-25.4536,147.3031,770
2009-02,ASN00041540,-29.1694,151.3414,1050
2009-02,ASN00047048,-32.0012,141.4694,30
2009-02,ASN00041537,-28.3394,152.2944,520
2009-02,ASN00041535,-28.3731,152.14,680
2009-02,ASN00041091,-26.8086,151.0806,533
2009-02,ASN00041095,-28.6617,151.9339,815
2009-02,ASN00041096,-27.5094,151.9547,1082
2009-02,ASN00041098,-28.2858,152.2425,498
2009-02,ASN00041100,-28.8544,151.1681,820
2009-02,ASN00041106,-27.9651,152.0752,604
2009-02,ASN00041116,-28.9231,151.9306,331
2009-02,ASN00041120,-28.1897,152.2064,614
2009-02,ASN00041128,-28.4997,150.5928,1232
2009-02,ASN00041090,-26.5392,151.1347,504
2009-02,ASN00041134,-28.3128,152.4025,1656
2009-02,ASN00041152,-27.9753,150.9225,0
2009-02,ASN00041162,-28.2694,150.8106,700
2009-02,ASN00041166,-27.6764,151.6022,656
2009-02,ASN00041170,-27.5433,151.6383,498
2009-02,ASN00041175,-28.6217,151.9533,1406
2009-02,ASN00041182,-27.1667,151.5697,1150
2009-02,ASN00041191,-27.2627,151.3747,444
2009-02,ASN00041208,-28.3542,152.3392,688
2009-02,ASN00041229,-28.0775,152.2625,900
2009-02,ASN00041145,-26.8397,151.165,742
2009-02,ASN00041230,-28.7208,151.1825,634
2009-02,ASN00041086,-26.6653,151.3969,386
2009-02,ASN00041083,-28.0694,151.7797,700
2009-02,ASN00040979,-27.1247,152.9356,2240
2009-02,ASN00070165,-36.3541,149.198,130
2009-02,ASN00040980,-27.1822,153.0186,1800
2009-02,ASN00041012,-26.6764,150.8992,1040
2009-02,ASN00041013,-28.2264,152.0661,484
2009-02,ASN00041014,-28.3539,151.6281,418
2009-02,ASN00041016,-27.5331,151.2025,616
2009-02,ASN00041018,-27.9317,151.9058,358
2009-02,ASN00041022,-28.5,151.9722,595
2009-02,ASN00041085,-28.3253,152.3942,1232
2009-02,ASN00041024,-27.2067,151.8467,680
2009-02,ASN00041034,-28.4039,151.4703,488
2009-02,ASN00041037,-27.3072,151.8506,753
2009-02,ASN00041047,-28.4147,151.0828,422
2009-02,ASN00041050,-26.7797,151.1111,718
2009-02,ASN00041052,-26.6928,151.0964,438
2009-02,ASN00041053,-27.3675,151.5897,232
2009-02,ASN00041056,-28.3344,152.2953,652
2009-02,ASN00041072,-27.4831,151.6003,436
2009-02,ASN00041082,-27.7156,151.6333,666
2009-02,ASN00041025,-27.5742,151.0839,937
2009-02,ASN00041240,-27.1858,151.1419,686
2009-02,ASN00041250,-27.7894,151.4133,518
2009-02,ASN00041276,-27.9292,152.1606,496
2009-02,ASN00041493,-27.4967,150.4539,554
2009-02,ASN00041495,-28.4828,151.2831,460
2009-02,ASN00041503,-28.2167,152.05,0
2009-02,ASN00041504,-27.7358,151.4117,571
2009-02,ASN00041506,-28.6561,150.6653,1242
2009-02,ASN00041507,-28.6656,150.445,1438
2009-02,ASN00041508,-27.7267,150.6453,560
2009-02,ASN00041509,-27.6783,150.3483,1470
2009-02,ASN00041510,-27.4722,151.9481,672
2009-02,ASN00041491,-28.4333,151.4667,700
2009-02,ASN00041512,-27.3825,151.9244,770
2009-02,ASN00041522,-27.1605,151.2634,836
2009-02,ASN00041525,-28.2061,152.1003,364
2009-02,ASN00041528,-27.0481,151.6314,1106
2009-02,ASN00041529,-27.5425,151.9134,634
2009-02,ASN00041530,-28.2006,152.2156,480
2009-02,ASN00041531,-28.1167,152.0642,470
2009-02,ASN00041532,-28.3558,151.9967,400
2009-02,ASN00041533,-28.2292,152.2269,370
2009-02,ASN00041534,-28.2111,152.0275,330
2009-02,ASN00041519,-28.5767,150.845,880
2009-02,ASN00041489,-28.3011,150.2936,988
2009-02,ASN00041486,-26.9575,150.8633,811
2009-02,ASN00041473,-28.1022,151.8119,598
2009-02,ASN00041277,-26.7675,151.2075,618
2009-02,ASN00041314,-27.7578,151.4483,800
2009-02,ASN00041323,-28.0187,152.2861,988
2009-02,ASN00041338,-28.8,151.8433,1040
2009-02,ASN00041339,-27.2131,151.1856,710
2009-02,ASN00041344,-28.2075,151.5608,886
2009-02,ASN00041359,-27.4034,151.7413,382
2009-02,ASN00041369,-27.5233,151.8819,1040
2009-02,ASN00041370,-28.1236,150.5431,926
2009-02,ASN00041371,-28.4572,151.6817,568
2009-02,ASN00041388,-28.055,151.3297,345
2009-02,ASN00041391,-28.3611,151.1464,300
2009-02,ASN00041397,-28.1422,150.1319,1354
2009-02,ASN00041404,-27.9592,151.6664,1044
2009-02,ASN00041405,-27.7952,151.7387,602
2009-02,ASN00041415,-28.2367,151.5347,968
2009-02,ASN00041445,-28.2144,151.9194,514
2009-02,ASN00041456,-28.0621,152.3675,360
2009-02,ASN00041457,-28.4225,151.2131,442
2009-02,ASN00041464,-28.1553,152.33,576
2009-02,ASN00041469,-27.0289,151.0947,968
2009-02,ASN00041536,-28.2883,152.1053,860
2009-02,ASN00047049,-32.0682,141.1097,10
2009-02,ASN00047053,-34.1065,141.9189,0
2009-02,ASN00047056,-32.419,141.5525,18
2009-02,ASN00055220,-30.9585,150.1505,696
2009-02,ASN00055254,-30.7902,150.629,816
2009-02,ASN00055257,-31.2208,150.8213,1454
2009-02,ASN00055262,-31.3505,151.3177,758
2009-02,ASN00055276,-30.8828,150.4928,716
2009-02,ASN00055282,-31.4753,150.5439,1086
2009-02,ASN00055303,-30.8098,150.7524,946
2009-02,ASN00055309,-31.1472,151.2306,1000
2009-02,ASN00055311,-31.2171,150.8185,1484
2009-02,ASN00055202,-30.9537,150.2494,390
2009-02,ASN00055313,-31.2717,150.9167,1178
2009-02,ASN00055322,-31.3908,151.4019,978
2009-02,ASN00055325,-31.0742,150.8362,1346
2009-02,ASN00055331,-30.7299,150.5784,1168
2009-02,ASN00055335,-31.5347,151.1806,980
2009-02,ASN00056001,-29.7183,151.355,1034
2009-02,ASN00056008,-29.4421,151.8483,276
2009-02,ASN00056010,-30.9406,151.7078,1484
2009-02,ASN00056013,-29.6953,151.6936,1118
2009-02,ASN00056018,-29.7752,151.0819,892
2009-02,ASN00055319,-30.6126,150.5862,1408
2009-02,ASN00056023,-28.3933,152.4157,1100
2009-02,ASN00055190,-31.3658,150.8357,1728
2009-02,ASN00055181,-31.2547,151.1208,1205
2009-02,ASN00054160,-29.1199,151.2942,924
2009-02,ASN00055000,-30.9113,150.8579,1642
2009-02,ASN00055002,-31.2342,149.8345,1222
2009-02,ASN00055006,-31.6405,150.2356,1072
2009-02,ASN00055007,-30.7056,150.0458,1072
2009-02,ASN00055016,-30.9963,151.2292,1170
2009-02,ASN00055041,-31.4605,151.1275,258
2009-02,ASN00055046,-31.5271,150.4296,750
2009-02,ASN00055049,-31.5086,150.6792,1184
2009-02,ASN00055183,-31.2962,150.8606,1130
2009-02,ASN00055053,-31.346,149.8285,1246
2009-02,ASN00055065,-31.166,150.5441,1204
2009-02,ASN00055066,-31.6218,150.8437,1414
2009-02,ASN00055075,-31.1224,150.6957,1024
2009-02,ASN00055105,-30.7967,150.8647,1256
2009-02,ASN00055122,-30.8415,150.9097,1510
2009-02,ASN00055136,-30.9672,151.3451,818
2009-02,ASN00055157,-31.0853,150.658,870
2009-02,ASN00055164,-31.1805,151.3031,1104
2009-02,ASN00055176,-31.2573,151.0842,1208
2009-02,ASN00055057,-31.7731,150.2856,1128
2009-02,ASN00056028,-30.7338,151.5105,1214
2009-02,ASN00056032,-29.0479,152.0172,453
2009-02,ASN00056034,-30.6437,151.4906,1188
2009-02,ASN00057014,-29.5577,152.1388,696
2009-02,ASN00057018,-28.8914,152.5663,1778
2009-02,ASN00057023,-30.2892,152.1701,1530
2009-02,ASN00057024,-28.3879,152.6083,1786
2009-02,ASN00057028,-30.5644,151.907,1832
2009-02,ASN00057035,-31.1333,152.1253,2055
2009-02,ASN00057091,-30.7167,151.8531,40
2009-02,ASN00057095,-28.7551,152.4507,1824
2009-02,ASN00057103,-30.0093,152.0101,1942
2009-02,ASN00057005,-28.9279,152.3759,2238
2009-02,ASN00057104,-31.2739,151.9655,2864
2009-02,ASN00057119,-30.889,151.8547,2102
2009-02,ASN00057123,-29.7603,152.2057,898
2009-02,ASN00057124,-30.4833,152.398,3172
2009-02,ASN00057125,-30.3969,152.358,2479
2009-02,ASN00058005,-28.3981,153.1731,2130
2009-02,ASN00058007,-28.6369,153.588,2902
2009-02,ASN00058012,-29.4333,153.3633,1521
2009-02,ASN00058019,-28.5314,153.3151,2705
2009-02,ASN00058020,-28.2886,153.3651,2976
2009-02,ASN00057114,-29.1967,152.595,1738
2009-02,ASN00057003,-28.737,152.6228,670
2009-02,ASN00056243,-29.678,151.694,1416
2009-02,ASN00056242,-29.7796,151.1121,1064
2009-02,ASN00056037,-30.5264,151.6697,1324
2009-02,ASN00056052,-29.0988,151.7416,613
2009-02,ASN00056057,-30.0867,151.3909,1614
2009-02,ASN00056077,-31.0678,151.5022,1014
2009-02,ASN00056094,-29.5488,151.9942,698
2009-02,ASN00056098,-29.5817,151.9483,588
2009-02,ASN00056100,-29.6315,151.5561,770
2009-02,ASN00056111,-29.7799,151.3503,1339
2009-02,ASN00056141,-28.8867,152.1144,1952
2009-02,ASN00056161,-30.1575,151.8774,1730
2009-02,ASN00056176,-30.1369,151.2581,1120
2009-02,ASN00056202,-28.9776,152.1552,1062
2009-02,ASN00056205,-29.8995,151.965,1810
2009-02,ASN00056207,-28.5417,151.9909,736
2009-02,ASN00056229,-30.2126,151.6787,1486
2009-02,ASN00056234,-30.9874,151.5855,1368
2009-02,ASN00056236,-31.0109,151.6246,1290
2009-02,ASN00056237,-29.8025,151.2726,1518
2009-02,ASN00056238,-30.5273,151.6158,1234
2009-02,ASN00056239,-28.7014,152.0974,1692
2009-02,ASN00056240,-30.3358,151.7367,1230
2009-02,ASN00054151,-30.2838,150.1666,0
2009-02,ASN00054149,-30.1872,149.8642,1140
2009-02,ASN00054146,-29.2333,151.3833,890
2009-02,ASN00054141,-29.5833,150.37,1015
2009-02,ASN00049105,-32.5187,146.2819,130
2009-02,ASN00049132,-33.1898,145.3067,45
2009-02,ASN00049133,-33.516,144.7651,6
2009-02,ASN00050010,-33.5159,147.2541,236
2009-02,ASN00050014,-33.0818,147.1524,580
2009-02,ASN00050017,-33.9382,147.1962,28
2009-02,ASN00050031,-32.7235,148.1902,902
2009-02,ASN00050035,-32.2435,147.3545,504
2009-02,ASN00050037,-32.6309,147.5659,994
2009-02,ASN00049103,-32.1698,144.2007,670
2009-02,ASN00050045,-33.8486,146.8261,86
2009-02,ASN00050108,-32.5724,147.2162,822
2009-02,ASN00050110,-32.6358,148.058,868
2009-02,ASN00050117,-32.8952,148.2811,362
2009-02,ASN00050119,-32.9365,148.2452,438
2009-02,ASN00050137,-33.0682,147.2133,690
2009-02,ASN00050139,-32.5613,148.3353,584
2009-02,ASN00050141,-33.055,147.4427,548
2009-02,ASN00051008,-32.4581,148.1491,742
2009-02,ASN00051018,-31.7055,148.6625,796
2009-02,ASN00050052,-33.0664,147.2283,606
2009-02,ASN00049092,-33.6959,144.2757,0
2009-02,ASN00049063,-33.052,144.1444,60
2009-02,ASN00049061,-32.3884,144.7456,282
2009-02,ASN00047078,-33.2714,141.5962,0
2009-02,ASN00047093,-33.7492,142.2205,0
2009-02,ASN00047104,-32.804,141.5096,0
2009-02,ASN00047106,-32.9703,142.3855,0
2009-02,ASN00047107,-34.3206,142.3645,0
2009-02,ASN00048015,-29.9614,146.8651,1162
2009-02,ASN00048025,-29.3513,146.8126,570
2009-02,ASN00048027,-31.484,145.8294,728
2009-02,ASN00048031,-29.5407,148.5818,1230
2009-02,ASN00048047,-29.1509,148.6252,1109
2009-02,ASN00048079,-29.7029,144.1482,634
2009-02,ASN00048115,-31.424,145.2539,566
2009-02,ASN00048168,-29.1173,147.8993,368
2009-02,ASN00048237,-31.5389,145.7964,716
2009-02,ASN00048243,-29.431,147.9722,1410
2009-02,ASN00048245,-30.0362,145.9521,2312
2009-02,ASN00049000,-32.8831,144.3088,306
2009-02,ASN00049002,-34.6398,143.561,0
2009-02,ASN00049023,-34.4523,142.9109,0
2009-02,ASN00049045,-34.5594,143.0754,0
2009-02,ASN00049055,-34.1953,143.7916,10
2009-02,ASN00051026,-31.5629,146.7181,1322
2009-02,ASN00058027,-29.4227,153.2533,1356
2009-02,ASN00051033,-31.8576,147.1343,1261
2009-02,ASN00051042,-30.9252,147.869,1100
2009-02,ASN00054004,-29.8673,150.5715,994
2009-02,ASN00054013,-29.654,150.8291,1290
2009-02,ASN00054023,-30.2948,150.8103,764
2009-02,ASN00054027,-29.5581,150.8871,1132
2009-02,ASN00054029,-29.5416,150.5754,863
2009-02,ASN00054038,-30.3154,149.8302,1052
2009-02,ASN00054046,-29.3992,151.4107,1180
2009-02,ASN00054049,-29.405,150.9012,1424
2009-02,ASN00054073,-29.6448,151.2362,1332
2009-02,ASN00054003,-30.3781,150.6096,1299
2009-02,ASN00054074,-29.6613,151.0196,1192
2009-02,ASN00054078,-29.6754,151.1527,1258
2009-02,ASN00054082,-29.6382,151.4055,1176
2009-02,ASN00054102,-30.3735,150.6723,1200
2009-02,ASN00054104,-29.3899,151.2448,1299
2009-02,ASN00054114,-30.0977,151.0089,692
2009-02,ASN00054117,-30.2244,150.723,831
2009-02,ASN00054124,-29.2743,150.2658,638
2009-02,ASN00054125,-30.1312,150.1462,1484
2009-02,ASN00054128,-29.8866,150.8951,1001
2009-02,ASN00054076,-29.64,151.4297,1114
2009-02,ASN00053115,-29.4914,149.8458,1434
2009-02,ASN00053085,-28.9665,149.6721,1602
2009-02,ASN00053081,-30.8043,149.1246,896
2009-02,ASN00051049,-31.9861,147.9489,752
2009-02,ASN00051057,-30.6998,147.2232,562
2009-02,ASN00051066,-31.9478,148.62,720
2009-02,ASN00051122,-31.5558,148.5981,954
2009-02,ASN00051133,-31.2294,148.8861,596
2009-02,ASN00051160,-31.7069,148.6358,588
2009-02,ASN00051161,-30.9776,148.3798,2096
2009-02,ASN00052016,-30.6088,148.972,1000
2009-02,ASN00052020,-28.9786,148.9899,432
2009-02,ASN00052023,-30.3515,148.8843,948
2009-02,ASN00052067,-29.8136,148.9104,1054
2009-02,ASN00052088,-30.0372,148.1223,1914
2009-02,ASN00053002,-30.9469,149.0654,462
2009-02,ASN00053003,-29.9182,149.7919,494
2009-02,ASN00053018,-28.9917,150.017,2008
2009-02,ASN00053033,-29.4748,150.1359,1638
2009-02,ASN00053034,-30.1187,149.3232,698
2009-02,ASN00053035,-29.8401,149.3207,872
2009-02,ASN00053041,-28.8697,150.0903,1656
2009-02,ASN00053044,-30.2257,149.4452,584
2009-02,ASN00053073,-30.7632,149.0008,804
2009-02,ASN00051034,-31.4986,147.6865,1138
2009-02,ASN00070214,-35.6311,149.5,682
2009-02,ASN00085291,-37.8383,146.2747,372
2009-02,ASN00070231,-35.3266,149.0492,44
2009-02,ASN00089011,-37.6467,142.3419,0
2009-02,ASN00089016,-37.711,142.8395,10
2009-02,ASN00089018,-37.9543,143.3437,6
2009-02,ASN00089019,-37.4043,142.3843,4
2009-02,ASN00089022,-37.6472,142.2309,0
2009-02,ASN00089025,-37.6854,143.3654,16
2009-02,ASN00089033,-37.6901,142.7253,2
2009-02,ASN00089034,-37.5483,142.7393,0
2009-02,ASN00089043,-37.3909,141.9194,0
2009-02,ASN00089010,-38.0297,143.6331,6
2009-02,ASN00089048,-37.517,143.9275,28
2009-02,ASN00089084,-37.9333,143.8667,4
2009-02,ASN00089085,-37.2775,142.9811,18
2009-02,ASN00089103,-37.9708,143.2189,14
2009-02,ASN00089104,-37.8128,143.9178,0
2009-02,ASN00089106,-37.4152,143.6718,26
2009-02,ASN00089107,-37.3494,143.2956,32
2009-02,ASN00089109,-37.3598,143.1961,24
2009-02,ASN00089111,-37.5174,143.7791,24
2009-02,ASN00089112,-37.7067,142.9378,0
2009-02,ASN00089074,-37.9477,143.2222,4
2009-02,ASN00090001,-38.7481,143.6635,88
2009-02,ASN00089009,-37.5267,142.0414,10
2009-02,ASN00089002,-37.5127,143.7911,22
2009-02,ASN00088056,-37.1714,143.701,0
2009-02,ASN00088060,-37.4475,145.2143,32
2009-02,ASN00088061,-37.3449,144.5365,10
2009-02,ASN00088064,-37.1225,144.8561,6
2009-02,ASN00088067,-37.2177,145.4211,8
2009-02,ASN00088071,-37.4181,144.2133,2
2009-02,ASN00088103,-37.4958,145.7475,0
2009-02,ASN00088108,-37.1566,144.2079,8
2009-02,ASN00088109,-36.8886,145.1859,14
2009-02,ASN00089003,-37.2472,141.8415,2
2009-02,ASN00088110,-37.0809,144.2392,36
2009-02,ASN00088119,-37.3167,145.7167,0
2009-02,ASN00088121,-37.1425,144.9264,0
2009-02,ASN00088123,-37.25,144.4378,30
2009-02,ASN00088126,-37.0213,145.1091,12
2009-02,ASN00088130,-37.4234,145.7085,0
2009-02,ASN00088137,-37.1644,143.5532,6
2009-02,ASN00088138,-37.2348,144.9962,6
2009-02,ASN00088162,-37.3807,144.9654,48
2009-02,ASN00088164,-37.2091,145.8423,32
2009-02,ASN00088113,-37.3387,143.9861,2
2009-02,ASN00090005,-38.1954,143.6399,3
2009-02,ASN00090010,-37.8595,141.7708,16
2009-02,ASN00090013,-38.3215,141.406,14
2009-02,ASN00090173,-37.6486,142.0636,4
2009-02,ASN00090175,-38.3906,142.2347,16
2009-02,ASN00090176,-38.0737,142.7744,8
2009-02,ASN00090180,-38.4583,144.0883,36
2009-02,ASN00090181,-38.241,143.1393,2
2009-02,ASN00090182,-37.583,141.3339,0
2009-02,ASN00090183,-38.6286,143.7306,22
2009-02,ASN00090184,-38.4306,141.5437,0
2009-02,ASN00090185,-38.5497,143.8594,58
2009-02,ASN00090171,-38.3148,141.4705,26
2009-02,ASN00090186,-38.2867,142.4522,16
2009-02,ASN00090188,-38.4831,143.9142,4
2009-02,ASN00091000,-41.5211,146.7158,72
2009-02,ASN00091001,-41.2025,146.8156,61
2009-02,ASN00091011,-40.6842,144.7181,86
2009-02,ASN00091019,-41.8142,147.0922,338
2009-02,ASN00091029,-41.4978,146.535,380
2009-02,ASN00091032,-41.7244,147.3208,194
2009-02,ASN00091034,-40.8842,145.2161,64
2009-02,ASN00091039,-41.1839,146.4817,78
2009-02,ASN00090187,-38.4115,143.9771,58
2009-02,ASN00090167,-38.243,143.9887,48
2009-02,ASN00090165,-38.5582,143.1663,16
2009-02,ASN00090153,-38.255,143.1256,0
2009-02,ASN00090015,-38.8556,143.5128,16
2009-02,ASN00090021,-38.3291,143.0779,4
2009-02,ASN00090022,-38.2798,143.6613,6
2009-02,ASN00090024,-37.6044,141.6853,16
2009-02,ASN00090026,-37.3443,141.6861,0
2009-02,ASN00090033,-37.3563,141.2103,10
2009-02,ASN00090035,-38.2333,143.7925,10
2009-02,ASN00090036,-37.9695,141.3077,30
2009-02,ASN00090045,-38.1059,142.3216,42
2009-02,ASN00090055,-38.0339,141.9998,0
2009-02,ASN00090060,-38.4699,142.7502,0
2009-02,ASN00090061,-38.421,143.8348,10
2009-02,ASN00090062,-37.8824,142.4235,6
2009-02,ASN00090063,-37.875,142.2895,2
2009-02,ASN00090067,-38.6196,142.9944,13
2009-02,ASN00090070,-38.3846,141.6074,2
2009-02,ASN00090076,-38.6771,143.6826,166
2009-02,ASN00090077,-38.2362,142.9166,0
2009-02,ASN00090093,-38.7553,143.5103,50
2009-02,ASN00090105,-37.7417,141.0657,19
2009-02,ASN00090147,-38.3427,143.5848,0
2009-02,ASN00088051,-37.0194,144.5203,8
2009-02,ASN00091053,-41.25,147.2169,132
2009-02,ASN00088048,-37.105,144.0638,48
2009-02,ASN00088043,-37.056,143.732,45
2009-02,ASN00086127,-38.6078,145.5965,52
2009-02,ASN00086131,-37.5552,145.1259,26
2009-02,ASN00086142,-37.572,145.5014,0
2009-02,ASN00086210,-38.0651,145.1294,56
2009-02,ASN00086213,-38.3781,144.8997,34
2009-02,ASN00086223,-38.3391,145.0288,42
2009-02,ASN00086224,-37.9785,145.2235,22
2009-02,ASN00086232,-37.8303,144.9767,32
2009-02,ASN00086265,-38.3142,145.1756,71
2009-02,ASN00086119,-38.4836,145.1766,40
2009-02,ASN00086281,-38.3343,145.6696,56
2009-02,ASN00086299,-38.0222,145.3561,24
2009-02,ASN00086303,-37.8886,145.1928,38
2009-02,ASN00086305,-37.6369,144.9072,58
2009-02,ASN00086314,-38.1992,145.4933,60
2009-02,ASN00086350,-37.4187,144.977,52
2009-02,ASN00086358,-37.8586,145.6532,94
2009-02,ASN00086361,-38.3646,145.1785,46
2009-02,ASN00086369,-37.9535,145.1655,0
2009-02,ASN00086373,-38.4612,145.3101,36
2009-02,ASN00086282,-37.6655,144.8321,60
2009-02,ASN00086374,-37.4652,145.2637,22
2009-02,ASN00086117,-37.477,145.1513,38
2009-02,ASN00086105,-38.4282,145.0412,24
2009-02,ASN00085296,-37.7481,147.1428,282
2009-02,ASN00085297,-37.9722,146.9856,216
2009-02,ASN00085298,-38.1072,147.1317,283
2009-02,ASN00085303,-37.5325,147.0053,718
2009-02,ASN00085304,-37.4967,146.8575,514
2009-02,ASN00085305,-37.8758,146.0833,114
2009-02,ASN00086020,-37.9551,145.0782,8
2009-02,ASN00086035,-37.7011,145.1547,26
2009-02,ASN00086038,-37.7276,144.9066,32
2009-02,ASN00086111,-37.9445,145.1764,30
2009-02,ASN00086039,-37.7915,144.9067,30
2009-02,ASN00086068,-37.7408,145.0972,36
2009-02,ASN00086074,-37.8219,145.1906,48
2009-02,ASN00086076,-37.8019,145.3675,44
2009-02,ASN00086077,-37.98,145.0964,16
2009-02,ASN00086079,-38.2358,145.0667,18
2009-02,ASN00086088,-37.9142,145.0935,28
2009-02,ASN00086090,-37.7089,145.7855,36
2009-02,ASN00086096,-37.7214,145.0059,46
2009-02,ASN00086104,-37.871,145.2561,60
2009-02,ASN00086063,-38.2656,145.5692,34
2009-02,ASN00086377,-37.4225,145.0752,32
2009-02,ASN00086379,-37.7917,145.2433,44
2009-02,ASN00086383,-37.7239,145.4094,34
2009-02,ASN00087161,-37.6292,144.5026,40
2009-02,ASN00087162,-38.1435,144.1872,14
2009-02,ASN00087168,-37.9075,144.1303,36
2009-02,ASN00087171,-37.5223,144.4779,106
2009-02,ASN00087173,-37.294,144.7066,22
2009-02,ASN00087175,-37.2732,144.5974,8
2009-02,ASN00087176,-37.7569,144.7511,64
2009-02,ASN00087178,-38.2504,144.5104,36
2009-02,ASN00088002,-36.893,145.2316,20
2009-02,ASN00087160,-38.3404,144.3101,4
2009-02,ASN00088009,-36.9886,143.9747,42
2009-02,ASN00088015,-37.3049,143.7776,10
2009-02,ASN00088020,-37.3432,144.1575,0
2009-02,ASN00088021,-37.1995,144.0141,0
2009-02,ASN00088023,-37.2313,145.9124,20
2009-02,ASN00088029,-36.9579,144.6935,18
2009-02,ASN00088031,-37.0695,145.4177,22
2009-02,ASN00088032,-37.0856,143.9977,34
2009-02,ASN00088037,-37.2535,144.3825,34
2009-02,ASN00088042,-37.1965,144.3742,4
2009-02,ASN00088010,-37.2531,144.8614,18
2009-02,ASN00087135,-38.2832,144.4784,52
2009-02,ASN00087124,-38.2504,144.0854,8
2009-02,ASN00087121,-37.6831,144.6664,55
2009-02,ASN00086393,-38.4617,144.9019,34
2009-02,ASN00087006,-37.6018,144.2295,50
2009-02,ASN00087007,-37.743,144.1406,62
2009-02,ASN00087014,-37.5512,143.9322,44
2009-02,ASN00087016,-37.7654,144.1048,50
2009-02,ASN00087017,-37.4701,144.3069,25
2009-02,ASN00087021,-37.8233,144.2078,10
2009-02,ASN00087029,-37.2698,144.723,24
2009-02,ASN00087031,-37.8565,144.7566,18
2009-02,ASN00087033,-37.991,144.4943,28
2009-02,ASN00087036,-37.4155,144.5569,10
2009-02,ASN00087040,-37.7451,144.5687,36
2009-02,ASN00087043,-37.8197,144.1492,80
2009-02,ASN00087046,-37.6719,143.94,66
2009-02,ASN00087048,-37.8958,144.4387,35
2009-02,ASN00087067,-37.5144,144.0177,42
2009-02,ASN00087075,-37.4964,144.5028,86
2009-02,ASN00087095,-37.6111,144.3,48
2009-02,ASN00087113,-38.0287,144.4783,26
2009-02,ASN00087118,-37.3508,144.6067,42
2009-02,ASN00087119,-38.3687,144.0843,54
2009-02,ASN00088044,-37.51,145.7472,8
2009-02,ASN00091055,-41.5406,146.1364,424
2009-02,ASN00091060,-40.905,145.3492,0
2009-02,ASN00091072,-41.4678,147.1628,472
2009-02,ASN00094172,-42.6531,147.3589,482
2009-02,ASN00094175,-42.9725,147.0342,548
2009-02,ASN00094177,-42.7572,147.3817,430
2009-02,ASN00094185,-43.0336,147.2128,702
2009-02,ASN00094191,-43.2006,146.7683,1058
2009-02,ASN00094192,-43.4086,146.9567,572
2009-02,ASN00094195,-42.4544,147.4614,718
2009-02,ASN00094198,-43.4886,147.1444,492
2009-02,ASN00094204,-42.6525,147.3578,418
2009-02,ASN00094169,-43.0433,147.8667,394
2009-02,ASN00094212,-42.6867,147.4258,412
2009-02,ASN00094214,-42.7033,147.1261,32
2009-02,ASN00094219,-43.1547,147.0539,742
2009-02,ASN00094220,-42.9858,147.0742,714
2009-02,ASN00094221,-42.8514,147.6211,314
2009-02,ASN00094222,-42.9742,147.295,546
2009-02,ASN00094223,-42.97,147.3303,584
2009-02,ASN00094231,-42.9639,147.2022,620
2009-02,ASN00094232,-42.8367,147.1931,662
2009-02,ASN00094233,-42.6933,147.2617,356
2009-02,ASN00094213,-43.1456,147.9617,642
2009-02,ASN00094236,-43.3692,147.3442,618
2009-02,ASN00094155,-43.2397,148.0025,276
2009-02,ASN00094130,-42.7469,147.5511,380
2009-02,ASN00094020,-43.3167,147.0075,392
2009-02,ASN00094022,-43.0431,147.4133,360
2009-02,ASN00094025,-42.8494,147.2547,944
2009-02,ASN00094027,-43.4144,146.8731,519
2009-02,ASN00094029,-42.8897,147.3278,592
2009-02,ASN00094030,-42.8667,147.3322,462
2009-02,ASN00094039,-43.3583,147.2342,566
2009-02,ASN00094040,-43.1983,147.0658,656
2009-02,ASN00094041,-43.6578,146.2711,798
2009-02,ASN00094151,-42.9742,147.1692,658
2009-02,ASN00094043,-43.2319,147.2547,530
2009-02,ASN00094061,-42.9264,147.5203,16
2009-02,ASN00094064,-42.7619,147.6197,524
2009-02,ASN00094068,-43.1547,147.2386,536
2009-02,ASN00094071,-43.0153,147.9117,462
2009-02,ASN00094082,-42.8569,147.4386,404
2009-02,ASN00094087,-42.8967,147.235,750
2009-02,ASN00094097,-42.5436,147.5664,566
2009-02,ASN00094111,-42.9519,147.3496,604
2009-02,ASN00094125,-43.0239,147.255,508
2009-02,ASN00094048,-42.9981,147.4056,106
2009-02,ASN00094237,-42.9372,147.1378,638
2009-02,ASN00094239,-42.9639,147.2428,648
2009-02,ASN00095001,-42.3883,147.0061,262
2009-02,ASN00097072,-42.155,145.2908,572
2009-02,ASN00097080,-42.985,145.5022,738
2009-02,ASN00097083,-43.0425,146.2722,1040
2009-02,ASN00097085,-41.8444,145.5419,1740
2009-02,ASN00097091,-42.0961,145.5456,306
2009-02,ASN00098000,-40.0092,144.1111,66
2009-02,ASN00098004,-39.9097,144.0986,46
2009-02,ASN00098011,-39.9283,143.8525,32
2009-02,ASN00098017,-39.88,143.8831,16
2009-02,ASN00097061,-42.7428,145.9811,1474
2009-02,ASN00098023,-39.9647,144.0772,58
2009-02,ASN00099005,-40.0911,148.0024,29
2009-02,ASN00099014,-40.0194,148.1825,97
2009-02,ASN00099021,-40.1558,148.1853,42
2009-02,ASN00099023,-40.1883,148.1178,92
2009-02,ASN00099025,-40.2319,148.19,72
2009-02,ASN00109501,-32.938,116.024,318
2009-02,ASN00109505,-33.5958,115.8186,180
2009-02,ASN00109507,-33.444,115.8536,196
2009-02,ASN00040978,-27.0797,153.1803,1830
2009-02,ASN00099000,-40.3706,148.0231,26
2009-02,ASN00097054,-41.8822,145.3358,990
2009-02,ASN00097047,-41.4892,145.2083,590
2009-02,ASN00097024,-43.0609,146.704,912
2009-02,ASN00095003,-42.7097,146.8983,396
2009-02,ASN00095012,-42.4814,146.7114,274
2009-02,ASN00095016,-42.3367,146.7475,350
2009-02,ASN00095047,-42.3961,146.4897,532
2009-02,ASN00095048,-42.4842,146.7106,264
2009-02,ASN00095069,-42.8069,147.1144,480
2009-02,ASN00095072,-42.8033,146.9878,514
2009-02,ASN00095074,-42.7414,147.0489,386
2009-02,ASN00095077,-42.6894,146.7122,402
2009-02,ASN00095079,-42.8458,147.0294,574
2009-02,ASN00096002,-42.1419,146.4931,424
2009-02,ASN00096033,-41.8997,146.6694,474
2009-02,ASN00096038,-42.0572,147.286,556
2009-02,ASN00096046,-41.9822,146.7228,556
2009-02,ASN00096069,-42.1289,146.2156,514
2009-02,ASN00096070,-42.2558,146.8753,526
2009-02,ASN00096071,-42.1178,146.1772,902
2009-02,ASN00096077,-41.5958,145.9311,686
2009-02,ASN00097000,-42.1986,145.17,286
2009-02,ASN00097006,-41.9933,145.5725,0
2009-02,ASN00097020,-42.0056,145.5419,1498
2009-02,ASN00094010,-43.4892,147.1453,572
2009-02,ASN00094008,-42.8339,147.5033,398
2009-02,ASN00094005,-42.7433,147.2372,426
2009-02,ASN00094001,-42.4158,147.1347,334
2009-02,ASN00091262,-41.1333,146.8461,30
2009-02,ASN00091263,-41.4889,147.2326,76
2009-02,ASN00091266,-41.3972,146.4953,256
2009-02,ASN00091267,-41.6494,146.6154,344
2009-02,ASN00091271,-41.3959,147.3006,292
2009-02,ASN00091286,-41.1208,146.8275,70
2009-02,ASN00091288,-41.6706,146.7278,248
2009-02,ASN00091290,-41.6308,146.7,330
2009-02,ASN00091291,-41.3886,146.3219,250
2009-02,ASN00091260,-41.4883,146.9047,200
2009-02,ASN00091292,-40.8347,145.0847,60
2009-02,ASN00091299,-41.2431,147.4436,162
2009-02,ASN00091304,-41.1164,145.8619,172
2009-02,ASN00091305,-41.3144,147.3803,228
2009-02,ASN00091306,-41.7256,147.0794,226
2009-02,ASN00091311,-41.5492,147.2144,476
2009-02,ASN00091312,-41.4406,146.1228,288
2009-02,ASN00091315,-41.51,147.0511,468
2009-02,ASN00091317,-41.5136,147.2028,732
2009-02,ASN00091321,-41.3961,145.9342,558
2009-02,ASN00091293,-41.0556,146.7856,72
2009-02,ASN00091259,-41.1492,145.1517,248
2009-02,ASN00091255,-41.2339,146.9294,50
2009-02,ASN00091245,-40.6828,144.69,74
2009-02,ASN00091077,-41.575,147.4508,244
2009-02,ASN00091086,-41.2439,147.7353,294
2009-02,ASN00091090,-41.4475,146.8744,234
2009-02,ASN00091100,-40.4472,144.84,26
2009-02,ASN00091107,-40.9972,145.7292,20
2009-02,ASN00091109,-41.1428,145.7058,162
2009-02,ASN00091118,-41.5664,147.2444,132
2009-02,ASN00091121,-40.9431,147.5922,40
2009-02,ASN00091126,-41.1708,146.4267,124
2009-02,ASN00091150,-41.6419,146.5244,394
2009-02,ASN00091153,-41.3356,146.2797,296
2009-02,ASN00091156,-41.4717,146.6456,220
2009-02,ASN00091161,-41.3886,146.5861,314
2009-02,ASN00091171,-41.2708,146.5481,140
2009-02,ASN00091186,-41.2039,146.265,264
2009-02,ASN00091197,-41.4864,147.4386,390
2009-02,ASN00091219,-41.1708,147.4883,272
2009-02,ASN00091223,-40.9089,144.7094,166
2009-02,ASN00091227,-41.5267,146.6583,166
2009-02,ASN00091236,-41.5128,146.8303,167
2009-02,ASN00091237,-41.4194,147.1222,376
2009-02,ASN00091325,-41.7292,147.2358,226
2009-02,ASN00085293,-38.8957,145.9355,30
2009-02,ASN00091332,-41.3528,146.4164,416
2009-02,ASN00091341,-41.3428,146.8964,198
2009-02,ASN00092114,-41.9953,148.2794,578
2009-02,ASN00092120,-41.3381,148.2792,566
2009-02,ASN00092123,-40.7292,148.125,62
2009-02,ASN00092124,-42.6619,148.0181,280
2009-02,ASN00092129,-41.0458,148.2592,274
2009-02,ASN00092134,-41.1256,147.8617,300
2009-02,ASN00093002,-42.3958,147.3042,398
2009-02,ASN00093007,-42.2664,147.5281,472
2009-02,ASN00093014,-42.3006,147.3711,636
2009-02,ASN00092113,-41.4136,148.2744,378
2009-02,ASN00093023,-42.4031,147.3908,628
2009-02,ASN00093040,-42.3075,147.1672,390
2009-02,ASN00093044,-41.8172,147.5664,278
2009-02,ASN00093046,-42.305,147.5708,502
2009-02,ASN00093049,-42.3696,147.4631,638
2009-02,ASN00093051,-42.0317,147.4907,434
2009-02,ASN00093052,-42.163,147.5805,528
2009-02,ASN00093053,-42.025,147.4953,494
2009-02,ASN00093055,-41.8658,147.4494,296
2009-02,ASN00093059,-41.9311,147.4256,376
2009-02,ASN00093033,-41.9347,147.4931,626
2009-02,ASN00092111,-41.4342,147.7192,370
2009-02,ASN00092099,-42.7153,147.7525,506
2009-02,ASN00092079,-42.2133,147.7831,610
2009-02,ASN00091346,-41.2336,147.2064,123
2009-02,ASN00092001,-41.9525,148.1839,404
2009-02,ASN00092002,-41.7792,147.7225,456
2009-02,ASN00092003,-41.8739,148.3036,436
2009-02,ASN00092005,-42.8122,147.8289,386
2009-02,ASN00092008,-42.0117,148.0747,293
2009-02,ASN00092010,-42.5844,148.0636,268
2009-02,ASN00092011,-40.9589,148.0086,152
2009-02,ASN00092014,-41.5308,148.1969,362
2009-02,ASN00092017,-42.7856,147.8086,360
2009-02,ASN00092019,-42.0067,147.7975,472
2009-02,ASN00092020,-41.82,147.9551,276
2009-02,ASN00092024,-41.4703,147.8919,616
2009-02,ASN00092027,-42.5519,147.8753,464
2009-02,ASN00092028,-42.5853,147.9142,432
2009-02,ASN00092030,-41.0825,147.9353,196
2009-02,ASN00092045,-40.9928,148.3467,274
2009-02,ASN00092047,-42.2708,147.6942,544
2009-02,ASN00092051,-41.27,147.9492,426
2009-02,ASN00092064,-41.5633,148.1414,246
2009-02,ASN00092067,-40.8586,148.0178,146
2009-02,ASN00091340,-41.3592,147.01,222
2009-02,ASN00070217,-36.2939,148.9725,156
2009-02,ASN00085292,-37.8897,145.9958,64
2009-02,ASN00085288,-37.4667,146.6883,94
2009-02,ASN00075041,-34.2487,146.0695,192
2009-02,ASN00075042,-34.476,144.3013,0
2009-02,ASN00075044,-33.8192,145.6235,270
2009-02,ASN00075054,-35.2849,145.2098,0
2009-02,ASN00075062,-34.8096,144.1654,14
2009-02,ASN00075071,-35.2119,144.816,50
2009-02,ASN00075072,-33.9376,146.6062,104
2009-02,ASN00075079,-34.2502,146.1897,240
2009-02,ASN00075140,-34.1533,145.1409,2
2009-02,ASN00075039,-33.2833,146.3707,138
2009-02,ASN00075142,-33.9247,145.5205,66
2009-02,ASN00076000,-34.85,142.7811,2
2009-02,ASN00076012,-35.1702,143.0001,0
2009-02,ASN00076017,-35.1945,143.04,0
2009-02,ASN00076018,-35.1136,142.9194,0
2009-02,ASN00076031,-34.2358,142.0867,0
2009-02,ASN00076037,-34.1928,141.5996,0
2009-02,ASN00076038,-35.2628,141.1789,0
2009-02,ASN00076043,-34.9272,142.1765,0
2009-02,ASN00076044,-35.1759,143.37,0
2009-02,ASN00075163,-33.3476,145.8703,98
2009-02,ASN00076046,-35.167,143.2781,0
2009-02,ASN00075032,-33.4915,145.5249,150
2009-02,ASN00075017,-33.17,146.642,360
2009-02,ASN00074126,-35.385,147.0558,18
2009-02,ASN00074127,-35.1069,147.3636,106
2009-02,ASN00074129,-35.7228,144.7865,0
2009-02,ASN00074162,-34.9349,146.3031,18
2009-02,ASN00074188,-35.6724,147.0361,6
2009-02,ASN00074202,-34.8504,146.9778,26
2009-02,ASN00074205,-35.162,147.0274,14
2009-02,ASN00074208,-35.6074,145.2012,30
2009-02,ASN00074217,-34.7565,147.3482,84
2009-02,ASN00075026,-34.442,145.5612,76
2009-02,ASN00074234,-35.0371,147.1933,80
2009-02,ASN00074258,-35.5575,144.9458,4
2009-02,ASN00074261,-34.531,146.9806,138
2009-02,ASN00074262,-35.7861,144.6002,0
2009-02,ASN00074264,-35.4091,147.2479,20
2009-02,ASN00074267,-33.9956,146.7683,162
2009-02,ASN00075004,-35.2847,144.5334,0
2009-02,ASN00075007,-33.8436,144.9073,5
2009-02,ASN00075012,-35.4201,144.6002,0
2009-02,ASN00075016,-33.9871,145.3904,46
2009-02,ASN00074249,-34.8016,145.8904,14
2009-02,ASN00076047,-35.0694,142.3158,7
2009-02,ASN00076050,-35.2555,143.3683,0
2009-02,ASN00076051,-34.362,141.9038,0
2009-02,ASN00077082,-35.9338,142.2805,2
2009-02,ASN00077088,-35.987,142.915,0
2009-02,ASN00077094,-35.3766,143.5416,0
2009-02,ASN00078010,-36.4644,142.0327,4
2009-02,ASN00078013,-36.3986,141.8797,6
2009-02,ASN00078015,-36.3092,141.6486,6
2009-02,ASN00078038,-36.2705,142.2165,0
2009-02,ASN00078040,-36.2882,141.7347,4
2009-02,ASN00078072,-36.3697,142.9709,22
2009-02,ASN00077079,-36.0086,143.3719,0
2009-02,ASN00078086,-36.14,141.9878,0
2009-02,ASN00079003,-36.6994,143.1594,78
2009-02,ASN00079008,-36.9389,141.8714,0
2009-02,ASN00079015,-36.8721,142.6308,0
2009-02,ASN00079016,-36.7281,142.7303,2
2009-02,ASN00079017,-36.7181,141.4729,0
2009-02,ASN00079019,-37.1847,142.8553,18
2009-02,ASN00079028,-36.6722,142.2991,12
2009-02,ASN00079031,-36.9865,143.2727,4
2009-02,ASN00079032,-36.8612,142.9332,0
2009-02,ASN00079002,-36.9532,143.1976,6
2009-02,ASN00077052,-35.6803,142.6664,4
2009-02,ASN00077040,-35.5254,142.7267,4
2009-02,ASN00077039,-35.5046,142.8493,4
2009-02,ASN00076064,-35.1201,142.004,0
2009-02,ASN00076067,-34.3883,141.5954,0
2009-02,ASN00076069,-34.9536,142.7392,0
2009-02,ASN00076103,-35.189,142.3725,0
2009-02,ASN00076105,-34.7164,143.1506,0
2009-02,ASN00076106,-35.2484,141.0808,0
2009-02,ASN00076107,-35.2848,141.4949,0
2009-02,ASN00076109,-35.3678,141.0625,4
2009-02,ASN00076133,-34.1051,141.0166,0
2009-02,ASN00077001,-35.9809,143.6479,0
2009-02,ASN00077005,-35.6367,142.995,4
2009-02,ASN00077008,-35.9244,142.851,0
2009-02,ASN00077009,-35.5504,142.9207,0
2009-02,ASN00077010,-35.7151,142.3569,0
2009-02,ASN00077014,-35.717,143.1074,0
2009-02,ASN00077015,-35.5574,142.5432,0
2009-02,ASN00077023,-35.6692,143.3764,4
2009-02,ASN00077025,-35.4609,143.6286,0
2009-02,ASN00077028,-35.7955,142.8768,0
2009-02,ASN00077033,-35.3833,142.1869,0
2009-02,ASN00077034,-35.9296,143.4992,0
2009-02,ASN00074118,-34.5139,146.1848,142
2009-02,ASN00079036,-36.7416,141.9429,14
2009-02,ASN00074110,-35.3305,146.2652,0
2009-02,ASN00074104,-35.2683,147.1142,0
2009-02,ASN00071005,-36.5029,148.835,130
2009-02,ASN00071019,-36.5067,148.8281,98
2009-02,ASN00071021,-36.4818,148.5873,300
2009-02,ASN00071032,-36.4917,148.2859,338
2009-02,ASN00071041,-36.5031,148.304,325
2009-02,ASN00072004,-35.5203,148.1453,6
2009-02,ASN00072023,-36.1039,147.0329,14
2009-02,ASN00072042,-35.2765,147.7362,98
2009-02,ASN00072043,-35.778,148.0141,50
2009-02,ASN00071000,-35.9962,148.7693,122
2009-02,ASN00072044,-35.3194,148.2341,22
2009-02,ASN00072053,-35.7542,147.8445,82
2009-02,ASN00072056,-35.3947,148.247,54
2009-02,ASN00072080,-35.7226,147.9291,10
2009-02,ASN00072082,-35.5528,147.9827,55
2009-02,ASN00072089,-35.9784,148.0855,60
2009-02,ASN00072091,-35.9383,148.3842,72
2009-02,ASN00072098,-35.3448,148.3837,36
2009-02,ASN00072101,-35.7112,147.4859,12
2009-02,ASN00072141,-35.725,148.4915,14
2009-02,ASN00072050,-36.0355,147.2707,8
2009-02,ASN00072142,-35.72,147.3103,18
2009-02,ASN00070349,-35.5293,148.7721,178
2009-02,ASN00070346,-35.1889,149.251,56
2009-02,ASN00070237,-36.5902,149.3824,736
2009-02,ASN00070242,-35.2572,149.0742,68
2009-02,ASN00070246,-35.3098,149.1269,34
2009-02,ASN00070247,-35.2776,149.1095,48
2009-02,ASN00070261,-35.6904,149.5869,654
2009-02,ASN00070263,-34.7495,149.7034,272
2009-02,ASN00070269,-34.6653,149.9888,560
2009-02,ASN00070278,-36.2318,149.1243,149
2009-02,ASN00070299,-36.1827,149.3467,40
2009-02,ASN00070348,-35.8618,149.1321,82
2009-02,ASN00070307,-35.2459,149.1068,86
2009-02,ASN00070309,-36.9131,149.0372,18
2009-02,ASN00070326,-37.1475,149.1496,282
2009-02,ASN00070328,-37.0016,149.2336,344
2009-02,ASN00070330,-34.8085,149.7312,206
2009-02,ASN00070334,-35.1138,149.9624,282
2009-02,ASN00070335,-35.2,149.955,240
2009-02,ASN00070336,-36.5971,149.2974,243
2009-02,ASN00070339,-35.4184,149.0937,40
2009-02,ASN00070340,-35.1837,149.1122,53
2009-02,ASN00070308,-35.3757,149.087,52
2009-02,ASN00072146,-36.0692,146.9534,0
2009-02,ASN00072150,-35.1583,147.4573,86
2009-02,ASN00072152,-35.317,148.433,0
2009-02,ASN00073115,-35.1687,148.2311,15
2009-02,ASN00073129,-34.1567,148.6857,106
2009-02,ASN00073138,-34.2493,148.2475,182
2009-02,ASN00073141,-35.0479,148.1075,100
2009-02,ASN00073142,-34.6299,148.0364,104
2009-02,ASN00073150,-34.5307,147.8442,260
2009-02,ASN00073151,-34.4292,147.5111,144
2009-02,ASN00074000,-34.3567,146.9032,200
2009-02,ASN00074002,-34.3479,147.2208,82
2009-02,ASN00073113,-34.1985,148.0047,514
2009-02,ASN00074005,-34.2849,146.5714,210
2009-02,ASN00074037,-34.6223,146.4328,86
2009-02,ASN00074040,-34.8814,145.7595,0
2009-02,ASN00074042,-35.6408,145.5762,8
2009-02,ASN00074050,-34.738,146.7825,90
2009-02,ASN00074053,-35.5168,147.0344,4
2009-02,ASN00074055,-35.3475,145.7257,36
2009-02,ASN00074081,-35.9878,146.0061,8
2009-02,ASN00074087,-35.3342,146.0342,24
2009-02,ASN00074088,-35.5579,146.1653,28
2009-02,ASN00074034,-35.9887,146.3574,0
2009-02,ASN00073110,-33.9462,148.0775,218
2009-02,ASN00073109,-34.425,148.5408,150
2009-02,ASN00073100,-33.9119,148.4383,145
2009-02,ASN00072156,-35.9333,147.7167,0
2009-02,ASN00072159,-35.3019,147.9402,72
2009-02,ASN00072160,-36.069,146.9509,36
2009-02,ASN00072161,-35.9371,148.3779,70
2009-02,ASN00072162,-36.2304,148.1405,10
2009-02,ASN00072163,-35.899,148.1821,56
2009-02,ASN00072169,-35.7108,148.0026,0
2009-02,ASN00073000,-34.1442,147.386,30
2009-02,ASN00073007,-34.9997,148.5984,145
2009-02,ASN00073014,-33.9029,148.1718,230
2009-02,ASN00073017,-34.0824,148.365,130
2009-02,ASN00073019,-34.8456,147.5714,133
2009-02,ASN00073021,-34.0391,148.5552,212
2009-02,ASN00073022,-34.6479,148.1606,134
2009-02,ASN00073025,-34.791,147.5592,192
2009-02,ASN00073029,-34.5495,148.3493,112
2009-02,ASN00073032,-34.0112,147.7937,137
2009-02,ASN00073043,-34.4918,148.1266,118
2009-02,ASN00073044,-35.0581,147.753,90
2009-02,ASN00073051,-34.2054,148.5533,232
2009-02,ASN00073054,-33.9262,147.2418,52
2009-02,ASN00074106,-35.817,145.6004,10
2009-02,ASN00079037,-36.9,143.1137,0
2009-02,ASN00079039,-36.9065,143.3384,10
2009-02,ASN00079040,-36.6189,143.2631,64
2009-02,ASN00083079,-36.7132,146.6717,116
2009-02,ASN00083083,-36.7396,146.4671,30
2009-02,ASN00083084,-36.8708,147.2755,212
2009-02,ASN00083085,-36.9767,147.1342,168
2009-02,ASN00083090,-37.1017,147.6008,118
2009-02,ASN00083091,-37.3016,146.1489,30
2009-02,ASN00084002,-37.1712,148.7228,352
2009-02,ASN00084003,-37.7073,147.8314,197
2009-02,ASN00084014,-37.106,148.6862,64
2009-02,ASN00083077,-37.0322,146.3508,56
2009-02,ASN00084015,-37.3757,147.8373,162
2009-02,ASN00084025,-37.8507,147.7664,540
2009-02,ASN00084035,-37.2618,147.7229,46
2009-02,ASN00084039,-37.0707,148.5906,66
2009-02,ASN00084044,-37.0071,148.2666,124
2009-02,ASN00084045,-37.8526,148.0638,389
2009-02,ASN00084084,-37.5976,149.7289,460
2009-02,ASN00084093,-37.7132,148.3954,256
2009-02,ASN00084096,-37.5455,148.1357,182
2009-02,ASN00084100,-37.8333,147.6206,486
2009-02,ASN00084016,-37.5679,149.9158,432
2009-02,ASN00084107,-37.0826,148.2791,352
2009-02,ASN00083067,-36.7313,146.9614,93
2009-02,ASN00083058,-36.8547,146.8581,0
2009-02,ASN00082155,-36.8211,146.1278,30
2009-02,ASN00082156,-36.7903,146.28,38
2009-02,ASN00082158,-36.7478,146.5362,22
2009-02,ASN00082162,-36.5775,146.8203,28
2009-02,ASN00082163,-36.6364,146.5547,82
2009-02,ASN00082165,-36.9502,146.0095,8
2009-02,ASN00082166,-36.4186,146.5572,146
2009-02,ASN00082167,-36.5344,146.2181,64
2009-02,ASN00082169,-36.1828,147.8938,17
2009-02,ASN00083064,-36.941,147.7779,124
2009-02,ASN00083000,-36.9064,146.2389,64
2009-02,ASN00083010,-36.6344,146.8628,104
2009-02,ASN00083019,-37.0525,146.0872,34
2009-02,ASN00083024,-37.145,146.4394,72
2009-02,ASN00083032,-36.8473,146.3225,98
2009-02,ASN00083033,-37.5696,146.2541,28
2009-02,ASN00083035,-36.9257,147.423,90
2009-02,ASN00083038,-36.6566,147.1283,52
2009-02,ASN00083043,-36.8756,147.2886,18
2009-02,ASN00083057,-36.6074,146.7888,10
2009-02,ASN00083003,-36.9456,147.7407,180
2009-02,ASN00084109,-37.5006,148.2717,12
2009-02,ASN00084118,-37.49,147.1658,126
2009-02,ASN00084122,-37.4772,149.6386,366
2009-02,ASN00085073,-38.3183,147.1752,580
2009-02,ASN00085085,-38.2181,146.1658,36
2009-02,ASN00085096,-39.1297,146.4244,90
2009-02,ASN00085137,-38.7205,145.9011,58
2009-02,ASN00085160,-38.4191,146.9656,338
2009-02,ASN00085163,-38.7915,146.1799,248
2009-02,ASN00085166,-37.9582,147.0843,360
2009-02,ASN00085167,-38.0229,147.3511,514
2009-02,ASN00085168,-37.8345,147.0819,236
2009-02,ASN00085072,-38.1156,147.1322,268
2009-02,ASN00085179,-38.1033,145.9718,20
2009-02,ASN00085200,-38.4323,145.7919,84
2009-02,ASN00085227,-38.5215,146.2041,132
2009-02,ASN00085238,-37.9532,146.3898,330
2009-02,ASN00085270,-37.7647,147.3744,484
2009-02,ASN00085276,-37.8039,146.8842,366
2009-02,ASN00085277,-37.9039,145.9719,60
2009-02,ASN00085279,-37.8817,147.5669,442
2009-02,ASN00085280,-38.2094,146.4747,102
2009-02,ASN00085281,-38.3245,146.5301,42
2009-02,ASN00085195,-38.0654,146.1689,70
2009-02,ASN00085063,-38.6079,146.3185,268
2009-02,ASN00085058,-37.5277,146.5458,48
2009-02,ASN00085053,-38.506,146.5187,349
2009-02,ASN00084134,-37.3397,148.712,176
2009-02,ASN00084140,-37.7962,147.7559,476
2009-02,ASN00084142,-37.22,148.2625,182
2009-02,ASN00084143,-37.3417,149.0228,460
2009-02,ASN00084144,-37.6924,148.0908,414
2009-02,ASN00084145,-37.6922,148.4667,224
2009-02,ASN00084147,-37.8164,147.5714,570
2009-02,ASN00084148,-37.8385,147.8312,410
2009-02,ASN00085007,-38.4307,146.5398,226
2009-02,ASN00085009,-38.1951,146.5293,114
2009-02,ASN00085021,-37.7,146.5167,840
2009-02,ASN00085023,-38.1383,145.86,32
2009-02,ASN00085028,-38.72,146.0633,214
2009-02,ASN00085029,-38.652,146.1997,163
2009-02,ASN00085030,-38.4455,146.2699,100
2009-02,ASN00085033,-38.4228,147.0864,396
2009-02,ASN00085034,-37.9085,146.8046,338
2009-02,ASN00085040,-38.6911,146.1486,158
2009-02,ASN00085042,-38.022,145.8884,100
2009-02,ASN00085045,-38.435,145.8178,126
2009-02,ASN00085049,-38.4842,145.9329,118
2009-02,ASN00082154,-36.8892,145.6814,18
2009-02,ASN00082153,-36.8206,145.705,20
2009-02,ASN00082151,-36.8628,145.7333,22
2009-02,ASN00082149,-36.7858,145.5683,18
2009-02,ASN00080091,-36.335,145.0638,0
2009-02,ASN00080101,-36.0918,145.4531,0
2009-02,ASN00080103,-36.3794,144.2299,0
2009-02,ASN00080109,-35.9119,145.6447,0
2009-02,ASN00080125,-35.8876,145.3879,50
2009-02,ASN00080126,-35.7175,143.9111,5
2009-02,ASN00080128,-36.2847,143.3341,0
2009-02,ASN00081007,-36.4565,145.6569,12
2009-02,ASN00081008,-36.5421,144.7751,2
2009-02,ASN00080067,-36.2717,143.3453,0
2009-02,ASN00081016,-36.4963,144.6096,6
2009-02,ASN00081033,-36.6436,145.4197,6
2009-02,ASN00081034,-36.3989,145.3448,18
2009-02,ASN00081035,-36.6146,145.2143,0
2009-02,ASN00081041,-36.534,144.208,2
2009-02,ASN00081046,-36.4436,144.9828,2
2009-02,ASN00081049,-36.4378,145.2672,10
2009-02,ASN00081063,-37.0833,143.4833,0
2009-02,ASN00081083,-36.8465,144.5273,6
2009-02,ASN00081085,-36.8589,143.7297,28
2009-02,ASN00081019,-36.718,145.1731,12
2009-02,ASN00080056,-36.2497,144.9531,0
2009-02,ASN00080049,-36.3613,144.7108,8
2009-02,ASN00080044,-35.9977,144.4244,0
2009-02,ASN00079046,-37.0936,142.4344,8
2009-02,ASN00079050,-37.3162,142.6975,18
2009-02,ASN00079075,-36.6287,142.6321,4
2009-02,ASN00079078,-37.0607,141.9882,4
2009-02,ASN00079079,-36.7913,143.1207,24
2009-02,ASN00079097,-37.1169,141.8031,6
2009-02,ASN00079099,-37.0222,141.2657,10
2009-02,ASN00079100,-36.6697,142.1731,0
2009-02,ASN00079103,-37.295,142.6039,28
2009-02,ASN00079105,-37.068,142.7412,16
2009-02,ASN00079107,-36.8132,141.2599,14
2009-02,ASN00080002,-36.116,143.7229,7
2009-02,ASN00080004,-35.9741,143.8525,0
2009-02,ASN00080014,-36.1348,143.9186,8
2009-02,ASN00080015,-36.1647,144.7642,0
2009-02,ASN00080017,-36.0407,143.9403,2
2009-02,ASN00080020,-35.9661,144.3712,0
2009-02,ASN00080023,-35.7236,143.9197,6
2009-02,ASN00080024,-35.8674,143.8007,0
2009-02,ASN00080027,-36.3203,143.735,0
2009-02,ASN00080036,-35.9681,144.1073,0
2009-02,ASN00081087,-36.2567,146.0433,50
2009-02,ASN00085289,-37.8514,146.555,616
2009-02,ASN00081090,-36.7446,143.6788,46
2009-02,ASN00081115,-36.6284,144.8726,0
2009-02,ASN00082084,-36.7136,145.7603,8
2009-02,ASN00082090,-36.4793,147.0297,120
2009-02,ASN00082096,-36.9005,145.5228,10
2009-02,ASN00082103,-36.0243,147.5475,0
2009-02,ASN00082105,-36.8314,146.3982,60
2009-02,ASN00082109,-36.6133,146.1131,86
2009-02,ASN00082112,-36.6533,146.8567,70
2009-02,ASN00082116,-36.6083,146.3583,2
2009-02,ASN00082128,-36.5131,146.4483,10
2009-02,ASN00082083,-36.804,145.418,12
2009-02,ASN00082134,-36.6936,145.8785,6
2009-02,ASN00082139,-36.2136,147.5394,22
2009-02,ASN00082140,-36.8542,145.9381,36
2009-02,ASN00082142,-36.9461,146.2197,120
2009-02,ASN00082143,-36.7861,145.6581,14
2009-02,ASN00082144,-36.8167,145.64,20
2009-02,ASN00082145,-36.8753,145.5783,14
2009-02,ASN00082146,-36.9322,145.5842,8
2009-02,ASN00082147,-36.9217,145.6769,10
2009-02,ASN00082148,-36.8278,145.8494,34
2009-02,ASN00082138,-36.4206,146.3056,176
2009-02,ASN00082076,-36.5353,147.4984,20
2009-02,ASN00082068,-36.5293,147.3749,18
2009-02,ASN00082058,-36.3111,146.8381,70
2009-02,ASN00081120,-36.5886,145.0198,0
2009-02,ASN00081123,-36.7395,144.3266,4
2009-02,ASN00081124,-36.0294,146.0306,50
2009-02,ASN00081125,-36.4289,145.3947,38
2009-02,ASN00081127,-36.8867,143.5022,0
2009-02,ASN00082001,-36.3702,146.7132,18
2009-02,ASN00082009,-36.6085,146.5371,72
2009-02,ASN00082010,-36.1491,146.6106,54
2009-02,ASN00082015,-36.3084,146.5229,148
2009-02,ASN00082016,-36.7545,145.5727,16
2009-02,ASN00082018,-36.7691,147.6956,178
2009-02,ASN00082021,-36.0964,146.6008,14
2009-02,ASN00082029,-36.456,146.4299,18
2009-02,ASN00082033,-36.6975,146.2852,32
2009-02,ASN00082039,-36.1047,146.5094,138
2009-02,ASN00082041,-36.1859,146.4694,155
2009-02,ASN00082042,-36.8472,145.7308,24
2009-02,ASN00082043,-36.7872,145.8225,34
2009-02,ASN00082049,-36.6425,145.7234,20
2009-02,ASN00082052,-35.9645,147.7374,0
2009-02,ASN00082057,-36.3025,146.7299,54
2009-02,ASN00081100,-36.7682,143.9866,12
2009-02,ASN00040976,-27.4753,152.9753,1392
2009-02,ASN00040969,-27.0717,153.1058,1734
2009-02,ASN00040965,-27.2442,153.0867,1694
2009-02,ASN00014654,-14.3295,133.1176,3532
2009-02,ASN00014703,-15.7426,136.8192,2224
2009-02,ASN00014704,-16.4423,136.076,2932
2009-02,ASN00014719,-15.5789,135.4271,2310
2009-02,ASN00014723,-16.0757,136.3041,1780
2009-02,ASN00014729,-15.6293,136.3881,2720
2009-02,ASN00014730,-14.1055,133.3422,2222
2009-02,ASN00014803,-15.2085,129.4502,2268
2009-02,ASN00014816,-15.7372,131.5345,2582
2009-02,ASN00014652,-14.5264,132.8006,3162
2009-02,ASN00014821,-16.4583,129.0058,3380
2009-02,ASN00014825,-16.403,131.0145,3188
2009-02,ASN00014829,-18.3325,130.6358,424
2009-02,ASN00014840,-17.3871,131.1166,1370
2009-02,ASN00014847,-16.1176,130.9558,4620
2009-02,ASN00014853,-15.97,129.0407,3028
2009-02,ASN00014856,-18.3902,129.4299,364
2009-02,ASN00014857,-19.2798,129.9422,400
2009-02,ASN00014864,-16.3541,131.5147,2261
2009-02,ASN00014866,-17.6129,130.0713,854
2009-02,ASN00014824,-16.1196,130.4282,6034
2009-02,ASN00014868,-16.8525,131.1597,1596
2009-02,ASN00014651,-13.8269,133.3277,3034
2009-02,ASN00014648,-14.134,133.1094,3110
2009-02,ASN00014274,-11.0468,132.9791,1322
2009-02,ASN00014275,-12.7164,131.8206,3438
2009-02,ASN00014277,-12.635,130.3725,3762
2009-02,ASN00014285,-12.3551,130.8857,1330
2009-02,ASN00014401,-11.6502,133.3796,2236
2009-02,ASN00014404,-12.0931,134.8919,3324
2009-02,ASN00014405,-12.0569,134.2339,2468
2009-02,ASN00014508,-12.2741,136.8203,2220
2009-02,ASN00014515,-12.5013,135.8001,4982
2009-02,ASN00014650,-14.9147,133.127,2762
2009-02,ASN00014517,-11.9971,135.5726,2938
2009-02,ASN00014602,-14.1394,134.4742,2509
2009-02,ASN00014612,-15.5748,133.2138,2688
2009-02,ASN00014621,-15.8087,134.1477,2890
2009-02,ASN00014626,-16.2636,133.3782,2124
2009-02,ASN00014627,-13.6714,134.3414,1420
2009-02,ASN00014628,-16.455,134.6504,1940
2009-02,ASN00014639,-15.9179,132.3831,3298
2009-02,ASN00014646,-14.8528,134.036,1745
2009-02,ASN00014647,-15.2712,132.9127,3098
2009-02,ASN00014518,-13.9747,136.4631,2830
2009-02,ASN00014901,-13.8345,131.1872,816
2009-02,ASN00014902,-14.4589,132.2572,410
2009-02,ASN00014909,-13.3275,133.0861,3744
2009-02,ASN00015585,-21.7498,135.2382,166
2009-02,ASN00015590,-23.7951,133.889,90
2009-02,ASN00015594,-23.4564,134.6849,46
2009-02,ASN00015602,-22.9494,136.1442,38
2009-02,ASN00015607,-22.1305,132.0812,178
2009-02,ASN00015611,-22.7228,131.1685,95
2009-02,ASN00015617,-24.1313,134.3737,30
2009-02,ASN00015618,-22.2747,137.9733,100
2009-02,ASN00015626,-22.3961,134.2335,100
2009-02,ASN00015548,-20.1883,130.0161,26
2009-02,ASN00015633,-24.0636,132.7444,58
2009-02,ASN00015641,-20.5476,130.3466,41
2009-02,ASN00015643,-22.4518,133.6377,66
2009-02,ASN00015652,-24.2914,131.5488,18
2009-02,ASN00015653,-22.9689,134.2415,200
2009-02,ASN00015660,-25.3602,131.0196,0
2009-02,ASN00015661,-22.2109,134.1182,254
2009-02,ASN00015664,-23.27,129.38,0
2009-02,ASN00015666,-20.1824,130.0148,32
2009-02,ASN00015667,-23.6338,132.7311,11
2009-02,ASN00015635,-25.1896,130.9737,0
2009-02,ASN00015537,-20.5003,134.662,400
2009-02,ASN00015521,-23.2837,134.4229,162
2009-02,ASN00015511,-25.3139,131.7571,0
2009-02,ASN00014925,-13.7352,131.0437,2305
2009-02,ASN00014927,-14.3731,132.1566,3688
2009-02,ASN00014932,-14.5229,132.3826,1860
2009-02,ASN00014947,-14.0106,132.2084,3026
2009-02,ASN00014948,-14.2495,129.5282,2362
2009-02,ASN00014949,-15.7442,131.9182,1300
2009-02,ASN00014950,-14.1243,132.6378,3454
2009-02,ASN00014954,-14.9408,130.8092,5802
2009-02,ASN00014955,-14.3202,132.4226,2188
2009-02,ASN00014956,-13.9487,131.3191,3608
2009-02,ASN00014962,-14.254,132.7357,2264
2009-02,ASN00014965,-14.1882,132.3961,3392
2009-02,ASN00014966,-14.3148,132.4248,1544
2009-02,ASN00014967,-14.3055,132.0772,4163
2009-02,ASN00015085,-18.637,135.945,1572
2009-02,ASN00015088,-19.0579,136.7066,700
2009-02,ASN00015123,-18.8689,134.4991,484
2009-02,ASN00015131,-17.5521,133.5407,2615
2009-02,ASN00015135,-19.6423,134.1833,264
2009-02,ASN00015139,-19.933,134.3548,131
2009-02,ASN00015501,-23.1273,133.836,50
2009-02,ASN00014272,-13.0545,131.0252,4302
2009-02,ASN00015673,-23.5312,134.3743,31
2009-02,ASN00014266,-12.4121,130.9669,3423
2009-02,ASN00014264,-12.7121,130.9889,3500
2009-02,ASN00011008,-31.8433,127.8572,72
2009-02,ASN00011017,-32.4569,123.8653,190
2009-02,ASN00011019,-32.2464,126.3008,66
2009-02,ASN00011022,-31.7117,128.8867,16
2009-02,ASN00011052,-30.8453,128.1092,2
2009-02,ASN00012009,-32.2147,121.7547,76
2009-02,ASN00012011,-30.9869,119.1142,26
2009-02,ASN00012025,-27.9331,120.0575,70
2009-02,ASN00012029,-32.0339,122.8017,90
2009-02,ASN00011003,-31.6797,128.8792,0
2009-02,ASN00012038,-30.7847,121.4533,44
2009-02,ASN00012044,-33.5547,120.6997,96
2009-02,ASN00012045,-28.6306,122.4072,94
2009-02,ASN00012064,-31.3356,118.98,54
2009-02,ASN00012071,-32.9869,121.6239,18
2009-02,ASN00012072,-27.9875,119.2961,430
2009-02,ASN00012077,-32.8606,121.7081,86
2009-02,ASN00012079,-31.0381,119.3064,12
2009-02,ASN00012083,-31.3011,118.6922,92
2009-02,ASN00012092,-28.5606,119.0161,60
2009-02,ASN00012043,-29.3361,121.4944,32
2009-02,ASN00012107,-33.4225,121.9894,154
2009-02,ASN00010917,-32.6722,116.6706,72
2009-02,ASN00010912,-32.5878,117.6408,32
2009-02,ASN00010647,-33.3075,117.3403,96
2009-02,ASN00010692,-33.1131,118.84,154
2009-02,ASN00010702,-32.1003,118.8058,170
2009-02,ASN00010704,-33.3281,117.5628,68
2009-02,ASN00010705,-32.3344,118.8492,98
2009-02,ASN00010729,-34.3439,118.6306,186
2009-02,ASN00010792,-34.1692,118.9444,170
2009-02,ASN00010799,-32.6339,118.0103,34
2009-02,ASN00010802,-33.4661,118.6361,110
2009-02,ASN00010916,-33.6856,117.6064,168
2009-02,ASN00010831,-33.4836,117.61,110
2009-02,ASN00010869,-33.5942,120.1833,55
2009-02,ASN00010872,-33.1722,118.2475,40
2009-02,ASN00010878,-33.5381,119.6564,56
2009-02,ASN00010893,-34.3078,117.4347,190
2009-02,ASN00010897,-34.2206,118.5042,208
2009-02,ASN00010904,-32.1717,118.6136,192
2009-02,ASN00010905,-33.8878,119.1092,94
2009-02,ASN00010908,-32.0294,116.8742,108
2009-02,ASN00010911,-33.1006,118.4647,24
2009-02,ASN00010866,-33.9317,117.3258,42
2009-02,ASN00012117,-31.2186,121.6181,50
2009-02,ASN00012141,-30.0242,119.28,114
2009-02,ASN00012152,-31.2617,120.0219,90
2009-02,ASN00014092,-13.2373,131.1042,4040
2009-02,ASN00014112,-12.3786,130.8469,4952
2009-02,ASN00014116,-12.4429,130.9325,1752
2009-02,ASN00014142,-11.4022,130.4217,3934
2009-02,ASN00014143,-12.8003,131.0507,4002
2009-02,ASN00014144,-12.3962,130.8785,3836
2009-02,ASN00014149,-12.4558,131.0505,4190
2009-02,ASN00014153,-11.1538,132.143,1842
2009-02,ASN00014163,-12.4396,130.8376,5147
2009-02,ASN00014062,-14.1435,132.1925,4014
2009-02,ASN00014183,-12.8324,130.9713,4572
2009-02,ASN00014219,-12.5491,131.0794,3876
2009-02,ASN00014222,-12.6374,131.0763,4574
2009-02,ASN00014224,-13.8062,132.197,2868
2009-02,ASN00014226,-12.5764,131.0829,4414
2009-02,ASN00014227,-12.3887,130.9248,4382
2009-02,ASN00014238,-12.4346,130.7491,4044
2009-02,ASN00014246,-12.3784,130.9057,4212
2009-02,ASN00014253,-13.1672,130.1225,3062
2009-02,ASN00014260,-12.4819,130.8978,2523
2009-02,ASN00014198,-12.6594,132.8939,3352
2009-02,ASN00014059,-14.0829,131.8099,3600
2009-02,ASN00014055,-13.481,131.1173,3124
2009-02,ASN00014041,-12.605,131.2988,3902
2009-02,ASN00012223,-33.2242,121.3544,174
2009-02,ASN00012239,-28.4967,119.7436,122
2009-02,ASN00012297,-33.4853,122.5867,0
2009-02,ASN00012305,-28.6133,122.4236,44
2009-02,ASN00012306,-33.5239,122.9469,218
2009-02,ASN00012308,-33.3356,122.0697,78
2009-02,ASN00012314,-27.8386,120.7031,90
2009-02,ASN00012320,-31.2353,119.3564,32
2009-02,ASN00013005,-26.2225,121.5561,76
2009-02,ASN00013006,-26.4006,120.9539,80
2009-02,ASN00013011,-26.1317,126.5839,90
2009-02,ASN00013015,-25.7964,122.9753,140
2009-02,ASN00013017,-25.0341,128.301,64
2009-02,ASN00013018,-26.1208,121.9403,50
2009-02,ASN00013024,-26.5172,122.8078,65
2009-02,ASN00013030,-21.7125,122.2281,640
2009-02,ASN00013032,-25.6361,121.3533,28
2009-02,ASN00014013,-12.81,130.4576,5166
2009-02,ASN00014015,-12.4239,130.8925,4958
2009-02,ASN00014021,-13.1137,130.7981,5224
2009-02,ASN00014040,-12.4227,130.8844,5080
2009-02,ASN00014265,-12.4126,130.9202,3406
2009-02,ASN00010641,-33.375,116.9053,68
2009-02,ASN00016001,-31.1558,136.8054,0
2009-02,ASN00016006,-29.9434,134.1506,80
2009-02,ASN00020001,-31.9695,140.5436,0
2009-02,ASN00020002,-32.076,140.9969,4
2009-02,ASN00020004,-31.6516,139.5491,0
2009-02,ASN00020013,-32.4292,139.9887,0
2009-02,ASN00020017,-32.4467,140.9233,30
2009-02,ASN00020020,-32.6416,139.6496,2
2009-02,ASN00020022,-33.2458,140.0345,0
2009-02,ASN00020025,-33.5009,139.5154,0
2009-02,ASN00020028,-33.7622,140.1251,6
2009-02,ASN00020000,-32.0498,140.162,0
2009-02,ASN00020043,-33.1873,139.6209,0
2009-02,ASN00020053,-32.1698,140.7959,0
2009-02,ASN00020055,-31.7484,140.3426,0
2009-02,ASN00020059,-31.6619,140.6289,0
2009-02,ASN00020062,-32.5707,139.5645,0
2009-02,ASN00021001,-34.026,138.6846,0
2009-02,ASN00021002,-34.1424,138.4225,0
2009-02,ASN00021004,-33.5643,138.7595,2
2009-02,ASN00021010,-33.7459,138.5628,0
2009-02,ASN00021012,-33.8682,138.01,0
2009-02,ASN00020049,-31.6382,140.513,0
2009-02,ASN00021013,-33.1851,138.4968,0
2009-02,ASN00019115,-33.0188,138.6153,0
2009-02,ASN00019113,-31.448,138.4531,0
2009-02,ASN00019017,-31.8846,138.435,0
2009-02,ASN00019031,-32.8776,139.0578,24
2009-02,ASN00019032,-32.7335,138.6135,20
2009-02,ASN00019034,-32.9737,138.8375,0
2009-02,ASN00019037,-33.0216,138.0002,0
2009-02,ASN00019038,-32.3538,138.0371,22
2009-02,ASN00019042,-32.8454,138.2116,0
2009-02,ASN00019043,-32.9495,138.5174,0
2009-02,ASN00019046,-31.775,138.6529,0
2009-02,ASN00019114,-32.4295,138.8922,0
2009-02,ASN00019048,-32.6521,138.1003,0
2009-02,ASN00019053,-33.0856,138.2211,0
2009-02,ASN00019057,-32.552,138.8688,0
2009-02,ASN00019061,-32.0545,138.6427,4
2009-02,ASN00019062,-33.0287,138.7489,52
2009-02,ASN00019070,-31.5286,138.6093,0
2009-02,ASN00019078,-32.5172,137.8425,0
2009-02,ASN00019106,-32.627,139.1923,0
2009-02,ASN00019111,-31.4763,139.1134,0
2009-02,ASN00019112,-33.023,138.0698,0
2009-02,ASN00019052,-33.0338,138.2686,0
2009-02,ASN00021015,-33.7045,138.2927,0
2009-02,ASN00021019,-33.8315,138.7917,0
2009-02,ASN00021021,-33.2705,138.357,0
2009-02,ASN00021130,-34.1002,138.631,4
2009-02,ASN00021131,-33.8226,138.5933,0
2009-02,ASN00021133,-33.7676,138.2182,0
2009-02,ASN00022003,-34.6981,137.7116,0
2009-02,ASN00022008,-34.3745,137.6733,10
2009-02,ASN00022009,-34.7708,137.5952,0
2009-02,ASN00022011,-34.0672,137.5925,0
2009-02,ASN00022012,-34.0402,137.9004,0
2009-02,ASN00022015,-34.2971,138.0014,0
2009-02,ASN00021127,-33.8828,138.6389,0
2009-02,ASN00022018,-34.9906,137.3995,8
2009-02,ASN00022022,-34.1447,138.0146,0
2009-02,ASN00022023,-35.0203,137.6064,0
2009-02,ASN00022031,-34.748,137.5276,0
2009-02,ASN00022033,-34.4724,137.885,5
2009-02,ASN00022036,-34.7477,137.6309,2
2009-02,ASN00022044,-34.239,137.9883,0
2009-02,ASN00022046,-35.1121,137.7395,0
2009-02,ASN00022049,-35.2795,136.9392,0
2009-02,ASN00022050,-33.9703,137.6628,0
2009-02,ASN00022020,-33.9323,137.6282,2
2009-02,ASN00021110,-33.7876,137.7068,0
2009-02,ASN00021106,-33.953,138.3903,0
2009-02,ASN00021104,-33.9943,138.4539,0
2009-02,ASN00021022,-33.4669,138.4424,0
2009-02,ASN00021024,-33.4595,138.7475,24
2009-02,ASN00021025,-33.8347,138.6532,0
2009-02,ASN00021027,-33.2036,138.6059,90
2009-02,ASN00021029,-33.5867,138.3343,0
2009-02,ASN00021031,-33.1851,138.3001,0
2009-02,ASN00021033,-33.9136,138.7195,0
2009-02,ASN00021034,-33.5592,138.903,0
2009-02,ASN00021042,-33.6029,137.9348,0
2009-02,ASN00021044,-34.1848,138.1478,0
2009-02,ASN00021045,-33.5407,138.2244,0
2009-02,ASN00021055,-33.2296,138.8844,12
2009-02,ASN00021057,-33.5707,138.4503,0
2009-02,ASN00021060,-33.2025,138.6024,106
2009-02,ASN00021062,-33.3041,138.7553,20
2009-02,ASN00021063,-34.1564,138.1827,0
2009-02,ASN00021072,-33.3265,138.3172,0
2009-02,ASN00021075,-33.7464,138.6058,0
2009-02,ASN00021076,-33.9309,138.814,0
2009-02,ASN00021077,-33.6781,138.9371,0
2009-02,ASN00021102,-33.35,138.102,0
2009-02,ASN00019013,-32.5373,138.5626,0
2009-02,ASN00016005,-32.3997,137.225,0
2009-02,ASN00019010,-32.0695,138.4948,0
2009-02,ASN00019008,-32.4618,138.2004,2
2009-02,ASN00017089,-27.7205,138.2548,0
2009-02,ASN00017098,-31.1881,138.2785,0
2009-02,ASN00017099,-30.311,139.3357,0
2009-02,ASN00017110,-30.5963,138.4219,0
2009-02,ASN00017115,-29.1266,140.9018,0
2009-02,ASN00017119,-30.8406,138.3224,0
2009-02,ASN00017123,-28.0997,140.1956,0
2009-02,ASN00017126,-29.6587,138.0684,0
2009-02,ASN00017130,-29.7138,137.9017,0
2009-02,ASN00017043,-27.5553,135.4456,0
2009-02,ASN00017131,-29.9062,139.7345,8
2009-02,ASN00018012,-32.1297,133.6976,18
2009-02,ASN00018014,-33.7011,136.4937,36
2009-02,ASN00018019,-34.3853,135.4697,0
2009-02,ASN00018022,-33.6772,136.9116,4
2009-02,ASN00018023,-34.2644,135.7266,0
2009-02,ASN00018024,-33.4678,136.2113,20
2009-02,ASN00018040,-33.1414,136.4125,6
2009-02,ASN00018044,-33.1332,135.5552,8
2009-02,ASN00018046,-33.5679,135.7571,8
2009-02,ASN00018001,-33.9118,136.5697,4
2009-02,ASN00018047,-32.0723,133.9401,24
2009-02,ASN00017041,-30.9372,138.8919,0
2009-02,ASN00017032,-30.9904,138.5787,0
2009-02,ASN00016021,-31.2609,135.2374,30
2009-02,ASN00016028,-30.0047,136.0445,0
2009-02,ASN00016030,-30.1809,135.6629,0
2009-02,ASN00016031,-30.2406,133.9885,28
2009-02,ASN00016032,-32.5226,136.4926,16
2009-02,ASN00016034,-32.1572,135.0722,35
2009-02,ASN00016035,-30.4027,136.392,0
2009-02,ASN00016055,-32.3792,135.5247,30
2009-02,ASN00016056,-32.1232,137.1505,0
2009-02,ASN00017037,-29.239,137.9058,0
2009-02,ASN00016065,-30.449,137.1692,0
2009-02,ASN00016086,-31.7646,135.6494,20
2009-02,ASN00016090,-29.0347,134.7222,0
2009-02,ASN00016095,-26.2085,133.8545,0
2009-02,ASN00016096,-30.4829,136.8772,0
2009-02,ASN00016097,-26.2635,132.1771,0
2009-02,ASN00016098,-30.7051,134.5786,12
2009-02,ASN00017014,-31.0939,138.6786,0
2009-02,ASN00017024,-30.066,138.2739,0
2009-02,ASN00017028,-27.724,140.7633,40
2009-02,ASN00016067,-32.4398,136.0671,36
2009-02,ASN00018060,-31.7782,132.2038,10
2009-02,ASN00018063,-31.932,133.0056,10
2009-02,ASN00018069,-33.6501,134.888,1
2009-02,ASN00018184,-33.6125,136.3722,10
2009-02,ASN00018186,-32.5534,136.7123,0
2009-02,ASN00018188,-34.6252,135.4725,0
2009-02,ASN00018189,-33.7516,135.1863,0
2009-02,ASN00018190,-32.9004,136.1858,10
2009-02,ASN00018192,-34.5993,135.8784,6
2009-02,ASN00018193,-33.0267,136.3171,10
2009-02,ASN00018195,-32.8427,135.1515,16
2009-02,ASN00018198,-33.4138,136.5989,12
2009-02,ASN00018182,-31.9661,133.3316,40
2009-02,ASN00018201,-32.5091,137.7144,0
2009-02,ASN00018204,-33.5879,134.8859,140
2009-02,ASN00018205,-34.7405,135.845,0
2009-02,ASN00018209,-33.8189,135.4857,0
2009-02,ASN00018213,-33.7412,135.0804,0
2009-02,ASN00018214,-32.9232,136.4778,18
2009-02,ASN00019001,-33.0524,138.4277,0
2009-02,ASN00019002,-32.2507,137.9776,0
2009-02,ASN00019005,-32.8247,138.6907,14
2009-02,ASN00019006,-32.881,138.3519,0
2009-02,ASN00018203,-34.344,136.0471,0
2009-02,ASN00018176,-33.3416,136.7518,18
2009-02,ASN00018174,-33.7234,136.1511,10
2009-02,ASN00018172,-32.921,135.9996,22
2009-02,ASN00018077,-32.3752,133.9353,0
2009-02,ASN00018079,-32.7963,134.2116,0
2009-02,ASN00018083,-33.043,135.4519,8
2009-02,ASN00018086,-34.3756,136.1026,0
2009-02,ASN00018091,-34.2617,136.2092,0
2009-02,ASN00018094,-32.4035,134.5323,18
2009-02,ASN00018096,-33.6824,136.6831,8
2009-02,ASN00018098,-32.9475,135.2754,0
2009-02,ASN00018106,-31.4492,130.8976,12
2009-02,ASN00018107,-34.5911,135.7572,28
2009-02,ASN00018110,-30.6143,130.4136,10
2009-02,ASN00018113,-33.965,136.2472,0
2009-02,ASN00018114,-30.1591,131.579,28
2009-02,ASN00018115,-35.3365,136.1174,0
2009-02,ASN00018116,-33.7081,136.5026,20
2009-02,ASN00018120,-33.0539,137.5205,0
2009-02,ASN00018144,-34.5424,135.6997,0
2009-02,ASN00018164,-33.6993,135.9238,2
2009-02,ASN00018165,-33.5733,135.602,8
2009-02,ASN00018166,-32.2811,134.4714,28
2009-02,ASN00018171,-34.1361,135.3319,0
2009-02,ASN00019009,-32.4244,138.5304,0
2009-02,ASN00010635,-33.7853,116.9064,158
2009-02,ASN00010628,-32.0094,117.4014,20
2009-02,ASN00010626,-32.5336,117.0831,74
2009-02,ASN00008050,-28.7769,114.605,2
2009-02,ASN00008051,-28.7953,114.6975,6
2009-02,ASN00008052,-28.17,114.7614,32
2009-02,ASN00008057,-29.5486,115.0689,0
2009-02,ASN00008060,-29.0364,115.5536,0
2009-02,ASN00008064,-30.6719,116.3078,48
2009-02,ASN00008066,-30.7008,117.0608,72
2009-02,ASN00008072,-29.7586,116.4444,24
2009-02,ASN00008077,-29.6006,115.9392,0
2009-02,ASN00008028,-28.5008,114.7897,30
2009-02,ASN00008095,-28.5367,115.5142,34
2009-02,ASN00008107,-29.4417,116.2875,70
2009-02,ASN00008113,-27.8325,114.7364,50
2009-02,ASN00008121,-29.5339,115.7628,0
2009-02,ASN00008137,-30.8917,116.7186,42
2009-02,ASN00008143,-29.2872,115.6331,0
2009-02,ASN00008146,-30.0706,116.2092,28
2009-02,ASN00008157,-28.8978,115.8628,0
2009-02,ASN00008200,-28.6936,115.0408,0
2009-02,ASN00008202,-30.6219,116.3794,50
2009-02,ASN00008100,-28.3456,114.6367,0
2009-02,ASN00008237,-28.6857,115.2806,6
2009-02,ASN00008025,-29.6889,115.8869,10
2009-02,ASN00008016,-30.445,117.0406,64
2009-02,ASN00007068,-29.425,117.2906,96
2009-02,ASN00007078,-26.5597,118.5397,30
2009-02,ASN00007081,-28.8928,117.1333,132
2009-02,ASN00007083,-23.6239,118.6561,460
2009-02,ASN00007090,-28.8439,117.8317,0
2009-02,ASN00007101,-26.2822,118.6933,70
2009-02,ASN00007103,-25.48,119.6492,286
2009-02,ASN00007139,-29.2708,117.6836,24
2009-02,ASN00007176,-23.4169,119.7989,422
2009-02,ASN00008022,-30.2911,116.3306,58
2009-02,ASN00007177,-23.6042,117.6892,566
2009-02,ASN00007180,-25.0386,120.0064,76
2009-02,ASN00007185,-23.1725,117.7494,1740
2009-02,ASN00007197,-28.2817,118.3111,50
2009-02,ASN00007600,-28.1156,117.8425,422
2009-02,ASN00008002,-30.5967,116.7714,70
2009-02,ASN00008005,-30.7294,116.02,88
2009-02,ASN00008008,-30.5831,116.135,80
2009-02,ASN00008013,-29.3303,116.1433,0
2009-02,ASN00008014,-30.2192,116.7783,58
2009-02,ASN00007179,-24.4114,118.9408,520
2009-02,ASN00008240,-28.8939,115.4539,8
2009-02,ASN00008251,-27.7119,114.165,0
2009-02,ASN00008254,-30.7092,116.7744,76
2009-02,ASN00009037,-30.3381,115.5394,30
2009-02,ASN00009039,-32.3536,116.005,182
2009-02,ASN00009040,-31.1428,116.0539,32
2009-02,ASN00009053,-31.6669,116.0189,10
2009-02,ASN00009066,-31.7908,116.1975,46
2009-02,ASN00009105,-31.7317,115.7931,104
2009-02,ASN00009106,-32.0486,115.9839,130
2009-02,ASN00009111,-32.44,116.0744,234
2009-02,ASN00009112,-31.3928,116.0875,378
2009-02,ASN00009033,-30.9719,116.2089,108
2009-02,ASN00009113,-32.1108,116.0953,236
2009-02,ASN00009151,-31.9556,115.7928,115
2009-02,ASN00009168,-32.1189,116.1206,166
2009-02,ASN00009172,-32.1011,115.8794,154
2009-02,ASN00009178,-31.4628,115.8642,66
2009-02,ASN00009193,-32.0069,115.5022,2
2009-02,ASN00009207,-32.0208,116.1167,118
2009-02,ASN00009215,-31.9558,115.7619,90
2009-02,ASN00009225,-31.9192,115.8728,82
2009-02,ASN00009240,-32.0056,116.1364,148
2009-02,ASN00009131,-30.3081,115.0311,18
2009-02,ASN00009030,-31.8972,116.1575,594
2009-02,ASN00009024,-31.5608,116.0842,42
2009-02,ASN00009021,-31.9275,115.9764,54
2009-02,ASN00008271,-28.8114,115.9675,58
2009-02,ASN00008283,-30.1453,116.3844,142
2009-02,ASN00008285,-28.3181,114.7614,0
2009-02,ASN00008286,-28.275,114.6761,18
2009-02,ASN00008290,-28.3008,113.5936,0
2009-02,ASN00008294,-28.2094,115.285,70
2009-02,ASN00008296,-29.2039,116.0247,6
2009-02,ASN00008297,-30.2761,116.6714,220
2009-02,ASN00008298,-28.7597,114.937,0
2009-02,ASN00008299,-29.1103,115.3173,20
2009-02,ASN00008300,-29.0692,115.0915,22
2009-02,ASN00008304,-28.9571,114.9492,0
2009-02,ASN00008305,-29.2778,114.9464,4
2009-02,ASN00008307,-28.89,115.4397,4
2009-02,ASN00008308,-28.8,115.76,14
2009-02,ASN00008309,-29.3,115.6597,0
2009-02,ASN00008310,-29.0291,115.5548,0
2009-02,ASN00009007,-31.8622,116.2658,28
2009-02,ASN00009009,-31.605,116.1114,62
2009-02,ASN00009015,-32.0892,116.125,222
2009-02,ASN00009018,-31.3461,115.9031,5
2009-02,ASN00007064,-27.3636,116.4261,248
2009-02,ASN00009242,-32.3956,115.9744,116
2009-02,ASN00007059,-24.2297,118.2408,714
2009-02,ASN00007030,-26.1142,117.5047,38
2009-02,ASN00002067,-15.9816,128.9991,3463
2009-02,ASN00002069,-16.4433,127.7836,3661
2009-02,ASN00003001,-17.2767,122.5711,3566
2009-02,ASN00003003,-17.9475,122.2353,2034
2009-02,ASN00003009,-18.355,125.3033,836
2009-02,ASN00003014,-18.2914,125.5869,1638
2009-02,ASN00003019,-17.3306,124.8167,3458
2009-02,ASN00003027,-18.1386,125.7764,1813
2009-02,ASN00003028,-19.2536,121.4861,464
2009-02,ASN00002064,-16.6381,128.4517,2592
2009-02,ASN00003030,-18.6844,121.7803,1104
2009-02,ASN00003040,-17.9903,124.1922,2985
2009-02,ASN00003041,-17.6925,122.7128,2603
2009-02,ASN00003048,-18.9158,125.5264,418
2009-02,ASN00003051,-16.7372,125.9086,2696
2009-02,ASN00003052,-16.8206,124.9158,4610
2009-02,ASN00003057,-16.4514,123.0086,5121
2009-02,ASN00003059,-19.0861,121.6764,880
2009-02,ASN00003066,-18.5175,121.8072,1388
2009-02,ASN00003068,-18.5075,123.4561,1742
2009-02,ASN00003032,-17.3706,123.6611,2662
2009-02,ASN00003073,-16.6872,123.8375,2956
2009-02,ASN00002056,-15.7814,128.71,2730
2009-02,ASN00002044,-16.1119,128.7414,3090
2009-02,ASN00001006,-15.51,128.1503,3420
2009-02,ASN00001007,-13.7542,126.1485,3136
2009-02,ASN00001010,-14.7883,126.4964,2547
2009-02,ASN00001018,-16.4181,126.1025,3538
2009-02,ASN00001019,-14.2964,126.6453,4204
2009-02,ASN00001020,-14.09,126.3867,3390
2009-02,ASN00001023,-16.0086,127.9806,2466
2009-02,ASN00001025,-15.3797,126.3114,3016
2009-02,ASN00001026,-15.7025,126.3786,3217
2009-02,ASN00002049,-18.1947,127.8147,678
2009-02,ASN00001027,-15.6394,128.0803,3290
2009-02,ASN00001035,-15.5969,128.2781,3230
2009-02,ASN00002009,-16.4203,126.4411,1504
2009-02,ASN00002012,-18.2292,127.6636,922
2009-02,ASN00002021,-18.3869,126.9892,962
2009-02,ASN00002022,-18.016,126.3033,1404
2009-02,ASN00002026,-18.5958,127.6419,1122
2009-02,ASN00002029,-19.1625,128.1633,1164
2009-02,ASN00002032,-17.0156,128.2175,2101
2009-02,ASN00002043,-18.3368,126.1243,1630
2009-02,ASN00001031,-13.96,127.1964,3422
2009-02,ASN00003080,-17.5736,123.8217,3418
2009-02,ASN00003084,-17.3436,123.6781,2778
2009-02,ASN00003093,-18.1814,125.5619,978
2009-02,ASN00005061,-20.7278,116.7483,2372
2009-02,ASN00005069,-21.6392,116.3308,3326
2009-02,ASN00005084,-21.4606,115.0197,1998
2009-02,ASN00005094,-20.875,115.4056,1960
2009-02,ASN00005095,-22.9367,116.9731,1896
2009-02,ASN00006008,-25.0481,114.0294,0
2009-02,ASN00006011,-24.8878,113.67,324
2009-02,ASN00006022,-25.0544,115.21,109
2009-02,ASN00006034,-25.3656,114.3594,250
2009-02,ASN00005036,-22.9367,115.9825,2370
2009-02,ASN00006044,-25.9261,113.5319,240
2009-02,ASN00006072,-23.0314,115.0414,439
2009-02,ASN00006097,-26.1203,113.3975,26
2009-02,ASN00006099,-26.8936,115.9561,236
2009-02,ASN00006105,-25.8925,113.5772,138
2009-02,ASN00007007,-26.9844,116.5361,108
2009-02,ASN00007014,-27.2528,117.6525,0
2009-02,ASN00007017,-27.4233,117.8994,16
2009-02,ASN00007019,-24.0019,119.5725,445
2009-02,ASN00007023,-25.6864,119.2258,231
2009-02,ASN00006058,-27.4278,115.5147,190
2009-02,ASN00005032,-21.5703,115.8786,80
2009-02,ASN00005029,-21.6767,116.3928,5071
2009-02,ASN00005022,-21.975,116.0653,4105
2009-02,ASN00003098,-17.0549,125.7108,3474
2009-02,ASN00003100,-17.9503,124.2653,3645
2009-02,ASN00004006,-22.1828,119.935,141
2009-02,ASN00004016,-20.7867,118.5972,689
2009-02,ASN00004019,-19.7419,120.8436,969
2009-02,ASN00004032,-20.3725,118.6317,1128
2009-02,ASN00004038,-20.7483,118.8172,924
2009-02,ASN00004039,-20.9469,117.3733,1718
2009-02,ASN00004041,-20.8503,120.695,702
2009-02,ASN00004046,-20.6739,120.2044,499
2009-02,ASN00004068,-19.7789,120.6417,1380
2009-02,ASN00004083,-20.7097,116.7742,2244
2009-02,ASN00004090,-20.7594,117.1583,1738
2009-02,ASN00004106,-21.1756,119.7497,900
2009-02,ASN00005001,-21.8047,117.8056,1614
2009-02,ASN00005006,-22.9119,116.2903,1916
2009-02,ASN00005007,-22.2406,114.0967,658
2009-02,ASN00005008,-21.1906,115.9797,1598
2009-02,ASN00005012,-21.5906,117.0656,3166
2009-02,ASN00005014,-21.7869,117.8647,1230
2009-02,ASN00005017,-21.6689,115.1092,1100
2009-02,ASN00007045,-26.6136,118.5372,118
2009-02,ASN00009248,-31.332,115.9513,42
2009-02,ASN00009252,-31.7683,116.2475,78
2009-02,ASN00009256,-32.2433,115.6839,34
2009-02,ASN00010042,-31.1936,117.0311,0
2009-02,ASN00010043,-31.7661,116.9167,64
2009-02,ASN00010053,-31.7233,118.4372,68
2009-02,ASN00010058,-31.2994,116.8269,0
2009-02,ASN00010060,-31.9886,118.5106,76
2009-02,ASN00010061,-31.1417,116.9558,6
2009-02,ASN00010064,-31.2747,116.5075,136
2009-02,ASN00010070,-30.3686,117.1133,34
2009-02,ASN00010073,-31.6183,117.7217,126
2009-02,ASN00010041,-31.6192,117.4372,62
2009-02,ASN00010076,-31.0597,116.7319,244
2009-02,ASN00010084,-30.1056,117.3597,248
2009-02,ASN00010092,-31.4756,118.2789,86
2009-02,ASN00010095,-31.5936,118.2347,80
2009-02,ASN00010097,-30.6569,117.2625,258
2009-02,ASN00010111,-31.6508,116.6586,362
2009-02,ASN00010112,-31.1842,118.1006,354
2009-02,ASN00010118,-31.9917,118.0264,42
2009-02,ASN00010119,-31.795,118.3947,418
2009-02,ASN00010121,-31.6431,117.4872,34
2009-02,ASN00010082,-31.1125,117.9186,184
2009-02,ASN00010124,-31.5136,118.1753,40
2009-02,ASN00010040,-31.6089,117.8775,0
2009-02,ASN00010032,-30.9964,117.3953,420
2009-02,ASN00009978,-33.7563,115.2096,52
2009-02,ASN00009982,-33.3878,115.8538,194
2009-02,ASN00009987,-33.6414,115.7028,158
2009-02,ASN00009988,-33.6808,115.6242,188
2009-02,ASN00009989,-33.6458,115.9553,184
2009-02,ASN00009990,-33.4775,115.7393,192
2009-02,ASN00009991,-33.5711,115.8383,168
2009-02,ASN00009992,-33.5435,115.5509,164
2009-02,ASN00009994,-33.3608,116.1717,134
2009-02,ASN00010039,-31.0072,117.2042,24
2009-02,ASN00009997,-33.7647,115.8431,210
2009-02,ASN00010000,-31.1675,117.0736,34
2009-02,ASN00010007,-30.8081,117.8603,381
2009-02,ASN00010009,-31.2744,116.5092,140
2009-02,ASN00010010,-30.9386,117.9642,522
2009-02,ASN00010011,-30.4731,118.3819,255
2009-02,ASN00010012,-31.5278,117.4361,50
2009-02,ASN00010019,-31.3958,118.4808,126
2009-02,ASN00010026,-30.0606,117.1417,6
2009-02,ASN00010031,-31.3742,117.5861,42
2009-02,ASN00009998,-34.9469,116.7222,258
2009-02,ASN00010126,-31.1153,117.7942,120
2009-02,ASN00010134,-31.3119,116.515,162
2009-02,ASN00010135,-30.4869,118.1258,386
2009-02,ASN00010524,-32.3725,117.0072,92
2009-02,ASN00010527,-32.3756,117.5128,96
2009-02,ASN00010530,-33.9144,117.0994,110
2009-02,ASN00010531,-33.7069,117.2411,122
2009-02,ASN00010534,-32.4825,117.5647,24
2009-02,ASN00010536,-32.3292,117.8733,40
2009-02,ASN00010537,-34.2961,117.5533,125
2009-02,ASN00010541,-33.8594,118.8158,88
2009-02,ASN00010546,-33.3142,117.74,82
2009-02,ASN00010520,-33.6614,117.0539,144
2009-02,ASN00010558,-33.9372,118.0075,110
2009-02,ASN00010565,-32.6744,119.4144,112
2009-02,ASN00010568,-32.4419,118.8983,168
2009-02,ASN00010582,-33.83,117.159,194
2009-02,ASN00010584,-32.6719,118.1547,4
2009-02,ASN00010603,-32.4231,118.2003,94
2009-02,ASN00010611,-33.2761,119.7753,40
2009-02,ASN00010612,-32.0656,118.3956,43
2009-02,ASN00010614,-32.9342,117.1797,206
2009-02,ASN00010622,-33.9644,118.4889,126
2009-02,ASN00010560,-32.5403,119.1122,110
2009-02,ASN00010518,-32.4006,118.6058,98
2009-02,ASN00010515,-32.1083,116.9247,56
2009-02,ASN00010513,-32.3869,118.2622,68
2009-02,ASN00010136,-30.5892,118.1489,372
2009-02,ASN00010138,-31.814,116.341,54
2009-02,ASN00010143,-31.415,117.2664,84
2009-02,ASN00010145,-31.3756,117.5853,36
2009-02,ASN00010149,-31.3361,117.8164,20
2009-02,ASN00010150,-31.6358,116.7961,20
2009-02,ASN00010151,-31.5317,118.0986,90
2009-02,ASN00010155,-30.7686,117.1361,0
2009-02,ASN00010160,-31.4533,117.1194,92
2009-02,ASN00010163,-31.7711,117.1433,70
2009-02,ASN00010192,-30.5539,118.2828,384
2009-02,ASN00010286,-31.6219,117.2217,28
2009-02,ASN00010294,-31.5736,117.5097,18
2009-02,ASN00010304,-31.485,116.5383,70
2009-02,ASN00010307,-31.7936,116.6278,80
2009-02,ASN00010308,-31.55,116.4867,32
2009-02,ASN00010310,-31.7647,116.3464,62
2009-02,ASN00010311,-31.8997,116.765,192
2009-02,ASN00010502,-34.2553,118.2214,130
2009-02,ASN00010503,-32.0311,118.0947,4
2009-02,ASN00010508,-33.6361,117.9278,44
2009-02,ASN00009977,-32.5219,115.7119,88
2009-02,ASN00009976,-32.6453,115.8644,114
2009-02,ASN00009971,-33.7844,115.4075,56
2009-02,ASN00009968,-34.5683,116.3367,28
2009-02,ASN00009579,-33.7633,122.0675,140
2009-02,ASN00009584,-33.7422,121.995,128
2009-02,ASN00009587,-33.9967,116.4253,132
2009-02,ASN00009589,-34.9919,116.8206,288
2009-02,ASN00009590,-34.6339,116.1236,269
2009-02,ASN00009592,-34.4478,116.0433,148
2009-02,ASN00009594,-34.435,119.3628,225
2009-02,ASN00009600,-33.9525,115.1969,118
2009-02,ASN00009603,-33.6858,115.4008,100
2009-02,ASN00009575,-32.8556,116.45,128
2009-02,ASN00009611,-34.9761,116.7328,228
2009-02,ASN00009616,-34.0911,116.6628,170
2009-02,ASN00009617,-33.9486,116.1311,214
2009-02,ASN00009619,-34.1519,116.2042,164
2009-02,ASN00009626,-33.7106,121.5619,80
2009-02,ASN00009628,-33.36,116.1467,130
2009-02,ASN00009633,-34.8644,118.1122,188
2009-02,ASN00009635,-34.3633,117.0836,193
2009-02,ASN00009636,-33.8358,115.0747,232
2009-02,ASN00009642,-33.1336,115.8808,258
2009-02,ASN00009613,-34.1436,115.2261,200
2009-02,ASN00009574,-33.9592,115.0642,82
2009-02,ASN00009573,-34.2508,116.145,178
2009-02,ASN00009557,-33.9497,120.1258,12
2009-02,ASN00009257,-32.1569,115.9275,116
2009-02,ASN00009258,-32.2156,115.8758,92
2009-02,ASN00009260,-32.4697,116.2143,304
2009-02,ASN00009263,-31.8372,115.95,58
2009-02,ASN00009264,-31.7078,115.7242,62
2009-02,ASN00009276,-30.5744,115.2231,0
2009-02,ASN00009500,-35.0289,117.8808,154
2009-02,ASN00009506,-34.4678,116.9169,212
2009-02,ASN00009507,-32.6836,116.5194,66
2009-02,ASN00009513,-33.2136,115.85,137
2009-02,ASN00009515,-33.6611,115.3456,67
2009-02,ASN00009518,-34.3728,115.1358,112
2009-02,ASN00009519,-33.5372,115.0189,78
2009-02,ASN00009527,-33.3969,115.7833,200
2009-02,ASN00009531,-34.9617,117.3567,116
2009-02,ASN00009532,-34.9528,117.3733,206
2009-02,ASN00009534,-33.5719,115.8247,186
2009-02,ASN00009538,-32.7103,116.0594,256
2009-02,ASN00009542,-33.6825,121.8275,150
2009-02,ASN00009547,-34.0717,115.0986,264
2009-02,ASN00009556,-33.9781,116.3336,146
2009-02,ASN00009645,-33.7981,121.1503,24
2009-02,ASN00022054,-34.5552,137.8581,8
2009-02,ASN00009647,-34.9506,117.2769,354
2009-02,ASN00009678,-34.8772,117.6725,226
2009-02,ASN00009868,-33.7078,120.8653,80
2009-02,ASN00009871,-34.8361,116.0308,75
2009-02,ASN00009877,-33.6033,115.4983,68
2009-02,ASN00009894,-32.9183,115.9217,235
2009-02,ASN00009897,-33.8536,123.0069,119
2009-02,ASN00009899,-34.8883,118.0789,190
2009-02,ASN00009904,-34.5967,116.1072,206
2009-02,ASN00009908,-34.2292,115.9294,130
2009-02,ASN00009912,-33.445,115.8508,248
2009-02,ASN00009865,-34.3997,118.8867,184
2009-02,ASN00009914,-33.3197,116.6464,138
2009-02,ASN00009927,-33.6028,116.0128,214
2009-02,ASN00009928,-34.8389,116.7211,266
2009-02,ASN00009936,-32.6239,116.0603,191
2009-02,ASN00009957,-35.0367,116.9247,184
2009-02,ASN00009958,-34.6625,117.8394,260
2009-02,ASN00009961,-33.9306,120.1283,80
2009-02,ASN00009964,-34.5714,117.0106,200
2009-02,ASN00009965,-33.3567,115.6447,206
2009-02,ASN00009967,-34.7772,117.6508,183
2009-02,ASN00009917,-33.7058,115.7878,172
2009-02,ASN00009852,-34.8883,118.3958,222
2009-02,ASN00009850,-34.5378,117.7197,150
2009-02,ASN00009848,-34.7719,118.1317,216
2009-02,ASN00009692,-34.2258,115.7622,128
2009-02,ASN00009738,-33.4531,116.3025,180
2009-02,ASN00009739,-33.6789,122.3311,0
2009-02,ASN00009741,-34.9414,117.8022,226
2009-02,ASN00009752,-34.7233,117.3494,220
2009-02,ASN00009754,-34.5961,118.5519,316
2009-02,ASN00009766,-35.0597,117.8658,164
2009-02,ASN00009769,-32.5698,116.4385,132
2009-02,ASN00009771,-33.7411,115.4697,132
2009-02,ASN00009772,-33.7608,121.2156,84
2009-02,ASN00009776,-33.7931,115.3189,54
2009-02,ASN00009784,-34.9319,117.1606,286
2009-02,ASN00009789,-33.83,121.8925,84
2009-02,ASN00009801,-34.1597,115.1892,268
2009-02,ASN00009803,-33.7831,115.3447,52
2009-02,ASN00009804,-33.8811,122.2167,114
2009-02,ASN00009805,-34.9769,116.7286,201
2009-02,ASN00009815,-33.8819,122.5661,70
2009-02,ASN00009822,-33.7753,121.555,84
2009-02,ASN00009842,-33.7964,115.6658,142
2009-02,ASN00009843,-34.4417,116.9944,174
2009-02,ASN00009654,-34.3986,119.3778,224
2009-02,ASN00022055,-34.6492,137.7272,0
2009-02,ASN00010633,-33.5803,120.0458,82
2009-02,ASN00022803,-35.8426,138.1327,2
2009-02,ASN00038020,-25.79,139.5856,0
2009-02,ASN00038024,-25.4228,142.6564,76
2009-02,ASN00038026,-25.8975,139.3472,0
2009-02,ASN00038035,-25.5903,143.8917,0
2009-02,ASN00038049,-24.8519,142.6964,0
2009-02,ASN00038056,-25.6653,142.1086,34
2009-02,ASN00038060,-25.1806,142.6817,66
2009-02,ASN00038062,-24.6947,143.1275,0
2009-02,ASN00039000,-25.1333,151.1292,1204
2009-02,ASN00038014,-23.365,139.6556,144
2009-02,ASN00039009,-24.8408,152.2414,2366
2009-02,ASN00039035,-23.1375,149.9726,1960
2009-02,ASN00039036,-25.3706,151.1222,1060
2009-02,ASN00039040,-24.9933,151.9606,1339
2009-02,ASN00039043,-23.5255,150.5078,1392
2009-02,ASN00039054,-24.1967,150.3714,1284
2009-02,ASN00039059,-24.1116,152.7161,2826
2009-02,ASN00039066,-25.6167,151.6156,746
2009-02,ASN00039067,-23.5798,150.4044,1742
2009-02,ASN00039068,-23.8104,150.9783,2211
2009-02,ASN00039018,-24.0222,151.7642,2503
2009-02,ASN00039070,-25.1694,151.6375,914
2009-02,ASN00038012,-24.8303,143.9331,220
2009-02,ASN00038009,-24.7856,139.5919,0
2009-02,ASN00036160,-22.2717,147.0903,1590
2009-02,ASN00036168,-24.9553,145.2489,70
2009-02,ASN00036172,-21.9667,144.3333,504
2009-02,ASN00037000,-22.1542,142.49,1964
2009-02,ASN00037003,-20.4661,138.4683,2820
2009-02,ASN00037010,-19.9225,138.1214,2698
2009-02,ASN00037025,-21.55,143.8031,926
2009-02,ASN00037030,-21.8886,143.6019,1010
2009-02,ASN00037034,-21.8125,139.9267,6
2009-02,ASN00038010,-22.9144,138.8036,220
2009-02,ASN00037036,-21.84,140.8925,940
2009-02,ASN00037046,-22.2903,142.4731,1846
2009-02,ASN00037056,-22.2628,143.7447,1040
2009-02,ASN00037106,-21.8831,139.9728,1121
2009-02,ASN00037112,-23.9686,143.3031,424
2009-02,ASN00037115,-19.8611,138.1028,2305
2009-02,ASN00037120,-21.8958,143.0967,1485
2009-02,ASN00038000,-24.3597,139.4714,3
2009-02,ASN00038003,-22.9117,139.9039,98
2009-02,ASN00038004,-24.8522,143.6672,210
2009-02,ASN00037039,-22.3617,143.0836,1364
2009-02,ASN00039071,-24.5722,149.9694,1800
2009-02,ASN00039073,-25.5908,151.2986,776
2009-02,ASN00039083,-23.3753,150.4775,1964
2009-02,ASN00039255,-24.1664,151.5128,1668
2009-02,ASN00039256,-25.1475,151.6286,710
2009-02,ASN00039278,-24.8394,150.7444,1018
2009-02,ASN00039290,-24.4131,150.5208,1466
2009-02,ASN00039303,-25.2558,152.2819,956
2009-02,ASN00039313,-25.1367,151.98,450
2009-02,ASN00039314,-24.1542,151.8875,3244
2009-02,ASN00039319,-25.1303,151.1297,1170
2009-02,ASN00039321,-25.4,151.1,900
2009-02,ASN00039252,-24.2122,151.4219,3170
2009-02,ASN00039326,-23.8697,151.2214,2910
2009-02,ASN00039334,-24.0213,150.9603,2224
2009-02,ASN00039338,-24.9822,152.0731,1470
2009-02,ASN00039339,-25.1475,151.6286,834
2009-02,ASN00039340,-25.62,151.59,922
2009-02,ASN00039341,-25.5247,151.76,506
2009-02,ASN00039343,-25.5378,151.32,711
2009-02,ASN00039346,-25.695,151.3325,856
2009-02,ASN00040004,-27.6297,152.7111,546
2009-02,ASN00040020,-26.8848,152.1006,1138
2009-02,ASN00039332,-24.41,149.8356,1914
2009-02,ASN00039251,-24.7275,151.4308,1198
2009-02,ASN00039242,-23.4009,150.6238,1938
2009-02,ASN00039241,-23.7583,151.3097,2822
2009-02,ASN00039085,-24.7298,153.2089,2100
2009-02,ASN00039089,-24.4935,150.5709,1486
2009-02,ASN00039092,-24.6792,152.1881,2652
2009-02,ASN00039095,-24.6342,152.0228,3335
2009-02,ASN00039097,-24.7158,152.0075,2530
2009-02,ASN00039102,-23.9078,150.1953,1220
2009-02,ASN00039104,-24.8642,151.1247,831
2009-02,ASN00039106,-24.4081,150.7258,1340
2009-02,ASN00039123,-23.8553,151.2628,2372
2009-02,ASN00039128,-24.8885,152.3235,2692
2009-02,ASN00039129,-24.6156,151.105,1016
2009-02,ASN00039135,-24.8036,152.4547,2488
2009-02,ASN00039142,-24.8139,149.9892,1192
2009-02,ASN00039151,-24.8075,150.2197,920
2009-02,ASN00039158,-24.9472,150.0789,1164
2009-02,ASN00039168,-25.1025,152.5603,2448
2009-02,ASN00039175,-24.4167,151.2119,1856
2009-02,ASN00039186,-24.9297,152.1983,2370
2009-02,ASN00039201,-24.3278,149.8556,2074
2009-02,ASN00039205,-24.8725,150.8236,1064
2009-02,ASN00039220,-24.6544,151.6311,1574
2009-02,ASN00036143,-24.4214,145.4672,896
2009-02,ASN00040028,-25.6006,152.2614,962
2009-02,ASN00036127,-24.6017,143.8314,834
2009-02,ASN00036074,-22.3022,145.99,1030
2009-02,ASN00033301,-21.3228,148.835,5090
2009-02,ASN00033302,-21.1772,148.8311,6650
2009-02,ASN00033303,-21.1397,149.1883,5520
2009-02,ASN00033306,-20.4103,148.2306,5110
2009-02,ASN00033307,-19.4167,146.5364,5928
2009-02,ASN00033308,-22.7433,150.6578,4094
2009-02,ASN00033310,-23.2,150.3978,2812
2009-02,ASN00033313,-22.8264,150.3372,2160
2009-02,ASN00034007,-20.7019,147.0175,1668
2009-02,ASN00033300,-21.1439,149.0753,6350
2009-02,ASN00034010,-20.4328,146.0131,1948
2009-02,ASN00034024,-22.0236,147.4158,1382
2009-02,ASN00034027,-22.7744,148.81,1456
2009-02,ASN00034044,-21.0767,146.5133,2000
2009-02,ASN00034061,-22.9372,149.1386,1405
2009-02,ASN00034084,-20.0464,146.2708,4306
2009-02,ASN00034094,-20.9994,146.4272,2750
2009-02,ASN00034097,-20.6467,147.1372,100
2009-02,ASN00034100,-22.2411,148.43,1410
2009-02,ASN00035001,-23.5522,147.7461,1435
2009-02,ASN00034015,-22.0656,147.7219,1323
2009-02,ASN00035014,-26.1206,149.9614,166
2009-02,ASN00033299,-21.2725,148.8203,5440
2009-02,ASN00033294,-23.1364,150.7506,2780
2009-02,ASN00033247,-20.4925,148.555,6750
2009-02,ASN00033255,-20.3531,148.9508,7666
2009-02,ASN00033260,-23.16,150.96,3180
2009-02,ASN00033263,-20.4186,148.1108,4690
2009-02,ASN00033264,-20.0089,148.2044,5430
2009-02,ASN00033265,-20.2886,148.1175,4190
2009-02,ASN00033266,-20.2381,148.0311,5380
2009-02,ASN00033267,-20.2197,148.1217,4590
2009-02,ASN00033269,-20.3078,148.2181,5120
2009-02,ASN00033295,-19.4569,147.4833,10730
2009-02,ASN00033270,-20.525,148.2125,3960
2009-02,ASN00033280,-19.6333,147.1103,7800
2009-02,ASN00033285,-23.0883,150.11,2390
2009-02,ASN00033286,-19.7586,147.2436,6000
2009-02,ASN00033287,-19.9717,147.2508,4940
2009-02,ASN00033288,-19.6433,147.3972,7440
2009-02,ASN00033289,-20.1425,147.5631,4550
2009-02,ASN00033290,-20.2897,147.9019,4080
2009-02,ASN00033291,-20.3089,147.2961,4200
2009-02,ASN00033292,-20.5819,147.5981,3350
2009-02,ASN00033277,-21.1789,148.8297,5840
2009-02,ASN00035015,-25.4025,149.1044,664
2009-02,ASN00035016,-23.0856,148.0236,1090
2009-02,ASN00035026,-23.7139,149.6725,1450
2009-02,ASN00035211,-22.6217,147.6589,1102
2009-02,ASN00035221,-23.3039,148.1056,1070
2009-02,ASN00035225,-24.2897,148.1053,1070
2009-02,ASN00035242,-25.8986,150.1297,390
2009-02,ASN00035264,-23.5694,148.1756,1314
2009-02,ASN00035274,-23.8467,148.1083,1346
2009-02,ASN00035282,-25.6333,149.7833,890
2009-02,ASN00036004,-22.9717,145.245,1964
2009-02,ASN00036006,-21.7117,144.3928,724
2009-02,ASN00035207,-24.2236,148.0958,1112
2009-02,ASN00036007,-23.5544,145.2883,1301
2009-02,ASN00036023,-21.5119,144.6339,1074
2009-02,ASN00036026,-24.2591,144.4406,1502
2009-02,ASN00036028,-22.1769,144.0486,792
2009-02,ASN00036031,-23.4372,144.2769,1298
2009-02,ASN00036034,-24.4303,145.4306,782
2009-02,ASN00036036,-23.6239,145.6892,1748
2009-02,ASN00036037,-22.595,144.5469,2002
2009-02,ASN00036046,-21.6292,145.1167,702
2009-02,ASN00036050,-22.0231,145.9831,1856
2009-02,ASN00036011,-22.2067,145.0083,658
2009-02,ASN00035182,-25.6753,149.6331,910
2009-02,ASN00035165,-24.0717,146.6139,1126
2009-02,ASN00035151,-25.2797,148.85,690
2009-02,ASN00035039,-26.3564,150.0464,746
2009-02,ASN00035049,-24.5608,145.7869,422
2009-02,ASN00035053,-23.1864,147.3539,2444
2009-02,ASN00035063,-24.2111,148.7403,770
2009-02,ASN00035064,-24.4481,147.8986,1272
2009-02,ASN00035065,-24.123,148.0856,810
2009-02,ASN00035068,-25.6103,148.9444,412
2009-02,ASN00035069,-24.8819,146.2564,374
2009-02,ASN00035070,-25.6408,149.7958,980
2009-02,ASN00035072,-24.8856,146.2781,343
2009-02,ASN00035077,-24.9214,148.6006,1020
2009-02,ASN00035079,-24.6217,147.4064,400
2009-02,ASN00035081,-26.2853,149.8283,941
2009-02,ASN00035088,-24.3339,147.9425,1054
2009-02,ASN00035090,-24.9588,148.3743,1032
2009-02,ASN00035094,-22.4831,147.5172,1560
2009-02,ASN00035109,-22.8181,148.49,1678
2009-02,ASN00035117,-25.3864,149.7842,856
2009-02,ASN00035131,-23.1331,148.5267,2198
2009-02,ASN00035132,-23.4292,148.9272,1462
2009-02,ASN00035135,-25.7583,149.4067,708
2009-02,ASN00036094,-24.4464,144.1094,718
2009-02,ASN00040042,-28.0142,153.1664,1248
2009-02,ASN00040043,-27.0314,153.4661,374
2009-02,ASN00040051,-26.7297,152.7169,1646
2009-02,ASN00040811,-26.0833,152.2167,610
2009-02,ASN00040814,-26.5256,152.7428,990
2009-02,ASN00040816,-27.6658,152.6989,680
2009-02,ASN00040823,-27.1381,152.3294,1300
2009-02,ASN00040824,-26.1711,152.5994,1540
2009-02,ASN00040825,-25.9,152.3497,1390
2009-02,ASN00040827,-25.7167,151.8,210
2009-02,ASN00040829,-27.5439,152.1133,1070
2009-02,ASN00040830,-26.6278,152.7042,1520
2009-02,ASN00040808,-27.2641,152.1959,1181
2009-02,ASN00040832,-28.2033,152.77,720
2009-02,ASN00040836,-27.6272,152.7461,840
2009-02,ASN00040841,-28.1481,152.57,670
2009-02,ASN00040842,-27.3917,153.1292,1534
2009-02,ASN00040844,-28.135,153.1883,1390
2009-02,ASN00040845,-28.2006,153.1872,1560
2009-02,ASN00040846,-28.0017,153.3083,2210
2009-02,ASN00040848,-28.2083,153.27,1980
2009-02,ASN00040849,-27.9136,153.3657,2205
2009-02,ASN00040854,-27.6839,153.1947,1741
2009-02,ASN00040833,-25.7683,152.525,1090
2009-02,ASN00040856,-25.9007,153.0891,2278
2009-02,ASN00040801,-26.3878,152.6842,1288
2009-02,ASN00040793,-27.7633,152.8367,600
2009-02,ASN00040708,-26.0336,151.0603,898
2009-02,ASN00040714,-28.0708,152.9272,680
2009-02,ASN00040715,-27.6473,153.1718,2272
2009-02,ASN00040717,-28.1681,153.5053,2150
2009-02,ASN00040722,-26.0942,151.4417,897
2009-02,ASN00040738,-27.9114,153.1056,610
2009-02,ASN00040754,-28.2153,152.8681,850
2009-02,ASN00040761,-27.7828,153.1889,1420
2009-02,ASN00040762,-27.8336,152.9878,120
2009-02,ASN00040794,-27.6956,152.9333,1430
2009-02,ASN00040763,-27.395,152.6097,654
2009-02,ASN00040770,-27.5152,153.2492,580
2009-02,ASN00040777,-26.4572,152.6803,1090
2009-02,ASN00040778,-26.3583,152.6283,750
2009-02,ASN00040782,-26.3297,152.8136,1400
2009-02,ASN00040784,-27.615,153.0444,1580
2009-02,ASN00040785,-27.6017,152.9511,1340
2009-02,ASN00040786,-27.7456,152.9081,710
2009-02,ASN00040788,-27.6583,153.0,610
2009-02,ASN00040790,-27.5467,153.0717,890
2009-02,ASN00040764,-27.939,153.4283,1674
2009-02,ASN00040861,-26.6006,153.0903,1734
2009-02,ASN00040865,-28.0936,152.7158,902
2009-02,ASN00040867,-27.9406,152.6236,684
2009-02,ASN00040933,-28.27,153.0264,1080
2009-02,ASN00040935,-27.7864,153.0161,760
2009-02,ASN00040936,-28.0614,153.0408,780
2009-02,ASN00040937,-27.9978,153.1575,1240
2009-02,ASN00040938,-27.9108,153.1047,840
2009-02,ASN00040939,-27.9681,152.9861,690
2009-02,ASN00040940,-27.8336,152.9878,890
2009-02,ASN00040941,-28.0708,152.8558,1090
2009-02,ASN00040942,-28.3222,152.7697,860
2009-02,ASN00040932,-28.2608,153.0917,1050
2009-02,ASN00040943,-28.2453,152.8908,1130
2009-02,ASN00040945,-28.0708,152.9272,890
2009-02,ASN00040946,-28.2153,152.8681,1040
2009-02,ASN00040947,-28.1481,152.57,770
2009-02,ASN00040948,-28.1461,152.7358,550
2009-02,ASN00040949,-28.0033,152.6875,420
2009-02,ASN00040958,-27.2169,153.0922,1496
2009-02,ASN00040962,-27.6053,152.8244,1525
2009-02,ASN00040964,-27.6696,153.0442,1754
2009-02,ASN00022056,-34.402,137.7185,10
2009-02,ASN00040944,-28.1692,152.9833,1270
2009-02,ASN00040931,-28.2314,153.1356,1380
2009-02,ASN00040928,-27.5639,152.8208,1367
2009-02,ASN00040924,-26.9028,152.7664,1444
2009-02,ASN00040868,-25.7417,152.2353,68
2009-02,ASN00040876,-28.2372,152.4867,1060
2009-02,ASN00040878,-27.6947,153.1364,1610
2009-02,ASN00040881,-27.9561,153.4233,1780
2009-02,ASN00040882,-28.1653,153.2161,1400
2009-02,ASN00040889,-26.4472,152.4869,1600
2009-02,ASN00040891,-25.6022,152.2603,888
2009-02,ASN00040892,-25.9586,152.5753,896
2009-02,ASN00040893,-26.0642,152.7728,1056
2009-02,ASN00040896,-25.6517,152.6633,690
2009-02,ASN00040902,-25.4969,152.3836,1220
2009-02,ASN00040903,-25.2386,152.5319,1580
2009-02,ASN00040904,-25.2756,152.5089,1270
2009-02,ASN00040905,-25.2928,152.4097,1350
2009-02,ASN00040906,-25.4019,152.5317,920
2009-02,ASN00040907,-25.3289,152.5619,1590
2009-02,ASN00040908,-26.3911,153.0403,1458
2009-02,ASN00040912,-27.7597,152.47,690
2009-02,ASN00040913,-27.4808,153.0389,1318
2009-02,ASN00040914,-27.4942,152.4972,498
2009-02,ASN00040922,-26.5737,151.8398,1162
2009-02,ASN00040695,-26.6842,152.9589,1608
2009-02,ASN00040693,-27.3786,152.8164,1512
2009-02,ASN00040688,-25.9575,152.4919,806
2009-02,ASN00040686,-26.1842,152.8208,1654
2009-02,ASN00040169,-26.8425,152.8819,2709
2009-02,ASN00040170,-27.3042,152.0542,640
2009-02,ASN00040177,-26.1639,151.6014,1192
2009-02,ASN00040184,-27.6322,152.5944,1484
2009-02,ASN00040189,-27.1147,152.555,694
2009-02,ASN00040196,-28.14,153.4293,2038
2009-02,ASN00040197,-27.9695,153.1952,2022
2009-02,ASN00040199,-26.7433,151.8439,1070
2009-02,ASN00040206,-26.325,152.7869,1688
2009-02,ASN00040167,-28.326,152.7696,946
2009-02,ASN00040209,-27.4361,153.5456,1058
2009-02,ASN00040223,-27.4178,153.1142,1428
2009-02,ASN00040224,-27.4193,153.0024,1558
2009-02,ASN00040231,-27.4565,153.18,1100
2009-02,ASN00040246,-26.5539,151.4156,458
2009-02,ASN00040247,-26.8422,152.5803,1216
2009-02,ASN00040255,-26.41,151.815,744
2009-02,ASN00040258,-26.8408,151.9806,453
2009-02,ASN00040259,-26.8933,151.8975,1883
2009-02,ASN00040269,-27.6374,153.3735,1724
2009-02,ASN00040211,-27.5717,153.0078,1200
2009-02,ASN00040162,-28.1634,153.2126,632
2009-02,ASN00040151,-25.605,152.5892,1292
2009-02,ASN00040145,-27.0625,152.7789,1692
2009-02,ASN00040056,-27.3914,152.5014,858
2009-02,ASN00040057,-26.1842,152.9136,1908
2009-02,ASN00040068,-25.9319,153.1906,1222
2009-02,ASN00040071,-26.3828,151.1922,896
2009-02,ASN00040075,-27.2397,152.4219,822
2009-02,ASN00040078,-26.4769,152.945,2240
2009-02,ASN00040079,-27.5831,152.3806,699
2009-02,ASN00040082,-27.5436,152.3375,850
2009-02,ASN00040083,-27.5428,152.2817,714
2009-02,ASN00040089,-26.0564,152.7889,1020
2009-02,ASN00040093,-26.1831,152.6414,1366
2009-02,ASN00040094,-27.8117,152.6675,426
2009-02,ASN00040104,-27.949,152.6235,913
2009-02,ASN00040106,-26.5956,152.7281,1631
2009-02,ASN00040118,-26.6234,152.684,541
2009-02,ASN00040120,-27.4617,152.5747,422
2009-02,ASN00040123,-26.6225,152.8656,2434
2009-02,ASN00040126,-25.5161,152.7156,1312
2009-02,ASN00040140,-27.1492,152.5781,586
2009-02,ASN00040141,-27.6163,153.2039,2416
2009-02,ASN00040144,-25.7411,152.2364,606
2009-02,ASN00040284,-26.9586,152.9619,2596
2009-02,ASN00033210,-22.3472,149.5242,4558
2009-02,ASN00040289,-27.1136,151.8517,918
2009-02,ASN00040301,-27.1882,151.9634,876
2009-02,ASN00040469,-25.8694,152.3172,1406
2009-02,ASN00040478,-25.5047,153.1289,1651
2009-02,ASN00040480,-27.2883,152.1239,1234
2009-02,ASN00040485,-28.249,152.5232,1040
2009-02,ASN00040490,-28.2086,152.5389,690
2009-02,ASN00040493,-27.78,152.5346,855
2009-02,ASN00040500,-26.6403,151.9431,1682
2009-02,ASN00040503,-27.6075,152.58,1240
2009-02,ASN00040516,-27.8429,153.3502,2160
2009-02,ASN00040463,-27.5797,152.9875,1234
2009-02,ASN00040517,-27.1953,152.7539,1418
2009-02,ASN00040537,-27.4973,153.4078,1600
2009-02,ASN00040550,-28.2452,153.2369,3594
2009-02,ASN00040607,-28.2031,153.2719,2296
2009-02,ASN00040609,-28.1178,153.4457,2278
2009-02,ASN00040635,-26.8369,152.4914,976
2009-02,ASN00040659,-27.6956,152.9408,1420
2009-02,ASN00040671,-26.2839,151.1897,1200
2009-02,ASN00040672,-27.5486,152.0236,640
2009-02,ASN00040677,-28.1752,152.6557,624
2009-02,ASN00040534,-28.1629,153.2641,2218
2009-02,ASN00040458,-27.5314,153.1825,1708
2009-02,ASN00040455,-25.85,151.3667,1210
2009-02,ASN00040449,-27.5572,152.2308,561
2009-02,ASN00040307,-26.9664,151.7086,1292
2009-02,ASN00040312,-27.7354,152.9443,1480
2009-02,ASN00040320,-27.4174,153.1552,1608
2009-02,ASN00040334,-25.5097,152.0456,636
2009-02,ASN00040335,-27.9694,153.2133,2010
2009-02,ASN00040341,-27.8794,153.2139,1740
2009-02,ASN00040343,-27.0397,152.8678,2156
2009-02,ASN00040345,-27.8064,153.2072,1320
2009-02,ASN00040385,-26.5539,151.6678,1852
2009-02,ASN00040388,-27.6342,152.2206,644
2009-02,ASN00040390,-25.65,152.6647,1085
2009-02,ASN00040394,-28.2321,152.7829,920
2009-02,ASN00040395,-27.7183,152.1211,1584
2009-02,ASN00040396,-26.7778,152.8033,2334
2009-02,ASN00040405,-25.322,152.8817,1492
2009-02,ASN00040407,-28.0557,153.033,722
2009-02,ASN00040412,-25.2483,152.6636,1700
2009-02,ASN00040416,-28.0017,153.3083,3290
2009-02,ASN00040417,-28.0686,153.4241,1430
2009-02,ASN00040424,-27.755,152.0814,1190
2009-02,ASN00040430,-25.2825,152.8994,1555
2009-02,ASN00040290,-28.1725,152.72,552
2009-02,ASN00033195,-22.4703,150.1786,2190
2009-02,ASN00040026,-25.5997,152.5925,1492
2009-02,ASN00033175,-20.2144,147.7761,4080
2009-02,ASN00024029,-34.2159,140.186,0
2009-02,ASN00024031,-34.17,139.817,0
2009-02,ASN00024048,-34.1983,140.6766,6
2009-02,ASN00024501,-34.0954,139.1543,0
2009-02,ASN00024502,-34.6923,139.4396,0
2009-02,ASN00024504,-34.1233,139.3509,0
2009-02,ASN00024508,-35.125,139.0433,0
2009-02,ASN00024509,-34.3515,139.1289,2
2009-02,ASN00024511,-34.1754,139.0847,22
2009-02,ASN00024025,-34.2717,140.5964,0
2009-02,ASN00024515,-35.2959,139.0328,10
2009-02,ASN00024519,-35.4068,138.9701,0
2009-02,ASN00024521,-35.1234,139.2592,4
2009-02,ASN00024525,-34.853,139.1607,0
2009-02,ASN00024528,-33.9888,139.08,0
2009-02,ASN00024531,-34.5719,139.2961,0
2009-02,ASN00024536,-35.2546,139.4542,0
2009-02,ASN00024537,-35.619,139.4378,14
2009-02,ASN00024551,-35.1093,139.0806,10
2009-02,ASN00024554,-35.1978,139.5871,0
2009-02,ASN00024518,-35.6902,139.3375,12
2009-02,ASN00024555,-34.2571,139.0923,34
2009-02,ASN00024024,-34.439,140.5978,0
2009-02,ASN00024010,-34.2918,140.3632,0
2009-02,ASN00023875,-35.5695,138.2864,12
2009-02,ASN00023876,-35.2276,138.5366,0
2009-02,ASN00023877,-34.7863,138.8651,2
2009-02,ASN00023878,-34.7253,138.9273,0
2009-02,ASN00023879,-34.8476,138.8751,4
2009-02,ASN00023880,-34.7595,138.9341,0
2009-02,ASN00023881,-34.7742,139.0062,2
2009-02,ASN00023882,-34.8713,138.9058,12
2009-02,ASN00023885,-35.1586,138.5057,0
2009-02,ASN00024013,-34.4442,140.4958,0
2009-02,ASN00023887,-35.1712,138.6783,4
2009-02,ASN00023891,-34.9847,138.7404,6
2009-02,ASN00023892,-34.8856,138.7562,12
2009-02,ASN00023894,-35.5194,138.8177,0
2009-02,ASN00023896,-34.8757,138.7103,14
2009-02,ASN00023897,-35.3159,138.6218,12
2009-02,ASN00023905,-34.9695,138.741,10
2009-02,ASN00024001,-34.2591,140.4708,0
2009-02,ASN00024003,-34.1658,140.7541,0
2009-02,ASN00024008,-34.2579,140.6478,0
2009-02,ASN00023890,-35.0012,138.62,0
2009-02,ASN00024564,-34.3515,139.6153,6
2009-02,ASN00024572,-35.2828,139.2031,6
2009-02,ASN00024573,-34.4085,139.1274,0
2009-02,ASN00025513,-35.3627,139.9503,0
2009-02,ASN00025514,-35.8806,140.0594,0
2009-02,ASN00025519,-36.3654,140.9096,0
2009-02,ASN00025523,-35.8597,139.5599,2
2009-02,ASN00025557,-36.1058,140.3273,4
2009-02,ASN00025558,-35.4696,139.9461,0
2009-02,ASN00025560,-36.3098,140.74,0
2009-02,ASN00025561,-36.3994,140.8424,4
2009-02,ASN00025562,-35.3778,140.5378,8
2009-02,ASN00025512,-35.3805,140.2519,0
2009-02,ASN00026000,-37.4861,140.0115,8
2009-02,ASN00026016,-36.9731,140.3664,1
2009-02,ASN00026017,-36.501,140.3835,0
2009-02,ASN00026018,-37.5872,140.3426,0
2009-02,ASN00026020,-37.8333,140.7833,14
2009-02,ASN00026021,-37.7473,140.7739,14
2009-02,ASN00026025,-37.3803,140.8379,0
2009-02,ASN00026026,-37.1628,139.756,0
2009-02,ASN00026058,-36.6064,140.7118,4
2009-02,ASN00026062,-36.9229,140.5809,0
2009-02,ASN00026007,-36.7124,140.9552,40
2009-02,ASN00025507,-36.098,140.3556,2
2009-02,ASN00025506,-35.38,140.1588,0
2009-02,ASN00025502,-35.379,139.5617,0
2009-02,ASN00024575,-34.5444,139.193,0
2009-02,ASN00024576,-35.348,138.9771,8
2009-02,ASN00024577,-35.7344,139.2675,0
2009-02,ASN00024578,-34.0647,139.6605,0
2009-02,ASN00024579,-34.8788,138.974,2
2009-02,ASN00024580,-35.2836,138.8934,4
2009-02,ASN00024582,-35.1016,139.1426,4
2009-02,ASN00024584,-35.065,139.2273,2
2009-02,ASN00025000,-34.7314,140.5036,0
2009-02,ASN00025002,-34.8276,139.6673,3
2009-02,ASN00025006,-35.09,139.8972,3
2009-02,ASN00025013,-35.2977,140.6667,86
2009-02,ASN00025014,-34.7169,140.7352,0
2009-02,ASN00025015,-35.268,140.9075,0
2009-02,ASN00025018,-34.7884,140.5003,0
2009-02,ASN00025036,-35.1524,140.288,2
2009-02,ASN00025039,-35.0393,139.9844,4
2009-02,ASN00025042,-35.244,139.8261,0
2009-02,ASN00025046,-35.0662,140.856,0
2009-02,ASN00025050,-34.6345,140.2432,0
2009-02,ASN00025051,-34.5876,140.0791,4
2009-02,ASN00023871,-35.3175,138.4636,0
2009-02,ASN00023867,-34.9342,138.7467,4
2009-02,ASN00023866,-35.0068,138.8033,10
2009-02,ASN00023865,-34.8944,138.8099,8
2009-02,ASN00023107,-34.601,138.7359,2
2009-02,ASN00023108,-35.0495,138.7259,8
2009-02,ASN00023114,-34.9542,138.6586,10
2009-02,ASN00023115,-34.9473,138.5827,2
2009-02,ASN00023122,-34.5106,138.6763,0
2009-02,ASN00023128,-34.2015,138.597,0
2009-02,ASN00023129,-34.4611,138.5581,6
2009-02,ASN00023305,-34.4577,138.9277,0
2009-02,ASN00023306,-34.1697,138.8095,66
2009-02,ASN00023105,-34.9808,138.621,6
2009-02,ASN00023307,-34.3412,138.9155,14
2009-02,ASN00023318,-34.5169,138.9598,18
2009-02,ASN00023319,-34.2778,138.7725,0
2009-02,ASN00023348,-34.5103,138.835,2
2009-02,ASN00023349,-34.0936,138.7952,64
2009-02,ASN00023355,-34.207,138.7886,10
2009-02,ASN00023357,-34.4709,138.9991,12
2009-02,ASN00023365,-34.2318,138.6952,6
2009-02,ASN00023369,-34.4557,138.9222,22
2009-02,ASN00023370,-34.3143,138.7293,0
2009-02,ASN00023314,-34.158,138.7483,0
2009-02,ASN00023101,-34.8925,138.6422,8
2009-02,ASN00023096,-34.8564,138.6844,14
2009-02,ASN00023087,-34.5371,138.6049,0
2009-02,ASN00022811,-35.5989,137.4386,0
2009-02,ASN00022815,-35.7255,137.2591,0
2009-02,ASN00022823,-35.7549,136.5959,0
2009-02,ASN00022831,-35.7501,137.7217,0
2009-02,ASN00022835,-35.734,137.1212,2
2009-02,ASN00022836,-35.8096,137.792,8
2009-02,ASN00022839,-35.9609,137.091,14
2009-02,ASN00022841,-35.7114,137.5231,0
2009-02,ASN00023005,-34.9464,138.6519,6
2009-02,ASN00023011,-34.9167,138.5956,4
2009-02,ASN00023013,-34.7977,138.6281,4
2009-02,ASN00023023,-34.7674,138.6434,5
2009-02,ASN00023024,-34.8978,138.5092,6
2009-02,ASN00023031,-34.9697,138.6331,3
2009-02,ASN00023034,-34.9524,138.5204,2
2009-02,ASN00023042,-34.9387,138.6607,6
2009-02,ASN00023043,-34.7607,138.6311,10
2009-02,ASN00023055,-34.9552,138.5356,0
2009-02,ASN00023076,-34.432,138.2587,4
2009-02,ASN00023083,-34.7111,138.6222,0
2009-02,ASN00023085,-34.9222,138.6805,6
2009-02,ASN00023372,-34.4534,139.0638,2
2009-02,ASN00026067,-37.9594,140.7703,4
2009-02,ASN00023373,-34.4761,139.0056,22
2009-02,ASN00023704,-35.0077,138.6498,4
2009-02,ASN00023754,-35.458,138.35,0
2009-02,ASN00023756,-34.6603,138.9262,4
2009-02,ASN00023758,-34.7398,138.8715,0
2009-02,ASN00023786,-34.8269,139.0086,2
2009-02,ASN00023787,-35.0247,138.8578,14
2009-02,ASN00023788,-34.9838,138.7179,7
2009-02,ASN00023799,-35.2183,138.7342,0
2009-02,ASN00023801,-34.9482,138.8071,0
2009-02,ASN00023803,-34.9423,138.727,4
2009-02,ASN00023753,-35.2705,138.5591,4
2009-02,ASN00023804,-35.5544,138.5997,4
2009-02,ASN00023810,-34.971,138.7042,6
2009-02,ASN00023817,-35.0221,138.7344,26
2009-02,ASN00023820,-34.6805,138.8561,0
2009-02,ASN00023822,-35.1802,139.0239,8
2009-02,ASN00023825,-35.5288,138.8067,0
2009-02,ASN00023839,-35.0216,138.6097,10
2009-02,ASN00023846,-35.0028,138.6635,20
2009-02,ASN00023858,-34.763,138.7765,4
2009-02,ASN00023860,-34.9499,138.6866,6
2009-02,ASN00023806,-34.8067,138.7552,0
2009-02,ASN00023750,-34.9563,138.7443,8
2009-02,ASN00023747,-35.256,138.8901,8
2009-02,ASN00023741,-35.4519,138.3227,0
2009-02,ASN00023705,-34.8148,138.9474,4
2009-02,ASN00023707,-35.0102,138.7602,4
2009-02,ASN00023709,-35.0611,138.6585,8
2009-02,ASN00023710,-35.1087,138.6256,0
2009-02,ASN00023714,-35.3736,138.806,0
2009-02,ASN00023718,-35.4987,138.7638,0
2009-02,ASN00023719,-34.8237,138.8859,4
2009-02,ASN00023720,-35.0303,138.8148,0
2009-02,ASN00023721,-35.0608,138.5647,6
2009-02,ASN00023722,-34.9303,139.014,8
2009-02,ASN00023723,-35.4935,138.4575,0
2009-02,ASN00023725,-34.5569,139.1338,0
2009-02,ASN00023726,-34.9044,138.8742,2
2009-02,ASN00023727,-35.0484,138.7354,4
2009-02,ASN00023731,-34.8331,138.8215,6
2009-02,ASN00023732,-35.1351,138.5274,0
2009-02,ASN00023733,-35.0639,138.8509,14
2009-02,ASN00023734,-35.1213,138.6769,10
2009-02,ASN00023735,-35.3497,138.6223,14
2009-02,ASN00023738,-35.39,138.4652,2
2009-02,ASN00023739,-35.0369,138.913,10
2009-02,ASN00023374,-34.2523,139.0183,34
2009-02,ASN00026086,-37.3797,140.3294,0
2009-02,ASN00023873,-34.9913,138.6937,4
2009-02,ASN00032101,-18.9558,146.2886,11520
2009-02,ASN00032002,-18.5742,146.2225,12536
2009-02,ASN00032004,-18.2553,146.0197,7429
2009-02,ASN00032009,-17.835,146.0986,8662
2009-02,ASN00032019,-17.7214,145.9222,12192
2009-02,ASN00032020,-17.5556,145.9556,10570
2009-02,ASN00032023,-18.5819,146.2839,13469
2009-02,ASN00032031,-18.5406,146.3356,12044
2009-02,ASN00032032,-18.5872,146.2508,12484
2009-02,ASN00032033,-17.4608,145.8822,12816
2009-02,ASN00032001,-18.8828,146.17,10844
2009-02,ASN00032037,-17.6053,145.9972,3113
2009-02,ASN00032042,-17.9364,145.9253,11062
2009-02,ASN00032043,-18.7218,145.9237,9698
2009-02,ASN00032045,-18.6508,146.2047,11092
2009-02,ASN00032050,-19.2033,146.6131,10840
2009-02,ASN00032064,-19.0074,146.2057,8298
2009-02,ASN00032078,-18.6494,146.1769,14006
2009-02,ASN00032094,-18.6156,146.1811,12578
2009-02,ASN00032098,-19.0506,146.4058,11270
2009-02,ASN00032109,-18.1069,145.8053,7950
2009-02,ASN00032040,-19.2483,146.7661,9608
2009-02,ASN00032117,-18.6867,146.2969,10395
2009-02,ASN00031213,-14.9672,145.3106,3774
2009-02,ASN00031209,-15.4461,145.1861,3746
2009-02,ASN00031140,-17.27,145.8997,5650
2009-02,ASN00031141,-17.2639,145.8536,8130
2009-02,ASN00031147,-14.6683,145.4467,2129
2009-02,ASN00031158,-18.2531,145.1269,5085
2009-02,ASN00031168,-17.5875,145.6,7192
2009-02,ASN00031180,-16.5319,145.1325,3062
2009-02,ASN00031181,-17.545,145.7156,8160
2009-02,ASN00031182,-17.5875,145.5997,6730
2009-02,ASN00031183,-17.3594,145.5922,4660
2009-02,ASN00031210,-17.0672,145.4283,2748
2009-02,ASN00031184,-17.4442,145.5094,4680
2009-02,ASN00031186,-17.6803,145.6603,8080
2009-02,ASN00031187,-17.4694,145.7311,8420
2009-02,ASN00031188,-17.0039,145.4281,2820
2009-02,ASN00031189,-16.6583,145.5672,5156
2009-02,ASN00031191,-18.1494,145.4803,5420
2009-02,ASN00031196,-17.7047,145.1461,5100
2009-02,ASN00031197,-18.0394,144.8856,6200
2009-02,ASN00031198,-17.3769,145.3803,3050
2009-02,ASN00031200,-17.5908,145.5294,4810
2009-02,ASN00031185,-17.5175,145.6089,5460
2009-02,ASN00032152,-17.5475,145.9292,12570
2009-02,ASN00032155,-17.6094,145.9786,9060
2009-02,ASN00032160,-17.6089,145.9792,9330
2009-02,ASN00033045,-21.1706,149.1794,4692
2009-02,ASN00033051,-19.8789,146.6319,6309
2009-02,ASN00033053,-21.0011,148.9364,7600
2009-02,ASN00033059,-21.4267,149.2164,7282
2009-02,ASN00033060,-21.1422,149.0381,6720
2009-02,ASN00033062,-20.0997,146.8892,4712
2009-02,ASN00033065,-22.3458,149.5356,3066
2009-02,ASN00033068,-21.1631,148.87,6722
2009-02,ASN00033073,-19.8314,147.13,5566
2009-02,ASN00033041,-20.5392,148.6572,8542
2009-02,ASN00033076,-23.1333,150.3669,3066
2009-02,ASN00033080,-21.0003,148.7375,8990
2009-02,ASN00033095,-21.8031,149.3569,5360
2009-02,ASN00033096,-20.2081,148.13,5254
2009-02,ASN00033106,-20.3658,148.9536,7624
2009-02,ASN00033111,-22.8131,149.89,1252
2009-02,ASN00033119,-21.1172,149.2169,6048
2009-02,ASN00033151,-19.5953,146.9342,11178
2009-02,ASN00026091,-37.2906,140.8254,2
2009-02,ASN00033170,-22.3614,149.3747,2244
2009-02,ASN00033077,-23.0967,150.7342,3174
2009-02,ASN00033038,-21.6256,149.2367,7828
2009-02,ASN00033032,-19.6667,147.4147,2448
2009-02,ASN00033013,-20.5534,147.8464,3558
2009-02,ASN00032161,-17.5967,145.9014,10330
2009-02,ASN00032162,-17.615,145.8011,11340
2009-02,ASN00032163,-17.5236,146.0325,10110
2009-02,ASN00032164,-17.6808,145.8878,5500
2009-02,ASN00032165,-17.5308,145.8464,11830
2009-02,ASN00032166,-17.5456,145.9325,2360
2009-02,ASN00032167,-17.9919,145.9425,8480
2009-02,ASN00032169,-18.1919,145.3325,5860
2009-02,ASN00032170,-18.4125,145.7722,8330
2009-02,ASN00032171,-18.6347,146.1444,12790
2009-02,ASN00032172,-18.4606,145.7383,8940
2009-02,ASN00032173,-18.6797,145.9961,10220
2009-02,ASN00032174,-18.4889,145.9364,8910
2009-02,ASN00032176,-18.1439,145.61,5130
2009-02,ASN00032183,-18.7497,146.115,7720
2009-02,ASN00032184,-18.4506,145.8294,8440
2009-02,ASN00032185,-18.5789,146.2803,5510
2009-02,ASN00032186,-18.8478,145.9067,8650
2009-02,ASN00033001,-19.5775,147.4075,3152
2009-02,ASN00033002,-19.6169,147.3758,8800
2009-02,ASN00033008,-22.8461,150.6475,3390
2009-02,ASN00031131,-17.3394,144.6797,4540
2009-02,ASN00031125,-17.3439,145.5028,3978
2009-02,ASN00031205,-16.9794,145.6747,5270
2009-02,ASN00031108,-17.1347,145.4281,3487
2009-02,ASN00028000,-15.5581,144.4453,2097
2009-02,ASN00031119,-17.6758,145.2783,5870
2009-02,ASN00028008,-12.785,143.3047,1740
2009-02,ASN00028013,-16.2217,144.7081,3790
2009-02,ASN00028023,-14.9258,144.1994,1516
2009-02,ASN00028031,-14.7317,143.5864,1790
2009-02,ASN00028035,-14.7117,143.7303,2880
2009-02,ASN00029000,-18.2952,139.2828,1722
2009-02,ASN00029001,-18.5447,139.8706,4158
2009-02,ASN00029004,-17.7425,139.5475,2330
2009-02,ASN00029008,-20.7089,140.5192,3132
2009-02,ASN00029012,-18.2044,142.2447,3052
2009-02,ASN00029013,-18.7139,140.5472,5108
2009-02,ASN00029030,-20.4247,141.4047,2372
2009-02,ASN00029037,-17.3297,141.8797,3199
2009-02,ASN00029038,-15.4818,141.7483,4836
2009-02,ASN00029047,-19.6242,138.6386,1173
2009-02,ASN00029058,-20.6672,141.7214,1108
2009-02,ASN00029061,-18.9511,138.0531,1640
2009-02,ASN00029063,-17.6872,141.0733,2672
2009-02,ASN00029065,-18.7881,139.7119,1390
2009-02,ASN00027075,-12.6167,142.0869,3392
2009-02,ASN00029069,-17.3383,138.2508,2614
2009-02,ASN00027073,-13.7606,143.1183,2430
2009-02,ASN00027064,-13.1325,142.7872,2710
2009-02,ASN00026095,-36.9655,139.7164,10
2009-02,ASN00026098,-37.5422,140.8137,0
2009-02,ASN00026099,-36.9813,140.727,0
2009-02,ASN00026100,-36.6539,140.5212,0
2009-02,ASN00026101,-37.4003,140.3351,0
2009-02,ASN00026103,-37.134,140.7273,0
2009-02,ASN00026104,-36.8465,140.5592,0
2009-02,ASN00026105,-37.1776,139.8054,6
2009-02,ASN00026107,-36.437,140.3356,0
2009-02,ASN00026109,-37.3818,139.9454,4
2009-02,ASN00026110,-36.7746,140.0222,0
2009-02,ASN00027000,-13.3539,141.7208,3764
2009-02,ASN00027015,-12.4536,142.6389,3381
2009-02,ASN00027038,-16.4231,143.1456,2902
2009-02,ASN00027042,-12.6267,141.8836,4192
2009-02,ASN00027044,-13.0658,142.4511,2757
2009-02,ASN00027045,-12.6778,141.9208,3622
2009-02,ASN00027054,-10.0511,143.0686,1786
2009-02,ASN00027058,-10.5844,142.29,4450
2009-02,ASN00027061,-14.5181,142.0389,3046
2009-02,ASN00027063,-13.4381,142.9417,1981
2009-02,ASN00027072,-12.0933,142.5589,3948
2009-02,ASN00029077,-17.7483,139.5356,2094
2009-02,ASN00028004,-16.0008,144.0758,3400
2009-02,ASN00029121,-20.5958,139.6939,1738
2009-02,ASN00030137,-19.6347,145.7886,4802
2009-02,ASN00030149,-21.0442,144.0992,924
2009-02,ASN00030158,-18.4564,143.2986,1134
2009-02,ASN00030161,-20.7017,143.1167,1168
2009-02,ASN00031004,-17.3436,145.9217,10072
2009-02,ASN00031010,-16.9333,145.7833,5807
2009-02,ASN00031011,-16.8736,145.7458,6200
2009-02,ASN00031012,-16.0969,145.4575,7450
2009-02,ASN00031024,-17.535,145.4822,4314
2009-02,ASN00030127,-20.9942,144.6433,1522
2009-02,ASN00031032,-17.4311,145.2028,4360
2009-02,ASN00031037,-16.3842,145.5592,6379
2009-02,ASN00031040,-17.0692,145.7742,6082
2009-02,ASN00031044,-16.4569,145.3775,6000
2009-02,ASN00031046,-17.677,145.115,5527
2009-02,ASN00031051,-17.3442,144.9306,3764
2009-02,ASN00031062,-16.3906,145.3511,6170
2009-02,ASN00031069,-17.6697,145.2414,5026
2009-02,ASN00031075,-17.1694,145.5481,3718
2009-02,ASN00029092,-19.8392,140.9336,4120
2009-02,ASN00031036,-16.8178,145.6383,5520
2009-02,ASN00030124,-18.3039,143.5306,4552
2009-02,ASN00031104,-17.1644,145.8783,8950
2009-02,ASN00030103,-18.2225,143.9697,4372
2009-02,ASN00030115,-19.055,144.9594,4386
2009-02,ASN00029126,-20.7361,139.4817,1514
2009-02,ASN00029127,-20.6778,139.4875,1820
2009-02,ASN00029129,-21.215,140.2333,1689
2009-02,ASN00029131,-20.02,139.8433,1744
2009-02,ASN00029132,-20.6556,142.1006,4694
2009-02,ASN00029136,-21.3661,140.4986,1194
2009-02,ASN00029141,-20.6664,140.505,2362
2009-02,ASN00029150,-20.8422,141.4292,2476
2009-02,ASN00029152,-18.7036,138.4839,1210
2009-02,ASN00029139,-17.1142,139.5981,3485
2009-02,ASN00029166,-18.9703,138.8033,360
2009-02,ASN00029154,-18.4306,141.2686,3160
2009-02,ASN00030082,-19.7037,144.3775,3358
2009-02,ASN00030072,-20.0969,144.9875,1916
2009-02,ASN00030048,-18.6242,144.5739,4447
2009-02,ASN00030088,-19.3769,144.1156,3359
2009-02,ASN00030019,-19.2647,143.6741,2980
2009-02,ASN00029167,-18.7569,138.7056,1716
2009-02,ASN00030022,-20.8192,144.2333,2452
2009-03,ASN00061309,-32.6881,150.9728,438
2009-03,ASN00061260,-32.7886,151.3377,406
2009-03,ASN00061287,-32.1852,150.1737,72
2009-03,ASN00061288,-32.3322,151.4595,824
2009-03,ASN00061294,-33.4666,151.4126,502
2009-03,ASN00061295,-32.8108,151.3396,346
2009-03,ASN00061306,-31.8988,150.658,312
2009-03,ASN00061250,-32.6296,151.5919,740
2009-03,ASN00061324,-32.2451,150.513,322
2009-03,ASN00061363,-32.0335,150.8264,222
2009-03,ASN00061329,-32.8323,151.3085,322
2009-03,ASN00061334,-33.0488,150.2325,260
2009-03,ASN00061336,-33.1556,150.6847,240
2009-03,ASN00061339,-32.5584,151.8043,564
2009-03,ASN00061346,-31.8626,151.4398,930
2009-03,ASN00061349,-32.5667,151.6083,1145
2009-03,ASN00061350,-32.1714,151.5942,1130
2009-03,ASN00061360,-32.05,150.8528,90
2009-03,ASN00061226,-32.936,151.1393,408
2009-03,ASN00061366,-33.2815,151.5766,496
2009-03,ASN00061327,-32.8248,151.2613,400
2009-03,ASN00061220,-33.2381,151.3003,466
2009-03,ASN00061162,-32.8446,150.8398,152
2009-03,ASN00061216,-33.4176,151.159,346
2009-03,ASN00061372,-31.8017,150.925,432
2009-03,ASN00061096,-32.5997,151.618,962
2009-03,ASN00061095,-32.1939,151.0932,284
2009-03,ASN00061097,-31.9201,151.2355,244
2009-03,ASN00061100,-32.7667,151.0872,280
2009-03,ASN00061106,-32.3564,151.8059,1008
2009-03,ASN00061110,-32.8736,150.7936,140
2009-03,ASN00061119,-33.385,150.9856,810
2009-03,ASN00061130,-32.5113,150.7968,892
2009-03,ASN00061135,-32.1018,151.2333,115
2009-03,ASN00061143,-32.654,151.021,400
2009-03,ASN00061151,-32.2426,151.683,1026
2009-03,ASN00061152,-32.9995,151.2908,420
2009-03,ASN00061170,-32.2809,151.7948,1162
2009-03,ASN00061191,-32.6126,150.9761,342
2009-03,ASN00061192,-32.2092,150.7365,280
2009-03,ASN00061196,-31.7069,151.2131,562
2009-03,ASN00061201,-33.0259,151.1882,850
2009-03,ASN00061205,-33.0297,151.1401,318
2009-03,ASN00061209,-32.9597,150.675,190
2009-03,ASN00061211,-33.3588,150.7058,445
2009-03,ASN00061217,-33.2904,150.9708,126
2009-03,ASN00061373,-31.9583,150.8567,88
2009-03,ASN00058059,-29.6309,153.0286,1924
2009-03,ASN00061375,-33.2894,151.2107,370
2009-03,ASN00063029,-33.744,149.1046,520
2009-03,ASN00063035,-33.0362,149.4146,357
2009-03,ASN00063036,-33.8199,150.0227,254
2009-03,ASN00063039,-33.7122,150.3087,678
2009-03,ASN00063043,-33.5343,150.6338,412
2009-03,ASN00063049,-33.6094,150.0856,430
2009-03,ASN00063061,-33.8222,149.3244,354
2009-03,ASN00063063,-33.6774,149.8374,265
2009-03,ASN00063073,-33.6896,149.5633,578
2009-03,ASN00063028,-33.6929,150.5291,564
2009-03,ASN00063076,-33.0807,149.6901,258
2009-03,ASN00063093,-34.3093,149.9677,405
2009-03,ASN00063113,-33.5497,148.91,450
2009-03,ASN00063114,-33.3439,149.1617,340
2009-03,ASN00063117,-33.6739,149.0471,737
2009-03,ASN00063118,-33.5156,150.4892,612
2009-03,ASN00063119,-34.2347,149.265,352
2009-03,ASN00063132,-33.3808,150.0818,426
2009-03,ASN00061093,-33.3653,151.3264,548
2009-03,ASN00063142,-33.577,149.8591,324
2009-03,ASN00063081,-33.6956,150.5408,570
2009-03,ASN00063005,-33.4289,149.5559,248
2009-03,ASN00062102,-32.5204,150.0817,377
2009-03,ASN00062101,-32.5628,149.6149,228
2009-03,ASN00061376,-33.0759,151.5382,424
2009-03,ASN00061377,-33.0933,151.6317,316
2009-03,ASN00061381,-33.4036,151.3928,880
2009-03,ASN00061382,-33.1681,151.2181,550
2009-03,ASN00061383,-33.2528,151.3164,210
2009-03,ASN00061385,-33.0789,151.3403,480
2009-03,ASN00061387,-33.245,151.5119,494
2009-03,ASN00061392,-31.7416,150.7937,558
2009-03,ASN00061394,-33.2177,151.1251,265
2009-03,ASN00061405,-32.6753,151.6219,912
2009-03,ASN00061406,-33.0831,151.6511,300
2009-03,ASN00062003,-32.6657,149.1016,384
2009-03,ASN00062009,-31.9963,149.9856,618
2009-03,ASN00062013,-32.3634,149.5329,301
2009-03,ASN00062021,-32.5956,149.5956,234
2009-03,ASN00062032,-32.3592,149.9484,576
2009-03,ASN00062075,-32.4753,149.5151,10
2009-03,ASN00062089,-32.8936,149.3808,284
2009-03,ASN00062093,-32.7236,149.7702,114
2009-03,ASN00062099,-32.8366,148.9963,387
2009-03,ASN00062100,-32.7244,150.229,348
2009-03,ASN00061374,-32.2199,150.9193,232
2009-03,ASN00061092,-32.5932,151.3335,458
2009-03,ASN00058068,-29.4133,153.0153,1862
2009-03,ASN00061071,-32.4027,151.9664,1452
2009-03,ASN00058201,-28.7967,153.2386,1930
2009-03,ASN00058202,-28.7406,153.075,2150
2009-03,ASN00058204,-28.3217,153.3467,1480
2009-03,ASN00058206,-28.7231,153.3614,2520
2009-03,ASN00058208,-28.8775,153.052,1776
2009-03,ASN00058212,-29.183,153.3964,2530
2009-03,ASN00058214,-28.8343,153.2616,2510
2009-03,ASN00058216,-28.6399,153.6358,0
2009-03,ASN00058220,-28.705,152.8414,866
2009-03,ASN00058199,-28.7364,153.1634,1576
2009-03,ASN00058222,-29.7847,153.2639,1980
2009-03,ASN00059006,-30.1619,153.0982,2702
2009-03,ASN00059007,-31.0711,152.7717,1688
2009-03,ASN00059009,-30.2358,153.0163,2587
2009-03,ASN00059019,-30.3641,152.4061,652
2009-03,ASN00059030,-30.9225,153.087,1776
2009-03,ASN00059040,-30.3107,153.1187,1900
2009-03,ASN00059047,-31.1802,152.9681,1616
2009-03,ASN00059070,-30.4508,152.6231,2140
2009-03,ASN00059107,-30.566,152.6528,2414
2009-03,ASN00059002,-30.65,152.8486,2290
2009-03,ASN00059110,-30.6688,152.7638,1902
2009-03,ASN00058198,-28.8353,153.5585,3690
2009-03,ASN00058193,-28.3538,153.293,1280
2009-03,ASN00063146,-33.5544,150.0526,386
2009-03,ASN00058070,-28.6384,153.4128,2570
2009-03,ASN00058077,-29.6224,152.9605,1780
2009-03,ASN00058079,-29.7619,153.1047,2266
2009-03,ASN00058080,-29.87,153.2653,2097
2009-03,ASN00058097,-29.1514,153.2792,3102
2009-03,ASN00058099,-29.2822,152.9888,1614
2009-03,ASN00058102,-29.737,152.7852,1184
2009-03,ASN00058113,-28.4738,153.0861,1456
2009-03,ASN00058194,-28.3811,152.7174,0
2009-03,ASN00058127,-28.7319,153.4065,2410
2009-03,ASN00058148,-28.5276,153.1519,1680
2009-03,ASN00058158,-28.3395,153.3809,1576
2009-03,ASN00058161,-29.7583,153.0297,1924
2009-03,ASN00058162,-28.7278,153.4622,2730
2009-03,ASN00058165,-28.6229,153.409,2406
2009-03,ASN00058167,-28.4147,153.3339,1420
2009-03,ASN00058171,-28.9263,153.4178,3474
2009-03,ASN00058180,-28.6069,153.2083,1510
2009-03,ASN00058186,-28.3283,153.4,1740
2009-03,ASN00058147,-28.6696,153.2789,1717
2009-03,ASN00059113,-30.3098,152.7636,3926
2009-03,ASN00059118,-30.2493,152.463,1318
2009-03,ASN00059122,-30.8217,152.5067,1390
2009-03,ASN00060121,-31.5667,152.2401,1654
2009-03,ASN00060122,-31.8922,152.2739,778
2009-03,ASN00060128,-31.5833,151.3167,624
2009-03,ASN00060130,-31.2936,152.3121,1656
2009-03,ASN00060137,-31.7683,151.8889,1222
2009-03,ASN00060139,-31.4336,152.8655,2096
2009-03,ASN00060141,-31.8896,152.512,716
2009-03,ASN00060144,-32.3796,152.5062,548
2009-03,ASN00060146,-31.9572,152.585,572
2009-03,ASN00060117,-31.8833,152.15,1070
2009-03,ASN00060147,-31.7361,152.3989,602
2009-03,ASN00061007,-32.0332,150.5836,266
2009-03,ASN00061010,-32.5879,151.7813,906
2009-03,ASN00061012,-33.0853,151.4633,678
2009-03,ASN00061014,-32.6385,151.4173,650
2009-03,ASN00061017,-32.4022,151.7582,1226
2009-03,ASN00061031,-32.7756,151.735,914
2009-03,ASN00061041,-33.0955,151.5506,488
2009-03,ASN00061054,-32.7103,152.1612,328
2009-03,ASN00061055,-32.9185,151.7985,486
2009-03,ASN00060148,-32.1625,152.2614,980
2009-03,ASN00060116,-31.4367,152.4633,1148
2009-03,ASN00060112,-32.0525,151.9147,856
2009-03,ASN00060106,-31.6647,152.0637,1272
2009-03,ASN00059124,-29.9806,152.7222,1145
2009-03,ASN00059128,-30.9783,152.5106,390
2009-03,ASN00059138,-30.6639,152.6528,200
2009-03,ASN00059139,-30.1014,153.0009,2442
2009-03,ASN00059140,-30.3442,152.7187,4070
2009-03,ASN00060002,-32.4129,152.2079,804
2009-03,ASN00060015,-32.0063,151.9597,770
2009-03,ASN00060017,-31.7004,152.5833,1120
2009-03,ASN00060024,-31.7816,152.6684,558
2009-03,ASN00060031,-31.3364,152.7852,1583
2009-03,ASN00060036,-31.862,152.3444,396
2009-03,ASN00060042,-32.1532,151.9511,818
2009-03,ASN00060046,-31.6877,152.2688,1868
2009-03,ASN00060065,-32.2942,152.3047,1340
2009-03,ASN00060075,-31.95,151.7923,1117
2009-03,ASN00060085,-31.3865,152.2482,2912
2009-03,ASN00060090,-31.3422,152.341,2032
2009-03,ASN00060095,-32.375,152.3808,850
2009-03,ASN00060096,-32.2583,152.1208,470
2009-03,ASN00060099,-32.4436,152.1561,840
2009-03,ASN00060104,-31.4138,151.598,374
2009-03,ASN00061078,-32.7932,151.8359,492
2009-03,ASN00063214,-33.3561,149.4058,172
2009-03,ASN00070165,-36.3541,149.198,664
2009-03,ASN00063234,-33.6708,148.8565,480
2009-03,ASN00068252,-34.6708,150.8497,672
2009-03,ASN00068255,-34.4875,150.4014,250
2009-03,ASN00069002,-36.6884,149.838,158
2009-03,ASN00069003,-36.6278,149.5705,118
2009-03,ASN00069006,-35.7011,149.7896,240
2009-03,ASN00069010,-35.4489,149.799,272
2009-03,ASN00069013,-36.7677,149.6951,132
2009-03,ASN00069014,-36.3881,149.8882,388
2009-03,ASN00069015,-37.0557,149.9053,306
2009-03,ASN00068249,-34.9636,150.0967,100
2009-03,ASN00069017,-36.2519,150.2275,200
2009-03,ASN00069019,-36.8402,149.5257,317
2009-03,ASN00069022,-36.2144,150.1358,332
2009-03,ASN00069023,-35.6488,150.1454,576
2009-03,ASN00069029,-37.3623,149.6984,124
2009-03,ASN00069033,-35.9017,149.9611,340
2009-03,ASN00069035,-35.7564,149.815,610
2009-03,ASN00069036,-36.0876,150.0508,438
2009-03,ASN00069041,-35.2514,149.9158,126
2009-03,ASN00069042,-35.7661,149.9416,368
2009-03,ASN00069018,-35.9093,150.1532,180
2009-03,ASN00069048,-35.7581,149.8252,100
2009-03,ASN00068248,-34.6625,150.4333,520
2009-03,ASN00068246,-34.5707,150.8383,326
2009-03,ASN00068110,-34.4829,150.8555,254
2009-03,ASN00068125,-34.0904,150.5052,670
2009-03,ASN00068151,-35.0936,150.8049,306
2009-03,ASN00068160,-34.0542,150.8772,420
2009-03,ASN00068181,-34.7275,150.5208,480
2009-03,ASN00068192,-34.0391,150.689,410
2009-03,ASN00068200,-34.2075,150.7095,228
2009-03,ASN00068202,-34.6033,150.5487,656
2009-03,ASN00068213,-34.8667,150.605,300
2009-03,ASN00068247,-34.7679,150.562,546
2009-03,ASN00068215,-34.4167,150.1967,240
2009-03,ASN00068217,-34.6866,150.5253,556
2009-03,ASN00068224,-34.5858,150.6264,480
2009-03,ASN00068228,-34.3691,150.9291,218
2009-03,ASN00068229,-35.2439,150.5098,350
2009-03,ASN00068233,-34.8517,150.3883,240
2009-03,ASN00068239,-34.5253,150.4217,294
2009-03,ASN00068241,-34.5638,150.79,398
2009-03,ASN00068243,-34.5776,150.5118,494
2009-03,ASN00068245,-34.9528,150.7019,199
2009-03,ASN00068216,-34.1194,150.7402,230
2009-03,ASN00069049,-35.1165,150.0847,119
2009-03,ASN00069050,-36.2967,149.843,370
2009-03,ASN00069052,-35.7343,150.0508,384
2009-03,ASN00070043,-34.7823,149.2681,182
2009-03,ASN00070045,-35.1548,149.057,138
2009-03,ASN00070054,-36.2009,149.0602,96
2009-03,ASN00070060,-35.1559,149.7725,134
2009-03,ASN00070061,-35.5646,149.7406,406
2009-03,ASN00070071,-34.6514,149.5024,98
2009-03,ASN00070077,-34.9031,149.67,49
2009-03,ASN00070080,-34.4048,149.8197,270
2009-03,ASN00070084,-36.9325,148.9393,242
2009-03,ASN00070032,-35.2274,148.9139,124
2009-03,ASN00070106,-36.8439,149.3897,132
2009-03,ASN00070117,-34.7169,149.1207,134
2009-03,ASN00070124,-34.3024,149.8767,398
2009-03,ASN00070131,-34.545,149.6245,208
2009-03,ASN00070143,-34.6389,149.9541,97
2009-03,ASN00070144,-34.4084,149.8836,538
2009-03,ASN00070147,-34.5604,149.7381,106
2009-03,ASN00070161,-36.425,149.1139,116
2009-03,ASN00070214,-35.6311,149.5,394
2009-03,ASN00058056,-28.2025,153.5502,2004
2009-03,ASN00070112,-34.7226,149.1816,172
2009-03,ASN00070025,-34.4578,149.4693,152
2009-03,ASN00070016,-35.5889,149.4478,364
2009-03,ASN00070005,-36.9113,149.2379,514
2009-03,ASN00069054,-36.2967,149.51,234
2009-03,ASN00069062,-35.9446,149.5876,435
2009-03,ASN00069065,-36.5676,149.7511,168
2009-03,ASN00069066,-36.9296,149.646,208
2009-03,ASN00069068,-36.6036,149.9984,102
2009-03,ASN00069088,-36.1935,149.4735,192
2009-03,ASN00069114,-36.5404,149.8229,288
2009-03,ASN00069121,-35.4411,150.2857,500
2009-03,ASN00069127,-35.6864,149.8386,236
2009-03,ASN00069132,-35.4253,149.7835,218
2009-03,ASN00069133,-36.6631,149.5139,170
2009-03,ASN00069134,-35.7234,150.1872,586
2009-03,ASN00069137,-37.2622,150.0504,92
2009-03,ASN00069138,-35.3635,150.4827,180
2009-03,ASN00069139,-36.6722,149.8191,158
2009-03,ASN00069140,-36.4948,149.7434,251
2009-03,ASN00069142,-35.924,150.0362,250
2009-03,ASN00069145,-35.9775,149.8611,420
2009-03,ASN00069147,-36.9077,149.8989,186
2009-03,ASN00069148,-35.9004,150.1437,160
2009-03,ASN00069150,-35.3785,150.0032,320
2009-03,ASN00068088,-35.0938,150.6228,136
2009-03,ASN00068083,-34.9282,150.7484,436
2009-03,ASN00068080,-34.9158,150.7312,334
2009-03,ASN00068072,-34.9469,150.5353,334
2009-03,ASN00064054,-31.7914,149.6705,290
2009-03,ASN00065000,-32.4975,148.7488,150
2009-03,ASN00065010,-33.2869,148.7396,504
2009-03,ASN00065013,-33.4278,148.3721,226
2009-03,ASN00065019,-33.6146,148.435,385
2009-03,ASN00065020,-33.183,148.6941,968
2009-03,ASN00065022,-33.1628,148.5879,628
2009-03,ASN00065023,-33.0866,148.8598,626
2009-03,ASN00065030,-32.5192,148.5187,210
2009-03,ASN00064050,-31.646,149.6209,248
2009-03,ASN00065034,-32.5635,148.9503,214
2009-03,ASN00065051,-32.9283,148.7547,552
2009-03,ASN00065068,-33.1281,148.2428,552
2009-03,ASN00065070,-32.2206,148.5753,162
2009-03,ASN00065084,-33.3711,148.5917,676
2009-03,ASN00065096,-33.2682,148.3945,614
2009-03,ASN00065098,-32.6833,148.9167,82
2009-03,ASN00065099,-32.3778,148.8741,162
2009-03,ASN00065103,-33.3627,147.9205,518
2009-03,ASN00065106,-32.0358,148.6552,276
2009-03,ASN00065041,-33.0956,148.8692,584
2009-03,ASN00064029,-32.0156,149.3925,120
2009-03,ASN00064027,-31.3125,149.2048,236
2009-03,ASN00064025,-31.8231,149.72,282
2009-03,ASN00063246,-33.5105,150.3711,900
2009-03,ASN00063254,-33.3211,149.0828,504
2009-03,ASN00063271,-34.0417,149.3611,272
2009-03,ASN00063283,-33.7,150.0278,350
2009-03,ASN00063287,-33.4111,149.5861,130
2009-03,ASN00063290,-33.4983,150.5215,284
2009-03,ASN00063291,-33.412,149.654,242
2009-03,ASN00063292,-33.6185,150.2741,342
2009-03,ASN00063293,-33.74,149.8822,70
2009-03,ASN00063295,-33.6297,150.2803,520
2009-03,ASN00063297,-33.5728,149.9128,250
2009-03,ASN00063298,-33.6144,149.6981,270
2009-03,ASN00063302,-33.8275,149.6033,290
2009-03,ASN00063303,-33.3813,149.127,628
2009-03,ASN00063304,-33.7181,149.5106,220
2009-03,ASN00064008,-31.2712,149.2714,24
2009-03,ASN00064009,-32.0159,149.3964,142
2009-03,ASN00064010,-32.1141,149.0365,108
2009-03,ASN00064015,-31.8227,149.1217,280
2009-03,ASN00064017,-31.3304,149.2699,470
2009-03,ASN00064024,-31.5622,148.9547,242
2009-03,ASN00065111,-33.8449,148.6497,366
2009-03,ASN00063229,-33.6773,148.6115,376
2009-03,ASN00065112,-33.4818,148.2608,394
2009-03,ASN00066013,-33.8523,151.0985,706
2009-03,ASN00067023,-33.4972,151.0931,534
2009-03,ASN00067026,-33.7704,150.9318,728
2009-03,ASN00067027,-33.8902,150.5934,0
2009-03,ASN00067033,-33.6022,150.7794,1291
2009-03,ASN00067094,-33.4383,150.8917,184
2009-03,ASN00067104,-33.6617,150.9,620
2009-03,ASN00067105,-33.6004,150.7761,702
2009-03,ASN00067108,-33.8969,150.7281,748
2009-03,ASN00067109,-33.7678,150.9814,735
2009-03,ASN00067021,-33.6165,150.7477,366
2009-03,ASN00067110,-33.7858,150.9236,790
2009-03,ASN00067112,-33.7672,151.0186,690
2009-03,ASN00067113,-33.7195,150.6783,460
2009-03,ASN00067114,-33.8667,150.8611,510
2009-03,ASN00067119,-33.8511,150.8567,538
2009-03,ASN00068000,-34.5712,150.7761,184
2009-03,ASN00068007,-34.0254,150.6455,338
2009-03,ASN00068024,-34.2272,150.9111,624
2009-03,ASN00068035,-34.6642,150.7586,424
2009-03,ASN00068044,-34.4474,150.4568,380
2009-03,ASN00067111,-33.7931,151.0167,740
2009-03,ASN00067019,-33.8193,150.9127,541
2009-03,ASN00067017,-33.8136,150.9392,624
2009-03,ASN00067002,-33.6667,150.6696,844
2009-03,ASN00066034,-33.8507,151.1295,691
2009-03,ASN00066036,-33.9186,151.1402,170
2009-03,ASN00066037,-33.9465,151.1731,520
2009-03,ASN00066048,-33.8483,151.1105,756
2009-03,ASN00066052,-33.9096,151.2419,696
2009-03,ASN00066058,-33.9942,151.1292,590
2009-03,ASN00066059,-33.6908,151.2253,1176
2009-03,ASN00066073,-33.9105,151.2276,800
2009-03,ASN00066078,-34.0517,150.98,434
2009-03,ASN00066080,-33.7809,151.2044,1015
2009-03,ASN00066098,-33.8809,151.2658,672
2009-03,ASN00066124,-33.7917,151.0181,799
2009-03,ASN00066128,-33.5965,151.3221,644
2009-03,ASN00066137,-33.9181,150.9864,786
2009-03,ASN00066142,-33.6761,151.1818,1352
2009-03,ASN00066148,-33.97,151.0638,620
2009-03,ASN00066156,-33.7791,151.1121,860
2009-03,ASN00066176,-34.0658,151.0567,500
2009-03,ASN00066188,-33.7402,151.2173,972
2009-03,ASN00066194,-33.9057,151.1134,728
2009-03,ASN00066204,-34.0009,151.0738,480
2009-03,ASN00066011,-33.8,151.2,620
2009-03,ASN00058045,-29.9691,152.7265,1174
2009-03,ASN00040979,-27.1247,152.9356,920
2009-03,ASN00058040,-28.5451,153.4948,2162
2009-03,ASN00043051,-26.2625,149.2389,26
2009-03,ASN00043052,-27.0006,149.4969,22
2009-03,ASN00043060,-26.0756,147.9044,12
2009-03,ASN00043065,-27.7683,148.7147,750
2009-03,ASN00043080,-27.2275,148.7411,0
2009-03,ASN00043091,-26.5442,148.7778,8
2009-03,ASN00043093,-26.6064,148.5372,6
2009-03,ASN00043095,-27.3867,149.3878,0
2009-03,ASN00043099,-26.82,148.0244,84
2009-03,ASN00043045,-28.0944,148.9731,0
2009-03,ASN00043100,-27.7333,148.4667,0
2009-03,ASN00043102,-26.49,147.9792,0
2009-03,ASN00043105,-26.4083,148.7833,0
2009-03,ASN00043106,-26.5089,148.1314,2
2009-03,ASN00043108,-25.96,148.3867,26
2009-03,ASN00043109,-28.0489,148.5942,2
2009-03,ASN00043112,-26.7997,148.5989,0
2009-03,ASN00044010,-28.0336,147.4803,0
2009-03,ASN00044021,-26.4139,146.2558,0
2009-03,ASN00044026,-28.0706,145.6808,100
2009-03,ASN00043101,-27.3117,148.8267,0
2009-03,ASN00044038,-27.02,147.1536,0
2009-03,ASN00043043,-26.6133,149.3878,0
2009-03,ASN00043037,-26.2094,149.0894,0
2009-03,ASN00041545,-27.6539,150.9136,144
2009-03,ASN00041547,-28.9236,151.9289,558
2009-03,ASN00041548,-28.8675,151.1611,10
2009-03,ASN00041551,-26.9669,151.4847,120
2009-03,ASN00042002,-27.2067,150.2828,18
2009-03,ASN00042016,-27.3411,150.0619,50
2009-03,ASN00042022,-27.3236,149.8828,140
2009-03,ASN00042023,-26.6581,150.1844,90
2009-03,ASN00042025,-26.5519,150.6322,104
2009-03,ASN00043041,-28.1436,148.7089,0
2009-03,ASN00042034,-27.1689,150.0019,0
2009-03,ASN00042078,-26.9186,150.4722,130
2009-03,ASN00042100,-27.7644,150.0694,100
2009-03,ASN00042104,-28.3839,149.6747,112
2009-03,ASN00042112,-26.6569,150.1819,88
2009-03,ASN00042115,-28.0697,149.9794,100
2009-03,ASN00042116,-28.23,149.5617,42
2009-03,ASN00043015,-25.8428,148.5669,8
2009-03,ASN00043020,-26.4888,147.9777,0
2009-03,ASN00043035,-27.159,149.0703,0
2009-03,ASN00042035,-26.6439,149.6278,10
2009-03,ASN00044040,-26.1108,144.8728,326
2009-03,ASN00044041,-25.9719,146.6189,40
2009-03,ASN00044044,-26.3453,147.1258,0
2009-03,ASN00046006,-29.0885,141.2033,0
2009-03,ASN00046012,-31.5194,143.385,264
2009-03,ASN00046015,-31.4459,142.1352,270
2009-03,ASN00046022,-31.4469,143.6548,488
2009-03,ASN00046043,-31.5631,143.3747,364
2009-03,ASN00046052,-29.4089,143.3808,0
2009-03,ASN00046124,-29.8718,142.434,30
2009-03,ASN00046126,-29.4448,142.0567,4
2009-03,ASN00046128,-31.0867,141.7017,174
2009-03,ASN00046002,-29.7656,143.1142,22
2009-03,ASN00046129,-30.8517,143.0742,104
2009-03,ASN00047016,-34.0398,141.2652,82
2009-03,ASN00047019,-32.3937,142.4173,342
2009-03,ASN00047022,-32.4757,143.9409,320
2009-03,ASN00047029,-33.3856,142.5696,252
2009-03,ASN00047033,-33.4268,142.5719,220
2009-03,ASN00047040,-33.9297,142.3572,158
2009-03,ASN00047046,-33.2552,141.7984,828
2009-03,ASN00047048,-32.0012,141.4694,90
2009-03,ASN00047049,-32.0682,141.1097,176
2009-03,ASN00047013,-32.9669,143.1071,922
2009-03,ASN00045029,-28.0722,141.5317,0
2009-03,ASN00045025,-27.9867,143.815,0
2009-03,ASN00045015,-26.6125,144.2578,48
2009-03,ASN00044045,-27.4133,147.4314,0
2009-03,ASN00044047,-26.44,147.6942,0
2009-03,ASN00044050,-26.4156,147.1131,22
2009-03,ASN00044054,-28.8061,147.1194,60
2009-03,ASN00044056,-26.4458,147.5453,0
2009-03,ASN00044057,-25.4992,146.5442,0
2009-03,ASN00044070,-26.375,147.0394,50
2009-03,ASN00044075,-27.265,148.0814,0
2009-03,ASN00044111,-25.8517,146.1894,0
2009-03,ASN00044137,-27.8717,148.0344,0
2009-03,ASN00044142,-27.6844,147.6981,0
2009-03,ASN00044153,-28.1631,145.0431,86
2009-03,ASN00044154,-28.3875,148.3111,20
2009-03,ASN00044174,-27.62,145.8281,12
2009-03,ASN00044181,-28.9972,144.4094,380
2009-03,ASN00044194,-28.3544,148.8217,0
2009-03,ASN00044208,-26.1394,145.6639,36
2009-03,ASN00044211,-25.3353,147.3,136
2009-03,ASN00044223,-25.4536,147.3031,0
2009-03,ASN00045007,-26.1133,144.1333,0
2009-03,ASN00045009,-27.4008,141.8114,44
2009-03,ASN00041543,-28.0719,151.1861,190
2009-03,ASN00041540,-29.1694,151.3414,86
2009-03,ASN00041537,-28.3394,152.2944,290
2009-03,ASN00041536,-28.2883,152.1053,350
2009-03,ASN00041095,-28.6617,151.9339,295
2009-03,ASN00041096,-27.5094,151.9547,193
2009-03,ASN00041098,-28.2858,152.2425,282
2009-03,ASN00041100,-28.8544,151.1681,38
2009-03,ASN00041106,-27.9651,152.0752,422
2009-03,ASN00041116,-28.9231,151.9306,322
2009-03,ASN00041120,-28.1897,152.2064,276
2009-03,ASN00041128,-28.4997,150.5928,162
2009-03,ASN00041134,-28.3128,152.4025,1350
2009-03,ASN00041091,-26.8086,151.0806,366
2009-03,ASN00041145,-26.8397,151.165,142
2009-03,ASN00041166,-27.6764,151.6022,120
2009-03,ASN00041170,-27.5433,151.6383,394
2009-03,ASN00041175,-28.6217,151.9533,368
2009-03,ASN00041182,-27.1667,151.5697,70
2009-03,ASN00041191,-27.2627,151.3747,62
2009-03,ASN00041208,-28.3542,152.3392,602
2009-03,ASN00041229,-28.0775,152.2625,258
2009-03,ASN00041230,-28.7208,151.1825,160
2009-03,ASN00041240,-27.1858,151.1419,46
2009-03,ASN00041162,-28.2694,150.8106,40
2009-03,ASN00041090,-26.5392,151.1347,320
2009-03,ASN00041086,-26.6653,151.3969,306
2009-03,ASN00041085,-28.3253,152.3942,1200
2009-03,ASN00070217,-36.2939,148.9725,134
2009-03,ASN00040978,-27.0797,153.1803,1240
2009-03,ASN00040980,-27.1822,153.0186,830
2009-03,ASN00041012,-26.6764,150.8992,356
2009-03,ASN00041013,-28.2264,152.0661,290
2009-03,ASN00041014,-28.3539,151.6281,184
2009-03,ASN00041016,-27.5331,151.2025,68
2009-03,ASN00041018,-27.9317,151.9058,340
2009-03,ASN00041022,-28.5,151.9722,546
2009-03,ASN00041024,-27.2067,151.8467,122
2009-03,ASN00041025,-27.5742,151.0839,0
2009-03,ASN00041034,-28.4039,151.4703,318
2009-03,ASN00041037,-27.3072,151.8506,46
2009-03,ASN00041047,-28.4147,151.0828,0
2009-03,ASN00041050,-26.7797,151.1111,520
2009-03,ASN00041052,-26.6928,151.0964,262
2009-03,ASN00041053,-27.3675,151.5897,56
2009-03,ASN00041056,-28.3344,152.2953,456
2009-03,ASN00041072,-27.4831,151.6003,430
2009-03,ASN00041082,-27.7156,151.6333,132
2009-03,ASN00041083,-28.0694,151.7797,140
2009-03,ASN00041250,-27.7894,151.4133,310
2009-03,ASN00047053,-34.1065,141.9189,230
2009-03,ASN00041276,-27.9292,152.1606,460
2009-03,ASN00041314,-27.7578,151.4483,184
2009-03,ASN00041495,-28.4828,151.2831,60
2009-03,ASN00041503,-28.2167,152.05,170
2009-03,ASN00041504,-27.7358,151.4117,117
2009-03,ASN00041506,-28.6561,150.6653,92
2009-03,ASN00041507,-28.6656,150.445,332
2009-03,ASN00041508,-27.7267,150.6453,160
2009-03,ASN00041509,-27.6783,150.3483,86
2009-03,ASN00041510,-27.4722,151.9481,374
2009-03,ASN00041512,-27.3825,151.9244,216
2009-03,ASN00041493,-27.4967,150.4539,6
2009-03,ASN00041519,-28.5767,150.845,30
2009-03,ASN00041525,-28.2061,152.1003,234
2009-03,ASN00041528,-27.0481,151.6314,144
2009-03,ASN00041529,-27.5425,151.9134,152
2009-03,ASN00041530,-28.2006,152.2156,190
2009-03,ASN00041531,-28.1167,152.0642,30
2009-03,ASN00041532,-28.3558,151.9967,340
2009-03,ASN00041533,-28.2292,152.2269,100
2009-03,ASN00041534,-28.2111,152.0275,260
2009-03,ASN00041535,-28.3731,152.14,270
2009-03,ASN00041522,-27.1605,151.2634,78
2009-03,ASN00041491,-28.4333,151.4667,90
2009-03,ASN00041490,-26.9,150.7833,740
2009-03,ASN00041489,-28.3011,150.2936,2
2009-03,ASN00041323,-28.0187,152.2861,210
2009-03,ASN00041338,-28.8,151.8433,500
2009-03,ASN00041339,-27.2131,151.1856,50
2009-03,ASN00041344,-28.2075,151.5608,58
2009-03,ASN00041359,-27.4034,151.7413,214
2009-03,ASN00041369,-27.5233,151.8819,248
2009-03,ASN00041370,-28.1236,150.5431,370
2009-03,ASN00041371,-28.4572,151.6817,224
2009-03,ASN00041388,-28.055,151.3297,72
2009-03,ASN00041391,-28.3611,151.1464,30
2009-03,ASN00041397,-28.1422,150.1319,30
2009-03,ASN00041404,-27.9592,151.6664,164
2009-03,ASN00041405,-27.7952,151.7387,34
2009-03,ASN00041415,-28.2367,151.5347,50
2009-03,ASN00041445,-28.2144,151.9194,384
2009-03,ASN00041456,-28.0621,152.3675,290
2009-03,ASN00041457,-28.4225,151.2131,50
2009-03,ASN00041464,-28.1553,152.33,416
2009-03,ASN00041469,-27.0289,151.0947,86
2009-03,ASN00041473,-28.1022,151.8119,164
2009-03,ASN00041486,-26.9575,150.8633,68
2009-03,ASN00041277,-26.7675,151.2075,298
2009-03,ASN00047056,-32.419,141.5525,44
2009-03,ASN00047058,-32.3902,142.4164,291
2009-03,ASN00047078,-33.2714,141.5962,296
2009-03,ASN00055276,-30.8828,150.4928,60
2009-03,ASN00055282,-31.4753,150.5439,442
2009-03,ASN00055303,-30.8098,150.7524,70
2009-03,ASN00055309,-31.1472,151.2306,292
2009-03,ASN00055311,-31.2171,150.8185,158
2009-03,ASN00055313,-31.2717,150.9167,264
2009-03,ASN00055319,-30.6126,150.5862,66
2009-03,ASN00055322,-31.3908,151.4019,534
2009-03,ASN00055325,-31.0742,150.8362,132
2009-03,ASN00055262,-31.3505,151.3177,402
2009-03,ASN00055331,-30.7299,150.5784,198
2009-03,ASN00056001,-29.7183,151.355,485
2009-03,ASN00056008,-29.4421,151.8483,724
2009-03,ASN00056010,-30.9406,151.7078,346
2009-03,ASN00056013,-29.6953,151.6936,455
2009-03,ASN00056018,-29.7752,151.0819,298
2009-03,ASN00056023,-28.3933,152.4157,598
2009-03,ASN00056028,-30.7338,151.5105,368
2009-03,ASN00056032,-29.0479,152.0172,801
2009-03,ASN00056034,-30.6437,151.4906,452
2009-03,ASN00055335,-31.5347,151.1806,218
2009-03,ASN00055257,-31.2208,150.8213,182
2009-03,ASN00055254,-30.7902,150.629,96
2009-03,ASN00055220,-30.9585,150.1505,92
2009-03,ASN00055006,-31.6405,150.2356,318
2009-03,ASN00055007,-30.7056,150.0458,10
2009-03,ASN00055016,-30.9963,151.2292,154
2009-03,ASN00055041,-31.4605,151.1275,38
2009-03,ASN00055046,-31.5271,150.4296,328
2009-03,ASN00055049,-31.5086,150.6792,450
2009-03,ASN00055053,-31.346,149.8285,206
2009-03,ASN00055057,-31.7731,150.2856,282
2009-03,ASN00055065,-31.166,150.5441,96
2009-03,ASN00055066,-31.6218,150.8437,332
2009-03,ASN00055075,-31.1224,150.6957,92
2009-03,ASN00055105,-30.7967,150.8647,30
2009-03,ASN00055122,-30.8415,150.9097,6
2009-03,ASN00055136,-30.9672,151.3451,259
2009-03,ASN00055157,-31.0853,150.658,88
2009-03,ASN00055164,-31.1805,151.3031,372
2009-03,ASN00055176,-31.2573,151.0842,526
2009-03,ASN00055181,-31.2547,151.1208,359
2009-03,ASN00055183,-31.2962,150.8606,430
2009-03,ASN00055190,-31.3658,150.8357,481
2009-03,ASN00055202,-30.9537,150.2494,0
2009-03,ASN00056037,-30.5264,151.6697,462
2009-03,ASN00055002,-31.2342,149.8345,12
2009-03,ASN00056052,-29.0988,151.7416,756
2009-03,ASN00056077,-31.0678,151.5022,386
2009-03,ASN00057028,-30.5644,151.907,485
2009-03,ASN00057035,-31.1333,152.1253,648
2009-03,ASN00057091,-30.7167,151.8531,462
2009-03,ASN00057093,-29.5101,152.4897,1396
2009-03,ASN00057095,-28.7551,152.4507,1174
2009-03,ASN00057103,-30.0093,152.0101,566
2009-03,ASN00057104,-31.2739,151.9655,940
2009-03,ASN00057114,-29.1967,152.595,756
2009-03,ASN00057119,-30.889,151.8547,630
2009-03,ASN00057024,-28.3879,152.6083,839
2009-03,ASN00057123,-29.7603,152.2057,644
2009-03,ASN00057125,-30.3969,152.358,1348
2009-03,ASN00058005,-28.3981,153.1731,740
2009-03,ASN00058007,-28.6369,153.588,2396
2009-03,ASN00058012,-29.4333,153.3633,2426
2009-03,ASN00058019,-28.5314,153.3151,2310
2009-03,ASN00058020,-28.2886,153.3651,1960
2009-03,ASN00058023,-28.7908,153.3958,2667
2009-03,ASN00058027,-29.4227,153.2533,1750
2009-03,ASN00058036,-28.31,153.2228,1460
2009-03,ASN00057124,-30.4833,152.398,2414
2009-03,ASN00057023,-30.2892,152.1701,394
2009-03,ASN00057018,-28.8914,152.5663,788
2009-03,ASN00057014,-29.5577,152.1388,1270
2009-03,ASN00056094,-29.5488,151.9942,1118
2009-03,ASN00056098,-29.5817,151.9483,388
2009-03,ASN00056100,-29.6315,151.5561,426
2009-03,ASN00056111,-29.7799,151.3503,425
2009-03,ASN00056141,-28.8867,152.1144,482
2009-03,ASN00056161,-30.1575,151.8774,334
2009-03,ASN00056176,-30.1369,151.2581,128
2009-03,ASN00056202,-28.9776,152.1552,310
2009-03,ASN00056205,-29.8995,151.965,484
2009-03,ASN00056207,-28.5417,151.9909,526
2009-03,ASN00056229,-30.2126,151.6787,310
2009-03,ASN00056234,-30.9874,151.5855,472
2009-03,ASN00056236,-31.0109,151.6246,386
2009-03,ASN00056237,-29.8025,151.2726,436
2009-03,ASN00056238,-30.5273,151.6158,426
2009-03,ASN00056239,-28.7014,152.0974,676
2009-03,ASN00056240,-30.3358,151.7367,370
2009-03,ASN00056242,-29.7796,151.1121,348
2009-03,ASN00056243,-29.678,151.694,544
2009-03,ASN00057003,-28.737,152.6228,540
2009-03,ASN00057005,-28.9279,152.3759,802
2009-03,ASN00056057,-30.0867,151.3909,68
2009-03,ASN00058044,-28.5966,153.2233,1760
2009-03,ASN00055000,-30.9113,150.8579,114
2009-03,ASN00054149,-30.1872,149.8642,156
2009-03,ASN00049132,-33.1898,145.3067,160
2009-03,ASN00049133,-33.516,144.7651,294
2009-03,ASN00050010,-33.5159,147.2541,280
2009-03,ASN00050014,-33.0818,147.1524,680
2009-03,ASN00050017,-33.9382,147.1962,238
2009-03,ASN00050031,-32.7235,148.1902,72
2009-03,ASN00050035,-32.2435,147.3545,108
2009-03,ASN00050037,-32.6309,147.5659,210
2009-03,ASN00050045,-33.8486,146.8261,294
2009-03,ASN00049105,-32.5187,146.2819,834
2009-03,ASN00050052,-33.0664,147.2283,290
2009-03,ASN00050110,-32.6358,148.058,54
2009-03,ASN00050117,-32.8952,148.2811,718
2009-03,ASN00050119,-32.9365,148.2452,524
2009-03,ASN00050137,-33.0682,147.2133,6
2009-03,ASN00050139,-32.5613,148.3353,22
2009-03,ASN00051008,-32.4581,148.1491,30
2009-03,ASN00051018,-31.7055,148.6625,36
2009-03,ASN00051026,-31.5629,146.7181,318
2009-03,ASN00051033,-31.8576,147.1343,184
2009-03,ASN00050108,-32.5724,147.2162,254
2009-03,ASN00049103,-32.1698,144.2007,470
2009-03,ASN00049092,-33.6959,144.2757,136
2009-03,ASN00049063,-33.052,144.1444,330
2009-03,ASN00047093,-33.7492,142.2205,134
2009-03,ASN00047104,-32.804,141.5096,222
2009-03,ASN00047106,-32.9703,142.3855,428
2009-03,ASN00047107,-34.3206,142.3645,74
2009-03,ASN00048015,-29.9614,146.8651,8
2009-03,ASN00048025,-29.3513,146.8126,8
2009-03,ASN00048027,-31.484,145.8294,106
2009-03,ASN00048031,-29.5407,148.5818,12
2009-03,ASN00048047,-29.1509,148.6252,0
2009-03,ASN00048079,-29.7029,144.1482,68
2009-03,ASN00048115,-31.424,145.2539,112
2009-03,ASN00048168,-29.1173,147.8993,0
2009-03,ASN00048237,-31.5389,145.7964,194
2009-03,ASN00048243,-29.431,147.9722,371
2009-03,ASN00048245,-30.0362,145.9521,152
2009-03,ASN00049000,-32.8831,144.3088,440
2009-03,ASN00049002,-34.6398,143.561,152
2009-03,ASN00049023,-34.4523,142.9109,215
2009-03,ASN00049045,-34.5594,143.0754,190
2009-03,ASN00049055,-34.1953,143.7916,100
2009-03,ASN00049061,-32.3884,144.7456,390
2009-03,ASN00051034,-31.4986,147.6865,102
2009-03,ASN00054151,-30.2838,150.1666,0
2009-03,ASN00051042,-30.9252,147.869,162
2009-03,ASN00051057,-30.6998,147.2232,0
2009-03,ASN00054023,-30.2948,150.8103,60
2009-03,ASN00054027,-29.5581,150.8871,192
2009-03,ASN00054029,-29.5416,150.5754,104
2009-03,ASN00054038,-30.3154,149.8302,132
2009-03,ASN00054046,-29.3992,151.4107,444
2009-03,ASN00054049,-29.405,150.9012,104
2009-03,ASN00054073,-29.6448,151.2362,340
2009-03,ASN00054074,-29.6613,151.0196,230
2009-03,ASN00054076,-29.64,151.4297,422
2009-03,ASN00054013,-29.654,150.8291,74
2009-03,ASN00054078,-29.6754,151.1527,284
2009-03,ASN00054102,-30.3735,150.6723,76
2009-03,ASN00054104,-29.3899,151.2448,284
2009-03,ASN00054114,-30.0977,151.0089,24
2009-03,ASN00054117,-30.2244,150.723,50
2009-03,ASN00054124,-29.2743,150.2658,22
2009-03,ASN00054125,-30.1312,150.1462,250
2009-03,ASN00054128,-29.8866,150.8951,72
2009-03,ASN00054141,-29.5833,150.37,60
2009-03,ASN00054146,-29.2333,151.3833,120
2009-03,ASN00054082,-29.6382,151.4055,352
2009-03,ASN00054004,-29.8673,150.5715,44
2009-03,ASN00054003,-30.3781,150.6096,86
2009-03,ASN00053115,-29.4914,149.8458,16
2009-03,ASN00051066,-31.9478,148.62,312
2009-03,ASN00051122,-31.5558,148.5981,98
2009-03,ASN00051133,-31.2294,148.8861,0
2009-03,ASN00051160,-31.7069,148.6358,72
2009-03,ASN00051161,-30.9776,148.3798,134
2009-03,ASN00052016,-30.6088,148.972,40
2009-03,ASN00052020,-28.9786,148.9899,6
2009-03,ASN00052023,-30.3515,148.8843,44
2009-03,ASN00052067,-29.8136,148.9104,46
2009-03,ASN00052088,-30.0372,148.1223,38
2009-03,ASN00053002,-30.9469,149.0654,0
2009-03,ASN00053003,-29.9182,149.7919,22
2009-03,ASN00053018,-28.9917,150.017,2
2009-03,ASN00053033,-29.4748,150.1359,48
2009-03,ASN00053034,-30.1187,149.3232,228
2009-03,ASN00053035,-29.8401,149.3207,16
2009-03,ASN00053041,-28.8697,150.0903,100
2009-03,ASN00053044,-30.2257,149.4452,35
2009-03,ASN00053073,-30.7632,149.0008,118
2009-03,ASN00053081,-30.8043,149.1246,64
2009-03,ASN00053085,-28.9665,149.6721,22
2009-03,ASN00051049,-31.9861,147.9489,48
2009-03,ASN00070231,-35.3266,149.0492,106
2009-03,ASN00099023,-40.1883,148.1178,668
2009-03,ASN00070242,-35.2572,149.0742,96
2009-03,ASN00089018,-37.9543,143.3437,258
2009-03,ASN00089019,-37.4043,142.3843,240
2009-03,ASN00089022,-37.6472,142.2309,530
2009-03,ASN00089025,-37.6854,143.3654,272
2009-03,ASN00089033,-37.6901,142.7253,318
2009-03,ASN00089034,-37.5483,142.7393,224
2009-03,ASN00089043,-37.3909,141.9194,272
2009-03,ASN00089048,-37.517,143.9275,844
2009-03,ASN00089068,-37.9324,143.7864,294
2009-03,ASN00089016,-37.711,142.8395,370
2009-03,ASN00089074,-37.9477,143.2222,424
2009-03,ASN00089085,-37.2775,142.9811,244
2009-03,ASN00089103,-37.9708,143.2189,444
2009-03,ASN00089104,-37.8128,143.9178,36
2009-03,ASN00089106,-37.4152,143.6718,468
2009-03,ASN00089107,-37.3494,143.2956,460
2009-03,ASN00089109,-37.3598,143.1961,324
2009-03,ASN00089111,-37.5174,143.7791,418
2009-03,ASN00089112,-37.7067,142.9378,296
2009-03,ASN00090001,-38.7481,143.6635,894
2009-03,ASN00089084,-37.9333,143.8667,78
2009-03,ASN00090005,-38.1954,143.6399,244
2009-03,ASN00089011,-37.6467,142.3419,462
2009-03,ASN00089009,-37.5267,142.0414,348
2009-03,ASN00088061,-37.3449,144.5365,323
2009-03,ASN00088064,-37.1225,144.8561,268
2009-03,ASN00088067,-37.2177,145.4211,422
2009-03,ASN00088071,-37.4181,144.2133,26
2009-03,ASN00088103,-37.4958,145.7475,646
2009-03,ASN00088108,-37.1566,144.2079,290
2009-03,ASN00088109,-36.8886,145.1859,328
2009-03,ASN00088110,-37.0809,144.2392,254
2009-03,ASN00088113,-37.3387,143.9861,498
2009-03,ASN00089010,-38.0297,143.6331,252
2009-03,ASN00088119,-37.3167,145.7167,210
2009-03,ASN00088123,-37.25,144.4378,278
2009-03,ASN00088126,-37.0213,145.1091,500
2009-03,ASN00088130,-37.4234,145.7085,713
2009-03,ASN00088137,-37.1644,143.5532,186
2009-03,ASN00088138,-37.2348,144.9962,271
2009-03,ASN00088162,-37.3807,144.9654,374
2009-03,ASN00088164,-37.2091,145.8423,670
2009-03,ASN00089002,-37.5127,143.7911,402
2009-03,ASN00089003,-37.2472,141.8415,220
2009-03,ASN00088121,-37.1425,144.9264,266
2009-03,ASN00090008,-38.3372,143.7844,404
2009-03,ASN00090010,-37.8595,141.7708,348
2009-03,ASN00090013,-38.3215,141.406,388
2009-03,ASN00090173,-37.6486,142.0636,290
2009-03,ASN00090175,-38.3906,142.2347,390
2009-03,ASN00090176,-38.0737,142.7744,426
2009-03,ASN00090180,-38.4583,144.0883,276
2009-03,ASN00090181,-38.241,143.1393,268
2009-03,ASN00090182,-37.583,141.3339,364
2009-03,ASN00090183,-38.6286,143.7306,366
2009-03,ASN00090184,-38.4306,141.5437,490
2009-03,ASN00090185,-38.5497,143.8594,54
2009-03,ASN00090171,-38.3148,141.4705,556
2009-03,ASN00090186,-38.2867,142.4522,516
2009-03,ASN00090188,-38.4831,143.9142,92
2009-03,ASN00091000,-41.5211,146.7158,550
2009-03,ASN00091001,-41.2025,146.8156,717
2009-03,ASN00091011,-40.6842,144.7181,798
2009-03,ASN00091019,-41.8142,147.0922,286
2009-03,ASN00091029,-41.4978,146.535,805
2009-03,ASN00091032,-41.7244,147.3208,384
2009-03,ASN00091034,-40.8842,145.2161,972
2009-03,ASN00091039,-41.1839,146.4817,372
2009-03,ASN00090187,-38.4115,143.9771,464
2009-03,ASN00090167,-38.243,143.9887,182
2009-03,ASN00090165,-38.5582,143.1663,712
2009-03,ASN00090153,-38.255,143.1256,209
2009-03,ASN00090015,-38.8556,143.5128,714
2009-03,ASN00090021,-38.3291,143.0779,204
2009-03,ASN00090022,-38.2798,143.6613,448
2009-03,ASN00090024,-37.6044,141.6853,228
2009-03,ASN00090026,-37.3443,141.6861,280
2009-03,ASN00090033,-37.3563,141.2103,622
2009-03,ASN00090035,-38.2333,143.7925,310
2009-03,ASN00090036,-37.9695,141.3077,612
2009-03,ASN00090045,-38.1059,142.3216,348
2009-03,ASN00090055,-38.0339,141.9998,144
2009-03,ASN00090060,-38.4699,142.7502,418
2009-03,ASN00090061,-38.421,143.8348,632
2009-03,ASN00090062,-37.8824,142.4235,578
2009-03,ASN00090063,-37.875,142.2895,558
2009-03,ASN00090067,-38.6196,142.9944,577
2009-03,ASN00090070,-38.3846,141.6074,494
2009-03,ASN00090076,-38.6771,143.6826,1038
2009-03,ASN00090077,-38.2362,142.9166,462
2009-03,ASN00090093,-38.7553,143.5103,823
2009-03,ASN00090105,-37.7417,141.0657,546
2009-03,ASN00090147,-38.3427,143.5848,166
2009-03,ASN00088060,-37.4475,145.2143,576
2009-03,ASN00088056,-37.1714,143.701,244
2009-03,ASN00088051,-37.0194,144.5203,288
2009-03,ASN00088048,-37.105,144.0638,180
2009-03,ASN00086210,-38.0651,145.1294,494
2009-03,ASN00086213,-38.3781,144.8997,412
2009-03,ASN00086223,-38.3391,145.0288,488
2009-03,ASN00086224,-37.9785,145.2235,512
2009-03,ASN00086232,-37.8303,144.9767,392
2009-03,ASN00086265,-38.3142,145.1756,497
2009-03,ASN00086281,-38.3343,145.6696,410
2009-03,ASN00086282,-37.6655,144.8321,358
2009-03,ASN00086299,-38.0222,145.3561,566
2009-03,ASN00086142,-37.572,145.5014,753
2009-03,ASN00086303,-37.8886,145.1928,656
2009-03,ASN00086314,-38.1992,145.4933,488
2009-03,ASN00086350,-37.4187,144.977,406
2009-03,ASN00086358,-37.8586,145.6532,922
2009-03,ASN00086361,-38.3646,145.1785,526
2009-03,ASN00086364,-37.6594,145.4457,713
2009-03,ASN00086369,-37.9535,145.1655,456
2009-03,ASN00086373,-38.4612,145.3101,504
2009-03,ASN00086374,-37.4652,145.2637,654
2009-03,ASN00086377,-37.4225,145.0752,588
2009-03,ASN00086305,-37.6369,144.9072,418
2009-03,ASN00086131,-37.5552,145.1259,446
2009-03,ASN00086127,-38.6078,145.5965,838
2009-03,ASN00086119,-38.4836,145.1766,402
2009-03,ASN00085298,-38.1072,147.1317,205
2009-03,ASN00085303,-37.5325,147.0053,410
2009-03,ASN00085304,-37.4967,146.8575,400
2009-03,ASN00085305,-37.8758,146.0833,691
2009-03,ASN00086020,-37.9551,145.0782,384
2009-03,ASN00086035,-37.7011,145.1547,448
2009-03,ASN00086038,-37.7276,144.9066,354
2009-03,ASN00086039,-37.7915,144.9067,310
2009-03,ASN00086063,-38.2656,145.5692,534
2009-03,ASN00086068,-37.7408,145.0972,682
2009-03,ASN00086074,-37.8219,145.1906,708
2009-03,ASN00086076,-37.8019,145.3675,902
2009-03,ASN00086077,-37.98,145.0964,406
2009-03,ASN00086079,-38.2358,145.0667,158
2009-03,ASN00086088,-37.9142,145.0935,239
2009-03,ASN00086090,-37.7089,145.7855,672
2009-03,ASN00086096,-37.7214,145.0059,444
2009-03,ASN00086104,-37.871,145.2561,652
2009-03,ASN00086105,-38.4282,145.0412,584
2009-03,ASN00086111,-37.9445,145.1764,330
2009-03,ASN00086117,-37.477,145.1513,480
2009-03,ASN00086379,-37.7917,145.2433,777
2009-03,ASN00091053,-41.25,147.2169,306
2009-03,ASN00086383,-37.7239,145.4094,780
2009-03,ASN00087006,-37.6018,144.2295,496
2009-03,ASN00087162,-38.1435,144.1872,54
2009-03,ASN00087168,-37.9075,144.1303,274
2009-03,ASN00087171,-37.5223,144.4779,392
2009-03,ASN00087173,-37.294,144.7066,336
2009-03,ASN00087175,-37.2732,144.5974,384
2009-03,ASN00087176,-37.7569,144.7511,391
2009-03,ASN00087178,-38.2504,144.5104,270
2009-03,ASN00088002,-36.893,145.2316,366
2009-03,ASN00088009,-36.9886,143.9747,194
2009-03,ASN00087161,-37.6292,144.5026,310
2009-03,ASN00088010,-37.2531,144.8614,348
2009-03,ASN00088020,-37.3432,144.1575,226
2009-03,ASN00088021,-37.1995,144.0141,228
2009-03,ASN00088023,-37.2313,145.9124,466
2009-03,ASN00088029,-36.9579,144.6935,184
2009-03,ASN00088031,-37.0695,145.4177,481
2009-03,ASN00088032,-37.0856,143.9977,152
2009-03,ASN00088037,-37.2535,144.3825,294
2009-03,ASN00088042,-37.1965,144.3742,272
2009-03,ASN00088043,-37.056,143.732,329
2009-03,ASN00088015,-37.3049,143.7776,330
2009-03,ASN00087160,-38.3404,144.3101,374
2009-03,ASN00087135,-38.2832,144.4784,292
2009-03,ASN00087124,-38.2504,144.0854,284
2009-03,ASN00087007,-37.743,144.1406,334
2009-03,ASN00087014,-37.5512,143.9322,556
2009-03,ASN00087016,-37.7654,144.1048,288
2009-03,ASN00087017,-37.4701,144.3069,442
2009-03,ASN00087021,-37.8233,144.2078,70
2009-03,ASN00087029,-37.2698,144.723,170
2009-03,ASN00087031,-37.8565,144.7566,386
2009-03,ASN00087033,-37.991,144.4943,340
2009-03,ASN00087036,-37.4155,144.5569,237
2009-03,ASN00087040,-37.7451,144.5687,422
2009-03,ASN00087042,-37.8539,144.11,226
2009-03,ASN00087043,-37.8197,144.1492,396
2009-03,ASN00087046,-37.6719,143.94,448
2009-03,ASN00087048,-37.8958,144.4387,337
2009-03,ASN00087068,-37.645,144.0411,0
2009-03,ASN00087075,-37.4964,144.5028,410
2009-03,ASN00087095,-37.6111,144.3,452
2009-03,ASN00087113,-38.0287,144.4783,328
2009-03,ASN00087118,-37.3508,144.6067,512
2009-03,ASN00087119,-38.3687,144.0843,94
2009-03,ASN00087121,-37.6831,144.6664,337
2009-03,ASN00086393,-38.4617,144.9019,474
2009-03,ASN00085297,-37.9722,146.9856,296
2009-03,ASN00091055,-41.5406,146.1364,904
2009-03,ASN00091072,-41.4678,147.1628,456
2009-03,ASN00094169,-43.0433,147.8667,288
2009-03,ASN00094172,-42.6531,147.3589,608
2009-03,ASN00094175,-42.9725,147.0342,794
2009-03,ASN00094177,-42.7572,147.3817,450
2009-03,ASN00094185,-43.0336,147.2128,1290
2009-03,ASN00094191,-43.2006,146.7683,984
2009-03,ASN00094192,-43.4086,146.9567,1008
2009-03,ASN00094195,-42.4544,147.4614,778
2009-03,ASN00094198,-43.4886,147.1444,956
2009-03,ASN00094155,-43.2397,148.0025,614
2009-03,ASN00094204,-42.6525,147.3578,586
2009-03,ASN00094213,-43.1456,147.9617,972
2009-03,ASN00094214,-42.7033,147.1261,442
2009-03,ASN00094219,-43.1547,147.0539,924
2009-03,ASN00094220,-42.9858,147.0742,840
2009-03,ASN00094221,-42.8514,147.6211,484
2009-03,ASN00094222,-42.9742,147.295,868
2009-03,ASN00094223,-42.97,147.3303,902
2009-03,ASN00094231,-42.9639,147.2022,958
2009-03,ASN00094232,-42.8367,147.1931,1034
2009-03,ASN00094212,-42.6867,147.4258,474
2009-03,ASN00094233,-42.6933,147.2617,486
2009-03,ASN00094151,-42.9742,147.1692,1171
2009-03,ASN00094125,-43.0239,147.255,1020
2009-03,ASN00094010,-43.4892,147.1453,994
2009-03,ASN00094020,-43.3167,147.0075,924
2009-03,ASN00094022,-43.0431,147.4133,746
2009-03,ASN00094025,-42.8494,147.2547,840
2009-03,ASN00094027,-43.4144,146.8731,1071
2009-03,ASN00094029,-42.8897,147.3278,700
2009-03,ASN00094030,-42.8667,147.3322,618
2009-03,ASN00094039,-43.3583,147.2342,1106
2009-03,ASN00094040,-43.1983,147.0658,936
2009-03,ASN00094130,-42.7469,147.5511,528
2009-03,ASN00094041,-43.6578,146.2711,974
2009-03,ASN00094048,-42.9981,147.4056,624
2009-03,ASN00094061,-42.9264,147.5203,570
2009-03,ASN00094064,-42.7619,147.6197,568
2009-03,ASN00094068,-43.1547,147.2386,1124
2009-03,ASN00094071,-43.0153,147.9117,764
2009-03,ASN00094082,-42.8569,147.4386,561
2009-03,ASN00094087,-42.8967,147.235,1302
2009-03,ASN00094097,-42.5436,147.5664,758
2009-03,ASN00094111,-42.9519,147.3496,814
2009-03,ASN00094043,-43.2319,147.2547,1122
2009-03,ASN00094236,-43.3692,147.3442,1484
2009-03,ASN00094237,-42.9372,147.1378,1030
2009-03,ASN00094239,-42.9639,147.2428,1218
2009-03,ASN00097054,-41.8822,145.3358,1842
2009-03,ASN00097061,-42.7428,145.9811,1288
2009-03,ASN00097072,-42.155,145.2908,1452
2009-03,ASN00097080,-42.985,145.5022,1194
2009-03,ASN00097083,-43.0425,146.2722,1382
2009-03,ASN00097085,-41.8444,145.5419,3120
2009-03,ASN00097091,-42.0961,145.5456,1300
2009-03,ASN00098000,-40.0092,144.1111,820
2009-03,ASN00098004,-39.9097,144.0986,750
2009-03,ASN00097047,-41.4892,145.2083,1346
2009-03,ASN00098011,-39.9283,143.8525,652
2009-03,ASN00099000,-40.3706,148.0231,656
2009-03,ASN00099005,-40.0911,148.0024,584
2009-03,ASN00099014,-40.0194,148.1825,596
2009-03,ASN00109507,-33.444,115.8536,34
2009-03,ASN00099021,-40.1558,148.1853,714
2009-03,ASN00040976,-27.4753,152.9753,518
2009-03,ASN00099025,-40.2319,148.19,782
2009-03,ASN00109501,-32.938,116.024,192
2009-03,ASN00109505,-33.5958,115.8186,100
2009-03,ASN00098017,-39.88,143.8831,732
2009-03,ASN00097024,-43.0609,146.704,1220
2009-03,ASN00097020,-42.0056,145.5419,852
2009-03,ASN00097006,-41.9933,145.5725,0
2009-03,ASN00095001,-42.3883,147.0061,522
2009-03,ASN00095003,-42.7097,146.8983,572
2009-03,ASN00095012,-42.4814,146.7114,624
2009-03,ASN00095016,-42.3367,146.7475,714
2009-03,ASN00095047,-42.3961,146.4897,458
2009-03,ASN00095048,-42.4842,146.7106,608
2009-03,ASN00095069,-42.8069,147.1144,630
2009-03,ASN00095072,-42.8033,146.9878,798
2009-03,ASN00095074,-42.7414,147.0489,686
2009-03,ASN00095075,-42.6803,146.7756,0
2009-03,ASN00095077,-42.6894,146.7122,902
2009-03,ASN00095079,-42.8458,147.0294,958
2009-03,ASN00096002,-42.1419,146.4931,446
2009-03,ASN00096033,-41.8997,146.6694,676
2009-03,ASN00096038,-42.0572,147.286,424
2009-03,ASN00096046,-41.9822,146.7228,462
2009-03,ASN00096069,-42.1289,146.2156,1190
2009-03,ASN00096070,-42.2558,146.8753,426
2009-03,ASN00096071,-42.1178,146.1772,1394
2009-03,ASN00096077,-41.5958,145.9311,1228
2009-03,ASN00097000,-42.1986,145.17,1154
2009-03,ASN00094008,-42.8339,147.5033,594
2009-03,ASN00094005,-42.7433,147.2372,524
2009-03,ASN00094001,-42.4158,147.1347,572
2009-03,ASN00093059,-41.9311,147.4256,384
2009-03,ASN00091260,-41.4883,146.9047,472
2009-03,ASN00091262,-41.1333,146.8461,482
2009-03,ASN00091263,-41.4889,147.2326,16
2009-03,ASN00091266,-41.3972,146.4953,244
2009-03,ASN00091267,-41.6494,146.6154,816
2009-03,ASN00091271,-41.3959,147.3006,946
2009-03,ASN00091286,-41.1208,146.8275,542
2009-03,ASN00091288,-41.6706,146.7278,474
2009-03,ASN00091290,-41.6308,146.7,710
2009-03,ASN00091259,-41.1492,145.1517,1090
2009-03,ASN00091291,-41.3886,146.3219,738
2009-03,ASN00091293,-41.0556,146.7856,588
2009-03,ASN00091299,-41.2431,147.4436,1546
2009-03,ASN00091304,-41.1164,145.8619,726
2009-03,ASN00091305,-41.3144,147.3803,1158
2009-03,ASN00091306,-41.7256,147.0794,316
2009-03,ASN00091311,-41.5492,147.2144,714
2009-03,ASN00091312,-41.4406,146.1228,1130
2009-03,ASN00091315,-41.51,147.0511,519
2009-03,ASN00091317,-41.5136,147.2028,372
2009-03,ASN00091292,-40.8347,145.0847,712
2009-03,ASN00091255,-41.2339,146.9294,614
2009-03,ASN00091245,-40.6828,144.69,720
2009-03,ASN00091237,-41.4194,147.1222,525
2009-03,ASN00091077,-41.575,147.4508,592
2009-03,ASN00091086,-41.2439,147.7353,1182
2009-03,ASN00091090,-41.4475,146.8744,406
2009-03,ASN00091100,-40.4472,144.84,528
2009-03,ASN00091107,-40.9972,145.7292,787
2009-03,ASN00091109,-41.1428,145.7058,974
2009-03,ASN00091118,-41.5664,147.2444,704
2009-03,ASN00091121,-40.9431,147.5922,848
2009-03,ASN00091126,-41.1708,146.4267,345
2009-03,ASN00091150,-41.6419,146.5244,1038
2009-03,ASN00091153,-41.3356,146.2797,716
2009-03,ASN00091156,-41.4717,146.6456,678
2009-03,ASN00091161,-41.3886,146.5861,596
2009-03,ASN00091171,-41.2708,146.5481,580
2009-03,ASN00091186,-41.2039,146.265,270
2009-03,ASN00091197,-41.4864,147.4386,742
2009-03,ASN00091198,-41.3917,147.4242,4
2009-03,ASN00091219,-41.1708,147.4883,976
2009-03,ASN00091223,-40.9089,144.7094,850
2009-03,ASN00091227,-41.5267,146.6583,520
2009-03,ASN00091236,-41.5128,146.8303,317
2009-03,ASN00091321,-41.3961,145.9342,1328
2009-03,ASN00091060,-40.905,145.3492,1112
2009-03,ASN00091325,-41.7292,147.2358,296
2009-03,ASN00091340,-41.3592,147.01,620
2009-03,ASN00092113,-41.4136,148.2744,362
2009-03,ASN00092114,-41.9953,148.2794,390
2009-03,ASN00092120,-41.3381,148.2792,242
2009-03,ASN00092123,-40.7292,148.125,702
2009-03,ASN00092124,-42.6619,148.0181,344
2009-03,ASN00092129,-41.0458,148.2592,582
2009-03,ASN00092134,-41.1256,147.8617,200
2009-03,ASN00093002,-42.3958,147.3042,504
2009-03,ASN00093007,-42.2664,147.5281,448
2009-03,ASN00092111,-41.4342,147.7192,272
2009-03,ASN00093014,-42.3006,147.3711,542
2009-03,ASN00093033,-41.9347,147.4931,486
2009-03,ASN00093040,-42.3075,147.1672,144
2009-03,ASN00093044,-41.8172,147.5664,350
2009-03,ASN00093046,-42.305,147.5708,456
2009-03,ASN00093049,-42.3696,147.4631,592
2009-03,ASN00093051,-42.0317,147.4907,260
2009-03,ASN00093052,-42.163,147.5805,496
2009-03,ASN00093053,-42.025,147.4953,288
2009-03,ASN00093055,-41.8658,147.4494,399
2009-03,ASN00093023,-42.4031,147.3908,800
2009-03,ASN00092099,-42.7153,147.7525,736
2009-03,ASN00092079,-42.2133,147.7831,540
2009-03,ASN00092067,-40.8586,148.0178,134
2009-03,ASN00091341,-41.3428,146.8964,506
2009-03,ASN00091346,-41.2336,147.2064,881
2009-03,ASN00092001,-41.9525,148.1839,442
2009-03,ASN00092002,-41.7792,147.7225,390
2009-03,ASN00092003,-41.8739,148.3036,350
2009-03,ASN00092005,-42.8122,147.8289,678
2009-03,ASN00092008,-42.0117,148.0747,244
2009-03,ASN00092010,-42.5844,148.0636,314
2009-03,ASN00092011,-40.9589,148.0086,892
2009-03,ASN00092014,-41.5308,148.1969,603
2009-03,ASN00092017,-42.7856,147.8086,760
2009-03,ASN00092019,-42.0067,147.7975,506
2009-03,ASN00092020,-41.82,147.9551,430
2009-03,ASN00092024,-41.4703,147.8919,510
2009-03,ASN00092027,-42.5519,147.8753,424
2009-03,ASN00092028,-42.5853,147.9142,444
2009-03,ASN00092030,-41.0825,147.9353,988
2009-03,ASN00092045,-40.9928,148.3467,560
2009-03,ASN00092047,-42.2708,147.6942,512
2009-03,ASN00092051,-41.27,147.9492,994
2009-03,ASN00092064,-41.5633,148.1414,620
2009-03,ASN00091332,-41.3528,146.4164,544
2009-03,ASN00085296,-37.7481,147.1428,0
2009-03,ASN00085293,-38.8957,145.9355,728
2009-03,ASN00085292,-37.8897,145.9958,776
2009-03,ASN00075062,-34.8096,144.1654,112
2009-03,ASN00075071,-35.2119,144.816,164
2009-03,ASN00075072,-33.9376,146.6062,144
2009-03,ASN00075079,-34.2502,146.1897,122
2009-03,ASN00075140,-34.1533,145.1409,184
2009-03,ASN00075142,-33.9247,145.5205,244
2009-03,ASN00075163,-33.3476,145.8703,350
2009-03,ASN00076000,-34.85,142.7811,118
2009-03,ASN00076012,-35.1702,143.0001,260
2009-03,ASN00075054,-35.2849,145.2098,84
2009-03,ASN00076017,-35.1945,143.04,278
2009-03,ASN00076031,-34.2358,142.0867,240
2009-03,ASN00076037,-34.1928,141.5996,58
2009-03,ASN00076038,-35.2628,141.1789,80
2009-03,ASN00076043,-34.9272,142.1765,58
2009-03,ASN00076044,-35.1759,143.37,184
2009-03,ASN00076046,-35.167,143.2781,264
2009-03,ASN00076047,-35.0694,142.3158,69
2009-03,ASN00076050,-35.2555,143.3683,240
2009-03,ASN00076051,-34.362,141.9038,90
2009-03,ASN00076018,-35.1136,142.9194,210
2009-03,ASN00076064,-35.1201,142.004,66
2009-03,ASN00075044,-33.8192,145.6235,128
2009-03,ASN00075041,-34.2487,146.0695,68
2009-03,ASN00074188,-35.6724,147.0361,42
2009-03,ASN00074202,-34.8504,146.9778,204
2009-03,ASN00074205,-35.162,147.0274,120
2009-03,ASN00074208,-35.6074,145.2012,184
2009-03,ASN00074217,-34.7565,147.3482,282
2009-03,ASN00074234,-35.0371,147.1933,130
2009-03,ASN00074249,-34.8016,145.8904,48
2009-03,ASN00074258,-35.5575,144.9458,106
2009-03,ASN00074261,-34.531,146.9806,148
2009-03,ASN00075042,-34.476,144.3013,152
2009-03,ASN00074262,-35.7861,144.6002,168
2009-03,ASN00074267,-33.9956,146.7683,204
2009-03,ASN00075004,-35.2847,144.5334,66
2009-03,ASN00075007,-33.8436,144.9073,144
2009-03,ASN00075012,-35.4201,144.6002,104
2009-03,ASN00075016,-33.9871,145.3904,204
2009-03,ASN00075017,-33.17,146.642,160
2009-03,ASN00075026,-34.442,145.5612,196
2009-03,ASN00075032,-33.4915,145.5249,80
2009-03,ASN00075039,-33.2833,146.3707,291
2009-03,ASN00074264,-35.4091,147.2479,167
2009-03,ASN00076067,-34.3883,141.5954,68
2009-03,ASN00076069,-34.9536,142.7392,106
2009-03,ASN00076103,-35.189,142.3725,170
2009-03,ASN00078013,-36.3986,141.8797,74
2009-03,ASN00078015,-36.3092,141.6486,90
2009-03,ASN00078029,-36.46,142.5858,100
2009-03,ASN00078038,-36.2705,142.2165,120
2009-03,ASN00078040,-36.2882,141.7347,50
2009-03,ASN00078072,-36.3697,142.9709,156
2009-03,ASN00078086,-36.14,141.9878,122
2009-03,ASN00079002,-36.9532,143.1976,170
2009-03,ASN00079003,-36.6994,143.1594,254
2009-03,ASN00078010,-36.4644,142.0327,80
2009-03,ASN00079008,-36.9389,141.8714,62
2009-03,ASN00079016,-36.7281,142.7303,472
2009-03,ASN00079017,-36.7181,141.4729,46
2009-03,ASN00079019,-37.1847,142.8553,186
2009-03,ASN00079028,-36.6722,142.2991,128
2009-03,ASN00079031,-36.9865,143.2727,206
2009-03,ASN00079032,-36.8612,142.9332,314
2009-03,ASN00079036,-36.7416,141.9429,158
2009-03,ASN00079037,-36.9,143.1137,238
2009-03,ASN00079039,-36.9065,143.3384,200
2009-03,ASN00079015,-36.8721,142.6308,574
2009-03,ASN00077094,-35.3766,143.5416,150
2009-03,ASN00077088,-35.987,142.915,0
2009-03,ASN00077082,-35.9338,142.2805,126
2009-03,ASN00076105,-34.7164,143.1506,184
2009-03,ASN00076106,-35.2484,141.0808,90
2009-03,ASN00076107,-35.2848,141.4949,96
2009-03,ASN00076109,-35.3678,141.0625,102
2009-03,ASN00076133,-34.1051,141.0166,44
2009-03,ASN00077001,-35.9809,143.6479,242
2009-03,ASN00077005,-35.6367,142.995,222
2009-03,ASN00077008,-35.9244,142.851,134
2009-03,ASN00077009,-35.5504,142.9207,240
2009-03,ASN00077010,-35.7151,142.3569,160
2009-03,ASN00077014,-35.717,143.1074,190
2009-03,ASN00077015,-35.5574,142.5432,414
2009-03,ASN00077023,-35.6692,143.3764,153
2009-03,ASN00077025,-35.4609,143.6286,182
2009-03,ASN00077028,-35.7955,142.8768,165
2009-03,ASN00077033,-35.3833,142.1869,117
2009-03,ASN00077034,-35.9296,143.4992,122
2009-03,ASN00077039,-35.5046,142.8493,284
2009-03,ASN00077040,-35.5254,142.7267,200
2009-03,ASN00077052,-35.6803,142.6664,166
2009-03,ASN00077079,-36.0086,143.3719,105
2009-03,ASN00074162,-34.9349,146.3031,34
2009-03,ASN00074129,-35.7228,144.7865,166
2009-03,ASN00074127,-35.1069,147.3636,302
2009-03,ASN00074126,-35.385,147.0558,214
2009-03,ASN00071032,-36.4917,148.2859,492
2009-03,ASN00071041,-36.5031,148.304,541
2009-03,ASN00072004,-35.5203,148.1453,268
2009-03,ASN00072023,-36.1039,147.0329,308
2009-03,ASN00072042,-35.2765,147.7362,184
2009-03,ASN00072043,-35.778,148.0141,464
2009-03,ASN00072044,-35.3194,148.2341,104
2009-03,ASN00072053,-35.7542,147.8445,406
2009-03,ASN00072056,-35.3947,148.247,54
2009-03,ASN00071021,-36.4818,148.5873,236
2009-03,ASN00072080,-35.7226,147.9291,614
2009-03,ASN00072089,-35.9784,148.0855,373
2009-03,ASN00072091,-35.9383,148.3842,520
2009-03,ASN00072098,-35.3448,148.3837,62
2009-03,ASN00072101,-35.7112,147.4859,118
2009-03,ASN00072141,-35.725,148.4915,776
2009-03,ASN00072142,-35.72,147.3103,118
2009-03,ASN00072146,-36.0692,146.9534,318
2009-03,ASN00072150,-35.1583,147.4573,148
2009-03,ASN00072152,-35.317,148.433,0
2009-03,ASN00072082,-35.5528,147.9827,232
2009-03,ASN00071019,-36.5067,148.8281,78
2009-03,ASN00071005,-36.5029,148.835,100
2009-03,ASN00071000,-35.9962,148.7693,208
2009-03,ASN00070246,-35.3098,149.1269,333
2009-03,ASN00070247,-35.2776,149.1095,114
2009-03,ASN00070261,-35.6904,149.5869,156
2009-03,ASN00070263,-34.7495,149.7034,88
2009-03,ASN00070269,-34.6653,149.9888,122
2009-03,ASN00070278,-36.2318,149.1243,142
2009-03,ASN00070299,-36.1827,149.3467,342
2009-03,ASN00070307,-35.2459,149.1068,60
2009-03,ASN00070308,-35.3757,149.087,100
2009-03,ASN00070309,-36.9131,149.0372,68
2009-03,ASN00070326,-37.1475,149.1496,378
2009-03,ASN00070328,-37.0016,149.2336,144
2009-03,ASN00070330,-34.8085,149.7312,64
2009-03,ASN00070334,-35.1138,149.9624,106
2009-03,ASN00070335,-35.2,149.955,120
2009-03,ASN00070336,-36.5971,149.2974,173
2009-03,ASN00070339,-35.4184,149.0937,86
2009-03,ASN00070340,-35.1837,149.1122,130
2009-03,ASN00070346,-35.1889,149.251,124
2009-03,ASN00070348,-35.8618,149.1321,160
2009-03,ASN00070349,-35.5293,148.7721,160
2009-03,ASN00072156,-35.9333,147.7167,378
2009-03,ASN00079040,-36.6189,143.2631,118
2009-03,ASN00072159,-35.3019,147.9402,182
2009-03,ASN00072161,-35.9371,148.3779,520
2009-03,ASN00073142,-34.6299,148.0364,214
2009-03,ASN00073150,-34.5307,147.8442,950
2009-03,ASN00073151,-34.4292,147.5111,160
2009-03,ASN00074000,-34.3567,146.9032,90
2009-03,ASN00074002,-34.3479,147.2208,186
2009-03,ASN00074005,-34.2849,146.5714,98
2009-03,ASN00074034,-35.9887,146.3574,218
2009-03,ASN00074037,-34.6223,146.4328,26
2009-03,ASN00074040,-34.8814,145.7595,30
2009-03,ASN00073141,-35.0479,148.1075,110
2009-03,ASN00074042,-35.6408,145.5762,79
2009-03,ASN00074053,-35.5168,147.0344,74
2009-03,ASN00074055,-35.3475,145.7257,76
2009-03,ASN00074081,-35.9878,146.0061,141
2009-03,ASN00074087,-35.3342,146.0342,172
2009-03,ASN00074088,-35.5579,146.1653,160
2009-03,ASN00074104,-35.2683,147.1142,234
2009-03,ASN00074106,-35.817,145.6004,59
2009-03,ASN00074110,-35.3305,146.2652,70
2009-03,ASN00074118,-34.5139,146.1848,16
2009-03,ASN00074050,-34.738,146.7825,30
2009-03,ASN00073138,-34.2493,148.2475,336
2009-03,ASN00073129,-34.1567,148.6857,275
2009-03,ASN00073115,-35.1687,148.2311,269
2009-03,ASN00072162,-36.2304,148.1405,240
2009-03,ASN00072163,-35.899,148.1821,482
2009-03,ASN00072169,-35.7108,148.0026,560
2009-03,ASN00073000,-34.1442,147.386,58
2009-03,ASN00073007,-34.9997,148.5984,169
2009-03,ASN00073014,-33.9029,148.1718,562
2009-03,ASN00073017,-34.0824,148.365,498
2009-03,ASN00073019,-34.8456,147.5714,534
2009-03,ASN00073021,-34.0391,148.5552,346
2009-03,ASN00073022,-34.6479,148.1606,250
2009-03,ASN00073025,-34.791,147.5592,550
2009-03,ASN00073029,-34.5495,148.3493,162
2009-03,ASN00073032,-34.0112,147.7937,350
2009-03,ASN00073043,-34.4918,148.1266,492
2009-03,ASN00073044,-35.0581,147.753,134
2009-03,ASN00073051,-34.2054,148.5533,202
2009-03,ASN00073054,-33.9262,147.2418,310
2009-03,ASN00073100,-33.9119,148.4383,388
2009-03,ASN00073109,-34.425,148.5408,262
2009-03,ASN00073110,-33.9462,148.0775,486
2009-03,ASN00073113,-34.1985,148.0047,536
2009-03,ASN00072160,-36.069,146.9509,240
2009-03,ASN00079046,-37.0936,142.4344,494
2009-03,ASN00079050,-37.3162,142.6975,238
2009-03,ASN00079075,-36.6287,142.6321,232
2009-03,ASN00083085,-36.9767,147.1342,1168
2009-03,ASN00083090,-37.1017,147.6008,352
2009-03,ASN00083091,-37.3016,146.1489,668
2009-03,ASN00084002,-37.1712,148.7228,264
2009-03,ASN00084003,-37.7073,147.8314,156
2009-03,ASN00084014,-37.106,148.6862,402
2009-03,ASN00084015,-37.3757,147.8373,190
2009-03,ASN00084016,-37.5679,149.9158,146
2009-03,ASN00084025,-37.8507,147.7664,172
2009-03,ASN00083084,-36.8708,147.2755,714
2009-03,ASN00084035,-37.2618,147.7229,157
2009-03,ASN00084044,-37.0071,148.2666,338
2009-03,ASN00084045,-37.8526,148.0638,258
2009-03,ASN00084084,-37.5976,149.7289,410
2009-03,ASN00084093,-37.7132,148.3954,282
2009-03,ASN00084096,-37.5455,148.1357,240
2009-03,ASN00084100,-37.8333,147.6206,160
2009-03,ASN00084107,-37.0826,148.2791,328
2009-03,ASN00084109,-37.5006,148.2717,0
2009-03,ASN00084118,-37.49,147.1658,244
2009-03,ASN00084039,-37.0707,148.5906,340
2009-03,ASN00083083,-36.7396,146.4671,528
2009-03,ASN00083079,-36.7132,146.6717,372
2009-03,ASN00083077,-37.0322,146.3508,410
2009-03,ASN00082158,-36.7478,146.5362,682
2009-03,ASN00082162,-36.5775,146.8203,268
2009-03,ASN00082163,-36.6364,146.5547,302
2009-03,ASN00082165,-36.9502,146.0095,328
2009-03,ASN00082166,-36.4186,146.5572,414
2009-03,ASN00082167,-36.5344,146.2181,220
2009-03,ASN00082169,-36.1828,147.8938,309
2009-03,ASN00083000,-36.9064,146.2389,461
2009-03,ASN00083003,-36.9456,147.7407,220
2009-03,ASN00083010,-36.6344,146.8628,294
2009-03,ASN00083019,-37.0525,146.0872,258
2009-03,ASN00083024,-37.145,146.4394,920
2009-03,ASN00083032,-36.8473,146.3225,688
2009-03,ASN00083033,-37.5696,146.2541,798
2009-03,ASN00083035,-36.9257,147.423,283
2009-03,ASN00083038,-36.6566,147.1283,444
2009-03,ASN00083043,-36.8756,147.2886,388
2009-03,ASN00083057,-36.6074,146.7888,338
2009-03,ASN00083058,-36.8547,146.8581,104
2009-03,ASN00083064,-36.941,147.7779,224
2009-03,ASN00083067,-36.7313,146.9614,55
2009-03,ASN00084122,-37.4772,149.6386,376
2009-03,ASN00082156,-36.7903,146.28,52
2009-03,ASN00084134,-37.3397,148.712,162
2009-03,ASN00084142,-37.22,148.2625,534
2009-03,ASN00085137,-38.7205,145.9011,662
2009-03,ASN00085160,-38.4191,146.9656,390
2009-03,ASN00085163,-38.7915,146.1799,580
2009-03,ASN00085166,-37.9582,147.0843,194
2009-03,ASN00085167,-38.0229,147.3511,172
2009-03,ASN00085168,-37.8345,147.0819,308
2009-03,ASN00085179,-38.1033,145.9718,620
2009-03,ASN00085195,-38.0654,146.1689,490
2009-03,ASN00085200,-38.4323,145.7919,704
2009-03,ASN00085096,-39.1297,146.4244,1134
2009-03,ASN00085227,-38.5215,146.2041,804
2009-03,ASN00085270,-37.7647,147.3744,830
2009-03,ASN00085276,-37.8039,146.8842,466
2009-03,ASN00085277,-37.9039,145.9719,704
2009-03,ASN00085279,-37.8817,147.5669,126
2009-03,ASN00085280,-38.2094,146.4747,308
2009-03,ASN00085281,-38.3245,146.5301,160
2009-03,ASN00085288,-37.4667,146.6883,26
2009-03,ASN00085289,-37.8514,146.555,466
2009-03,ASN00085291,-37.8383,146.2747,940
2009-03,ASN00085238,-37.9532,146.3898,488
2009-03,ASN00085085,-38.2181,146.1658,540
2009-03,ASN00085073,-38.3183,147.1752,364
2009-03,ASN00085072,-38.1156,147.1322,190
2009-03,ASN00084143,-37.3417,149.0228,184
2009-03,ASN00084144,-37.6924,148.0908,272
2009-03,ASN00084145,-37.6922,148.4667,212
2009-03,ASN00084147,-37.8164,147.5714,266
2009-03,ASN00084148,-37.8385,147.8312,190
2009-03,ASN00085007,-38.4307,146.5398,592
2009-03,ASN00085009,-38.1951,146.5293,270
2009-03,ASN00085021,-37.7,146.5167,830
2009-03,ASN00085023,-38.1383,145.86,645
2009-03,ASN00085028,-38.72,146.0633,733
2009-03,ASN00085029,-38.652,146.1997,709
2009-03,ASN00085030,-38.4455,146.2699,702
2009-03,ASN00085033,-38.4228,147.0864,253
2009-03,ASN00085034,-37.9085,146.8046,134
2009-03,ASN00085040,-38.6911,146.1486,732
2009-03,ASN00085042,-38.022,145.8884,698
2009-03,ASN00085045,-38.435,145.8178,792
2009-03,ASN00085049,-38.4842,145.9329,474
2009-03,ASN00085053,-38.506,146.5187,358
2009-03,ASN00085058,-37.5277,146.5458,470
2009-03,ASN00085063,-38.6079,146.3185,612
2009-03,ASN00084140,-37.7962,147.7559,196
2009-03,ASN00070237,-36.5902,149.3824,334
2009-03,ASN00082155,-36.8211,146.1278,430
2009-03,ASN00082153,-36.8206,145.705,466
2009-03,ASN00080109,-35.9119,145.6447,56
2009-03,ASN00080125,-35.8876,145.3879,69
2009-03,ASN00080126,-35.7175,143.9111,110
2009-03,ASN00080128,-36.2847,143.3341,140
2009-03,ASN00081000,-37.0887,143.4747,108
2009-03,ASN00081007,-36.4565,145.6569,302
2009-03,ASN00081008,-36.5421,144.7751,264
2009-03,ASN00081016,-36.4963,144.6096,226
2009-03,ASN00081019,-36.718,145.1731,312
2009-03,ASN00080103,-36.3794,144.2299,194
2009-03,ASN00081020,-36.5753,143.8695,188
2009-03,ASN00081034,-36.3989,145.3448,206
2009-03,ASN00081035,-36.6146,145.2143,248
2009-03,ASN00081041,-36.534,144.208,210
2009-03,ASN00081046,-36.4436,144.9828,122
2009-03,ASN00081049,-36.4378,145.2672,170
2009-03,ASN00081063,-37.0833,143.4833,100
2009-03,ASN00081083,-36.8465,144.5273,280
2009-03,ASN00081085,-36.8589,143.7297,160
2009-03,ASN00081087,-36.2567,146.0433,174
2009-03,ASN00081033,-36.6436,145.4197,206
2009-03,ASN00080101,-36.0918,145.4531,82
2009-03,ASN00080091,-36.335,145.0638,2
2009-03,ASN00080067,-36.2717,143.3453,130
2009-03,ASN00079078,-37.0607,141.9882,134
2009-03,ASN00079079,-36.7913,143.1207,270
2009-03,ASN00079097,-37.1169,141.8031,180
2009-03,ASN00079099,-37.0222,141.2657,246
2009-03,ASN00079100,-36.6697,142.1731,110
2009-03,ASN00079103,-37.295,142.6039,622
2009-03,ASN00079105,-37.068,142.7412,220
2009-03,ASN00079107,-36.8132,141.2599,278
2009-03,ASN00080002,-36.116,143.7229,234
2009-03,ASN00080004,-35.9741,143.8525,185
2009-03,ASN00080014,-36.1348,143.9186,236
2009-03,ASN00080015,-36.1647,144.7642,166
2009-03,ASN00080017,-36.0407,143.9403,204
2009-03,ASN00080020,-35.9661,144.3712,202
2009-03,ASN00080023,-35.7236,143.9197,88
2009-03,ASN00080024,-35.8674,143.8007,90
2009-03,ASN00080027,-36.3203,143.735,186
2009-03,ASN00080036,-35.9681,144.1073,240
2009-03,ASN00080044,-35.9977,144.4244,164
2009-03,ASN00080049,-36.3613,144.7108,142
2009-03,ASN00080056,-36.2497,144.9531,180
2009-03,ASN00081090,-36.7446,143.6788,238
2009-03,ASN00082154,-36.8892,145.6814,802
2009-03,ASN00081100,-36.7682,143.9866,132
2009-03,ASN00081118,-36.8093,144.6203,306
2009-03,ASN00082096,-36.9005,145.5228,306
2009-03,ASN00082103,-36.0243,147.5475,412
2009-03,ASN00082105,-36.8314,146.3982,220
2009-03,ASN00082109,-36.6133,146.1131,226
2009-03,ASN00082112,-36.6533,146.8567,350
2009-03,ASN00082116,-36.6083,146.3583,180
2009-03,ASN00082128,-36.5131,146.4483,280
2009-03,ASN00082134,-36.6936,145.8785,382
2009-03,ASN00082138,-36.4206,146.3056,222
2009-03,ASN00082090,-36.4793,147.0297,230
2009-03,ASN00082139,-36.2136,147.5394,392
2009-03,ASN00082142,-36.9461,146.2197,390
2009-03,ASN00082143,-36.7861,145.6581,412
2009-03,ASN00082144,-36.8167,145.64,352
2009-03,ASN00082145,-36.8753,145.5783,422
2009-03,ASN00082146,-36.9322,145.5842,318
2009-03,ASN00082147,-36.9217,145.6769,492
2009-03,ASN00082148,-36.8278,145.8494,296
2009-03,ASN00082149,-36.7858,145.5683,286
2009-03,ASN00082151,-36.8628,145.7333,612
2009-03,ASN00082140,-36.8542,145.9381,296
2009-03,ASN00082084,-36.7136,145.7603,350
2009-03,ASN00082083,-36.804,145.418,326
2009-03,ASN00082076,-36.5353,147.4984,246
2009-03,ASN00081120,-36.5886,145.0198,216
2009-03,ASN00081123,-36.7395,144.3266,268
2009-03,ASN00081124,-36.0294,146.0306,164
2009-03,ASN00081125,-36.4289,145.3947,210
2009-03,ASN00082001,-36.3702,146.7132,306
2009-03,ASN00082009,-36.6085,146.5371,246
2009-03,ASN00082010,-36.1491,146.6106,179
2009-03,ASN00082015,-36.3084,146.5229,212
2009-03,ASN00082016,-36.7545,145.5727,364
2009-03,ASN00082018,-36.7691,147.6956,366
2009-03,ASN00082021,-36.0964,146.6008,230
2009-03,ASN00082029,-36.456,146.4299,274
2009-03,ASN00082033,-36.6975,146.2852,364
2009-03,ASN00082039,-36.1047,146.5094,192
2009-03,ASN00082042,-36.8472,145.7308,564
2009-03,ASN00082043,-36.7872,145.8225,322
2009-03,ASN00082049,-36.6425,145.7234,232
2009-03,ASN00082052,-35.9645,147.7374,384
2009-03,ASN00082057,-36.3025,146.7299,304
2009-03,ASN00082058,-36.3111,146.8381,218
2009-03,ASN00082068,-36.5293,147.3749,290
2009-03,ASN00081115,-36.6284,144.8726,208
2009-03,ASN00040973,-27.7472,153.1919,545
2009-03,ASN00001020,-14.09,126.3867,430
2009-03,ASN00040965,-27.2442,153.0867,814
2009-03,ASN00014651,-13.8269,133.3277,430
2009-03,ASN00014652,-14.5264,132.8006,96
2009-03,ASN00014654,-14.3295,133.1176,416
2009-03,ASN00014703,-15.7426,136.8192,56
2009-03,ASN00014704,-16.4423,136.076,54
2009-03,ASN00014719,-15.5789,135.4271,286
2009-03,ASN00014723,-16.0757,136.3041,344
2009-03,ASN00014729,-15.6293,136.3881,228
2009-03,ASN00014730,-14.1055,133.3422,444
2009-03,ASN00014650,-14.9147,133.127,207
2009-03,ASN00014803,-15.2085,129.4502,446
2009-03,ASN00014821,-16.4583,129.0058,468
2009-03,ASN00014824,-16.1196,130.4282,261
2009-03,ASN00014825,-16.403,131.0145,0
2009-03,ASN00014829,-18.3325,130.6358,0
2009-03,ASN00014840,-17.3871,131.1166,461
2009-03,ASN00014847,-16.1176,130.9558,140
2009-03,ASN00014853,-15.97,129.0407,116
2009-03,ASN00014856,-18.3902,129.4299,78
2009-03,ASN00014857,-19.2798,129.9422,80
2009-03,ASN00014816,-15.7372,131.5345,52
2009-03,ASN00014864,-16.3541,131.5147,0
2009-03,ASN00014648,-14.134,133.1094,266
2009-03,ASN00014639,-15.9179,132.3831,580
2009-03,ASN00014265,-12.4126,130.9202,586
2009-03,ASN00014266,-12.4121,130.9669,1348
2009-03,ASN00014272,-13.0545,131.0252,504
2009-03,ASN00014274,-11.0468,132.9791,2688
2009-03,ASN00014275,-12.7164,131.8206,1230
2009-03,ASN00014277,-12.635,130.3725,1916
2009-03,ASN00014285,-12.3551,130.8857,463
2009-03,ASN00014401,-11.6502,133.3796,770
2009-03,ASN00014404,-12.0931,134.8919,852
2009-03,ASN00014647,-15.2712,132.9127,546
2009-03,ASN00014405,-12.0569,134.2339,1382
2009-03,ASN00014515,-12.5013,135.8001,2490
2009-03,ASN00014517,-11.9971,135.5726,2886
2009-03,ASN00014518,-13.9747,136.4631,2682
2009-03,ASN00014602,-14.1394,134.4742,332
2009-03,ASN00014612,-15.5748,133.2138,564
2009-03,ASN00014621,-15.8087,134.1477,174
2009-03,ASN00014626,-16.2636,133.3782,640
2009-03,ASN00014627,-13.6714,134.3414,642
2009-03,ASN00014628,-16.455,134.6504,344
2009-03,ASN00014508,-12.2741,136.8203,1916
2009-03,ASN00014866,-17.6129,130.0713,0
2009-03,ASN00014901,-13.8345,131.1872,170
2009-03,ASN00014902,-14.4589,132.2572,0
2009-03,ASN00015590,-23.7951,133.889,4
2009-03,ASN00015594,-23.4564,134.6849,50
2009-03,ASN00015602,-22.9494,136.1442,0
2009-03,ASN00015607,-22.1305,132.0812,0
2009-03,ASN00015611,-22.7228,131.1685,0
2009-03,ASN00015618,-22.2747,137.9733,0
2009-03,ASN00015626,-22.3961,134.2335,0
2009-03,ASN00015635,-25.1896,130.9737,86
2009-03,ASN00015641,-20.5476,130.3466,26
2009-03,ASN00015585,-21.7498,135.2382,0
2009-03,ASN00015643,-22.4518,133.6377,0
2009-03,ASN00015653,-22.9689,134.2415,10
2009-03,ASN00015660,-25.3602,131.0196,167
2009-03,ASN00015661,-22.2109,134.1182,0
2009-03,ASN00015664,-23.27,129.38,86
2009-03,ASN00015666,-20.1824,130.0148,110
2009-03,ASN00015667,-23.6338,132.7311,51
2009-03,ASN00015673,-23.5312,134.3743,7
2009-03,ASN00016001,-31.1558,136.8054,80
2009-03,ASN00016005,-32.3997,137.225,48
2009-03,ASN00015652,-24.2914,131.5488,6
2009-03,ASN00015548,-20.1883,130.0161,98
2009-03,ASN00015521,-23.2837,134.4229,6
2009-03,ASN00015511,-25.3139,131.7571,42
2009-03,ASN00014909,-13.3275,133.0861,260
2009-03,ASN00014927,-14.3731,132.1566,190
2009-03,ASN00014932,-14.5229,132.3826,64
2009-03,ASN00014947,-14.0106,132.2084,472
2009-03,ASN00014948,-14.2495,129.5282,968
2009-03,ASN00014949,-15.7442,131.9182,102
2009-03,ASN00014950,-14.1243,132.6378,640
2009-03,ASN00014954,-14.9408,130.8092,170
2009-03,ASN00014955,-14.3202,132.4226,449
2009-03,ASN00014956,-13.9487,131.3191,399
2009-03,ASN00014962,-14.254,132.7357,464
2009-03,ASN00014965,-14.1882,132.3961,254
2009-03,ASN00014966,-14.3148,132.4248,420
2009-03,ASN00014967,-14.3055,132.0772,352
2009-03,ASN00015085,-18.637,135.945,4
2009-03,ASN00015088,-19.0579,136.7066,0
2009-03,ASN00015123,-18.8689,134.4991,0
2009-03,ASN00015131,-17.5521,133.5407,10
2009-03,ASN00015135,-19.6423,134.1833,0
2009-03,ASN00015139,-19.933,134.3548,0
2009-03,ASN00015501,-23.1273,133.836,0
2009-03,ASN00014264,-12.7121,130.9889,974
2009-03,ASN00014260,-12.4819,130.8978,684
2009-03,ASN00014253,-13.1672,130.1225,1088
2009-03,ASN00014246,-12.3784,130.9057,1044
2009-03,ASN00010916,-33.6856,117.6064,280
2009-03,ASN00010917,-32.6722,116.6706,68
2009-03,ASN00011003,-31.6797,128.8792,392
2009-03,ASN00011008,-31.8433,127.8572,376
2009-03,ASN00011017,-32.4569,123.8653,104
2009-03,ASN00011019,-32.2464,126.3008,170
2009-03,ASN00011022,-31.7117,128.8867,198
2009-03,ASN00011052,-30.8453,128.1092,466
2009-03,ASN00012009,-32.2147,121.7547,114
2009-03,ASN00010912,-32.5878,117.6408,122
2009-03,ASN00012011,-30.9869,119.1142,54
2009-03,ASN00012029,-32.0339,122.8017,56
2009-03,ASN00012038,-30.7847,121.4533,100
2009-03,ASN00012043,-29.3361,121.4944,270
2009-03,ASN00012044,-33.5547,120.6997,378
2009-03,ASN00012045,-28.6306,122.4072,268
2009-03,ASN00012064,-31.3356,118.98,200
2009-03,ASN00012071,-32.9869,121.6239,4
2009-03,ASN00012072,-27.9875,119.2961,100
2009-03,ASN00012077,-32.8606,121.7081,114
2009-03,ASN00012025,-27.9331,120.0575,120
2009-03,ASN00010911,-33.1006,118.4647,108
2009-03,ASN00010908,-32.0294,116.8742,166
2009-03,ASN00010905,-33.8878,119.1092,574
2009-03,ASN00010633,-33.5803,120.0458,396
2009-03,ASN00010635,-33.7853,116.9064,25
2009-03,ASN00010641,-33.375,116.9053,216
2009-03,ASN00010647,-33.3075,117.3403,689
2009-03,ASN00010692,-33.1131,118.84,168
2009-03,ASN00010702,-32.1003,118.8058,0
2009-03,ASN00010704,-33.3281,117.5628,490
2009-03,ASN00010705,-32.3344,118.8492,16
2009-03,ASN00010729,-34.3439,118.6306,286
2009-03,ASN00010792,-34.1692,118.9444,402
2009-03,ASN00010799,-32.6339,118.0103,88
2009-03,ASN00010802,-33.4661,118.6361,182
2009-03,ASN00010831,-33.4836,117.61,432
2009-03,ASN00010866,-33.9317,117.3258,150
2009-03,ASN00010869,-33.5942,120.1833,352
2009-03,ASN00010872,-33.1722,118.2475,84
2009-03,ASN00010878,-33.5381,119.6564,373
2009-03,ASN00010889,-32.885,118.6347,12
2009-03,ASN00010893,-34.3078,117.4347,530
2009-03,ASN00010897,-34.2206,118.5042,252
2009-03,ASN00010904,-32.1717,118.6136,46
2009-03,ASN00012079,-31.0381,119.3064,0
2009-03,ASN00016006,-29.9434,134.1506,165
2009-03,ASN00012092,-28.5606,119.0161,108
2009-03,ASN00012117,-31.2186,121.6181,60
2009-03,ASN00014059,-14.0829,131.8099,550
2009-03,ASN00014062,-14.1435,132.1925,382
2009-03,ASN00014092,-13.2373,131.1042,1020
2009-03,ASN00014112,-12.3786,130.8469,1438
2009-03,ASN00014116,-12.4429,130.9325,432
2009-03,ASN00014142,-11.4022,130.4217,2990
2009-03,ASN00014143,-12.8003,131.0507,714
2009-03,ASN00014144,-12.3962,130.8785,1130
2009-03,ASN00014149,-12.4558,131.0505,1223
2009-03,ASN00014055,-13.481,131.1173,728
2009-03,ASN00014153,-11.1538,132.143,1544
2009-03,ASN00014183,-12.8324,130.9713,1132
2009-03,ASN00014198,-12.6594,132.8939,2098
2009-03,ASN00014204,-13.7578,131.574,164
2009-03,ASN00014219,-12.5491,131.0794,1327
2009-03,ASN00014222,-12.6374,131.0763,1615
2009-03,ASN00014224,-13.8062,132.197,582
2009-03,ASN00014226,-12.5764,131.0829,1764
2009-03,ASN00014227,-12.3887,130.9248,1186
2009-03,ASN00014238,-12.4346,130.7491,1138
2009-03,ASN00014163,-12.4396,130.8376,1488
2009-03,ASN00014041,-12.605,131.2988,2288
2009-03,ASN00014040,-12.4227,130.8844,1132
2009-03,ASN00014021,-13.1137,130.7981,548
2009-03,ASN00012141,-30.0242,119.28,12
2009-03,ASN00012152,-31.2617,120.0219,138
2009-03,ASN00012223,-33.2242,121.3544,320
2009-03,ASN00012239,-28.4967,119.7436,238
2009-03,ASN00012297,-33.4853,122.5867,32
2009-03,ASN00012305,-28.6133,122.4236,242
2009-03,ASN00012306,-33.5239,122.9469,102
2009-03,ASN00012314,-27.8386,120.7031,92
2009-03,ASN00012320,-31.2353,119.3564,72
2009-03,ASN00013005,-26.2225,121.5561,1016
2009-03,ASN00013006,-26.4006,120.9539,519
2009-03,ASN00013011,-26.1317,126.5839,216
2009-03,ASN00013015,-25.7964,122.9753,271
2009-03,ASN00013017,-25.0341,128.301,42
2009-03,ASN00013018,-26.1208,121.9403,760
2009-03,ASN00013024,-26.5172,122.8078,643
2009-03,ASN00013030,-21.7125,122.2281,288
2009-03,ASN00013032,-25.6361,121.3533,76
2009-03,ASN00013035,-27.0336,122.4439,464
2009-03,ASN00014013,-12.81,130.4576,2190
2009-03,ASN00014015,-12.4239,130.8925,1156
2009-03,ASN00012107,-33.4225,121.9894,212
2009-03,ASN00010626,-32.5336,117.0831,176
2009-03,ASN00016021,-31.2609,135.2374,470
2009-03,ASN00016030,-30.1809,135.6629,110
2009-03,ASN00019115,-33.0188,138.6153,174
2009-03,ASN00020000,-32.0498,140.162,312
2009-03,ASN00020001,-31.9695,140.5436,76
2009-03,ASN00020002,-32.076,140.9969,85
2009-03,ASN00020004,-31.6516,139.5491,168
2009-03,ASN00020010,-32.0646,139.382,264
2009-03,ASN00020013,-32.4292,139.9887,216
2009-03,ASN00020017,-32.4467,140.9233,62
2009-03,ASN00020020,-32.6416,139.6496,264
2009-03,ASN00019114,-32.4295,138.8922,48
2009-03,ASN00020022,-33.2458,140.0345,4
2009-03,ASN00020028,-33.7622,140.1251,12
2009-03,ASN00020043,-33.1873,139.6209,24
2009-03,ASN00020049,-31.6382,140.513,258
2009-03,ASN00020053,-32.1698,140.7959,40
2009-03,ASN00020055,-31.7484,140.3426,140
2009-03,ASN00020059,-31.6619,140.6289,186
2009-03,ASN00020062,-32.5707,139.5645,316
2009-03,ASN00021001,-34.026,138.6846,212
2009-03,ASN00021002,-34.1424,138.4225,80
2009-03,ASN00020025,-33.5009,139.5154,60
2009-03,ASN00021003,-33.845,138.4901,138
2009-03,ASN00019113,-31.448,138.4531,94
2009-03,ASN00019111,-31.4763,139.1134,132
2009-03,ASN00019017,-31.8846,138.435,30
2009-03,ASN00019024,-32.8294,138.1907,257
2009-03,ASN00019031,-32.8776,139.0578,42
2009-03,ASN00019032,-32.7335,138.6135,158
2009-03,ASN00019034,-32.9737,138.8375,64
2009-03,ASN00019037,-33.0216,138.0002,180
2009-03,ASN00019038,-32.3538,138.0371,185
2009-03,ASN00019042,-32.8454,138.2116,216
2009-03,ASN00019043,-32.9495,138.5174,142
2009-03,ASN00019112,-33.023,138.0698,196
2009-03,ASN00019046,-31.775,138.6529,193
2009-03,ASN00019048,-32.6521,138.1003,98
2009-03,ASN00019052,-33.0338,138.2686,428
2009-03,ASN00019053,-33.0856,138.2211,724
2009-03,ASN00019057,-32.552,138.8688,81
2009-03,ASN00019061,-32.0545,138.6427,118
2009-03,ASN00019062,-33.0287,138.7489,70
2009-03,ASN00019070,-31.5286,138.6093,169
2009-03,ASN00019078,-32.5172,137.8425,144
2009-03,ASN00019106,-32.627,139.1923,90
2009-03,ASN00019047,-32.6923,138.3247,186
2009-03,ASN00021004,-33.5643,138.7595,204
2009-03,ASN00021007,-33.6947,138.4057,154
2009-03,ASN00021010,-33.7459,138.5628,224
2009-03,ASN00021076,-33.9309,138.814,160
2009-03,ASN00021077,-33.6781,138.9371,146
2009-03,ASN00021102,-33.35,138.102,188
2009-03,ASN00021104,-33.9943,138.4539,86
2009-03,ASN00021106,-33.953,138.3903,54
2009-03,ASN00021110,-33.7876,137.7068,133
2009-03,ASN00021120,-33.2549,138.7867,180
2009-03,ASN00021127,-33.8828,138.6389,328
2009-03,ASN00021130,-34.1002,138.631,188
2009-03,ASN00021075,-33.7464,138.6058,196
2009-03,ASN00021131,-33.8226,138.5933,298
2009-03,ASN00022003,-34.6981,137.7116,110
2009-03,ASN00022008,-34.3745,137.6733,150
2009-03,ASN00022009,-34.7708,137.5952,84
2009-03,ASN00022011,-34.0672,137.5925,57
2009-03,ASN00022012,-34.0402,137.9004,81
2009-03,ASN00022013,-34.4951,137.4836,76
2009-03,ASN00022014,-34.7785,137.8579,76
2009-03,ASN00022015,-34.2971,138.0014,26
2009-03,ASN00022017,-34.9122,137.7977,100
2009-03,ASN00021133,-33.7676,138.2182,84
2009-03,ASN00021072,-33.3265,138.3172,206
2009-03,ASN00021063,-34.1564,138.1827,116
2009-03,ASN00021062,-33.3041,138.7553,126
2009-03,ASN00021012,-33.8682,138.01,94
2009-03,ASN00021013,-33.1851,138.4968,292
2009-03,ASN00021015,-33.7045,138.2927,164
2009-03,ASN00021016,-33.353,138.2057,211
2009-03,ASN00021019,-33.8315,138.7917,168
2009-03,ASN00021020,-33.359,138.393,186
2009-03,ASN00021021,-33.2705,138.357,181
2009-03,ASN00021022,-33.4669,138.4424,166
2009-03,ASN00021024,-33.4595,138.7475,176
2009-03,ASN00021025,-33.8347,138.6532,314
2009-03,ASN00021027,-33.2036,138.6059,286
2009-03,ASN00021029,-33.5867,138.3343,152
2009-03,ASN00021031,-33.1851,138.3001,281
2009-03,ASN00021033,-33.9136,138.7195,234
2009-03,ASN00021034,-33.5592,138.903,156
2009-03,ASN00021042,-33.6029,137.9348,60
2009-03,ASN00021044,-34.1848,138.1478,124
2009-03,ASN00021045,-33.5407,138.2244,110
2009-03,ASN00021055,-33.2296,138.8844,42
2009-03,ASN00021057,-33.5707,138.4503,164
2009-03,ASN00021060,-33.2025,138.6024,204
2009-03,ASN00019013,-32.5373,138.5626,220
2009-03,ASN00019010,-32.0695,138.4948,210
2009-03,ASN00019009,-32.4244,138.5304,200
2009-03,ASN00019008,-32.4618,138.2004,244
2009-03,ASN00017110,-30.5963,138.4219,230
2009-03,ASN00017115,-29.1266,140.9018,20
2009-03,ASN00017119,-30.8406,138.3224,154
2009-03,ASN00017123,-28.0997,140.1956,0
2009-03,ASN00017126,-29.6587,138.0684,22
2009-03,ASN00017130,-29.7138,137.9017,30
2009-03,ASN00017131,-29.9062,139.7345,10
2009-03,ASN00018001,-33.9118,136.5697,76
2009-03,ASN00018012,-32.1297,133.6976,396
2009-03,ASN00017099,-30.311,139.3357,192
2009-03,ASN00018014,-33.7011,136.4937,112
2009-03,ASN00018022,-33.6772,136.9116,66
2009-03,ASN00018023,-34.2644,135.7266,370
2009-03,ASN00018024,-33.4678,136.2113,114
2009-03,ASN00018034,-32.7324,137.1505,71
2009-03,ASN00018040,-33.1414,136.4125,110
2009-03,ASN00018043,-34.4139,135.8224,284
2009-03,ASN00018044,-33.1332,135.5552,451
2009-03,ASN00018046,-33.5679,135.7571,260
2009-03,ASN00018047,-32.0723,133.9401,394
2009-03,ASN00018019,-34.3853,135.4697,384
2009-03,ASN00017098,-31.1881,138.2785,98
2009-03,ASN00017089,-27.7205,138.2548,0
2009-03,ASN00017054,-31.1278,138.9618,68
2009-03,ASN00016031,-30.2406,133.9885,524
2009-03,ASN00016032,-32.5226,136.4926,78
2009-03,ASN00016034,-32.1572,135.0722,620
2009-03,ASN00016035,-30.4027,136.392,121
2009-03,ASN00016055,-32.3792,135.5247,524
2009-03,ASN00016056,-32.1232,137.1505,0
2009-03,ASN00016065,-30.449,137.1692,50
2009-03,ASN00016067,-32.4398,136.0671,136
2009-03,ASN00016086,-31.7646,135.6494,211
2009-03,ASN00016090,-29.0347,134.7222,312
2009-03,ASN00016095,-26.2085,133.8545,22
2009-03,ASN00016096,-30.4829,136.8772,16
2009-03,ASN00016097,-26.2635,132.1771,370
2009-03,ASN00016098,-30.7051,134.5786,156
2009-03,ASN00017014,-31.0939,138.6786,147
2009-03,ASN00017024,-30.066,138.2739,102
2009-03,ASN00017028,-27.724,140.7633,0
2009-03,ASN00017032,-30.9904,138.5787,234
2009-03,ASN00017037,-29.239,137.9058,18
2009-03,ASN00017041,-30.9372,138.8919,80
2009-03,ASN00017043,-27.5553,135.4456,54
2009-03,ASN00018054,-33.0314,134.7015,428
2009-03,ASN00016028,-30.0047,136.0445,40
2009-03,ASN00018060,-31.7782,132.2038,1022
2009-03,ASN00018069,-33.6501,134.888,470
2009-03,ASN00018184,-33.6125,136.3722,133
2009-03,ASN00018186,-32.5534,136.7123,138
2009-03,ASN00018188,-34.6252,135.4725,340
2009-03,ASN00018189,-33.7516,135.1863,316
2009-03,ASN00018190,-32.9004,136.1858,226
2009-03,ASN00018192,-34.5993,135.8784,238
2009-03,ASN00018193,-33.0267,136.3171,148
2009-03,ASN00018195,-32.8427,135.1515,622
2009-03,ASN00018198,-33.4138,136.5989,94
2009-03,ASN00018182,-31.9661,133.3316,462
2009-03,ASN00018201,-32.5091,137.7144,248
2009-03,ASN00018204,-33.5879,134.8859,296
2009-03,ASN00018205,-34.7405,135.845,296
2009-03,ASN00018209,-33.8189,135.4857,321
2009-03,ASN00018213,-33.7412,135.0804,194
2009-03,ASN00018214,-32.9232,136.4778,174
2009-03,ASN00019001,-33.0524,138.4277,348
2009-03,ASN00019002,-32.2507,137.9776,366
2009-03,ASN00019005,-32.8247,138.6907,130
2009-03,ASN00019006,-32.881,138.3519,238
2009-03,ASN00018203,-34.344,136.0471,293
2009-03,ASN00018176,-33.3416,136.7518,104
2009-03,ASN00018174,-33.7234,136.1511,124
2009-03,ASN00018172,-32.921,135.9996,567
2009-03,ASN00018077,-32.3752,133.9353,366
2009-03,ASN00018079,-32.7963,134.2116,280
2009-03,ASN00018083,-33.043,135.4519,544
2009-03,ASN00018086,-34.3756,136.1026,182
2009-03,ASN00018091,-34.2617,136.2092,182
2009-03,ASN00018094,-32.4035,134.5323,600
2009-03,ASN00018096,-33.6824,136.6831,102
2009-03,ASN00018098,-32.9475,135.2754,760
2009-03,ASN00018106,-31.4492,130.8976,756
2009-03,ASN00018107,-34.5911,135.7572,438
2009-03,ASN00018110,-30.6143,130.4136,480
2009-03,ASN00018113,-33.965,136.2472,144
2009-03,ASN00018114,-30.1591,131.579,309
2009-03,ASN00018115,-35.3365,136.1174,220
2009-03,ASN00018116,-33.7081,136.5026,82
2009-03,ASN00018120,-33.0539,137.5205,130
2009-03,ASN00018144,-34.5424,135.6997,332
2009-03,ASN00018164,-33.6993,135.9238,152
2009-03,ASN00018165,-33.5733,135.602,293
2009-03,ASN00018166,-32.2811,134.4714,608
2009-03,ASN00018171,-34.1361,135.3319,244
2009-03,ASN00018063,-31.932,133.0056,470
2009-03,ASN00022018,-34.9906,137.3995,128
2009-03,ASN00010622,-33.9644,118.4889,344
2009-03,ASN00010612,-32.0656,118.3956,54
2009-03,ASN00008051,-28.7953,114.6975,4
2009-03,ASN00008052,-28.17,114.7614,0
2009-03,ASN00008057,-29.5486,115.0689,6
2009-03,ASN00008060,-29.0364,115.5536,0
2009-03,ASN00008064,-30.6719,116.3078,290
2009-03,ASN00008066,-30.7008,117.0608,104
2009-03,ASN00008072,-29.7586,116.4444,14
2009-03,ASN00008077,-29.6006,115.9392,106
2009-03,ASN00008095,-28.5367,115.5142,78
2009-03,ASN00008050,-28.7769,114.605,0
2009-03,ASN00008100,-28.3456,114.6367,8
2009-03,ASN00008121,-29.5339,115.7628,0
2009-03,ASN00008137,-30.8917,116.7186,17
2009-03,ASN00008139,-30.1069,116.6328,42
2009-03,ASN00008143,-29.2872,115.6331,26
2009-03,ASN00008146,-30.0706,116.2092,70
2009-03,ASN00008157,-28.8978,115.8628,190
2009-03,ASN00008200,-28.6936,115.0408,14
2009-03,ASN00008202,-30.6219,116.3794,92
2009-03,ASN00008237,-28.6857,115.2806,6
2009-03,ASN00008107,-29.4417,116.2875,120
2009-03,ASN00008240,-28.8939,115.4539,0
2009-03,ASN00008037,-29.8819,116.0233,10
2009-03,ASN00008025,-29.6889,115.8869,50
2009-03,ASN00007081,-28.8928,117.1333,60
2009-03,ASN00007083,-23.6239,118.6561,476
2009-03,ASN00007090,-28.8439,117.8317,0
2009-03,ASN00007101,-26.2822,118.6933,18
2009-03,ASN00007103,-25.48,119.6492,308
2009-03,ASN00007139,-29.2708,117.6836,48
2009-03,ASN00007176,-23.4169,119.7989,1228
2009-03,ASN00007177,-23.6042,117.6892,140
2009-03,ASN00007179,-24.4114,118.9408,0
2009-03,ASN00008028,-28.5008,114.7897,0
2009-03,ASN00007180,-25.0386,120.0064,886
2009-03,ASN00007197,-28.2817,118.3111,0
2009-03,ASN00007600,-28.1156,117.8425,0
2009-03,ASN00008002,-30.5967,116.7714,100
2009-03,ASN00008005,-30.7294,116.02,10
2009-03,ASN00008008,-30.5831,116.135,68
2009-03,ASN00008013,-29.3303,116.1433,108
2009-03,ASN00008014,-30.2192,116.7783,54
2009-03,ASN00008016,-30.445,117.0406,42
2009-03,ASN00008022,-30.2911,116.3306,474
2009-03,ASN00007185,-23.1725,117.7494,96
2009-03,ASN00008251,-27.7119,114.165,0
2009-03,ASN00008254,-30.7092,116.7744,186
2009-03,ASN00008271,-28.8114,115.9675,84
2009-03,ASN00009040,-31.1428,116.0539,90
2009-03,ASN00009053,-31.6669,116.0189,16
2009-03,ASN00009066,-31.7908,116.1975,48
2009-03,ASN00009105,-31.7317,115.7931,125
2009-03,ASN00009106,-32.0486,115.9839,43
2009-03,ASN00009111,-32.44,116.0744,102
2009-03,ASN00009112,-31.3928,116.0875,102
2009-03,ASN00009113,-32.1108,116.0953,26
2009-03,ASN00009131,-30.3081,115.0311,25
2009-03,ASN00009039,-32.3536,116.005,60
2009-03,ASN00009151,-31.9556,115.7928,84
2009-03,ASN00009172,-32.1011,115.8794,62
2009-03,ASN00009178,-31.4628,115.8642,60
2009-03,ASN00009193,-32.0069,115.5022,18
2009-03,ASN00009199,-29.9486,114.9781,16
2009-03,ASN00009207,-32.0208,116.1167,52
2009-03,ASN00009215,-31.9558,115.7619,92
2009-03,ASN00009225,-31.9192,115.8728,68
2009-03,ASN00009240,-32.0056,116.1364,82
2009-03,ASN00009242,-32.3956,115.9744,80
2009-03,ASN00009168,-32.1189,116.1206,74
2009-03,ASN00009037,-30.3381,115.5394,2
2009-03,ASN00009033,-30.9719,116.2089,20
2009-03,ASN00009030,-31.8972,116.1575,206
2009-03,ASN00008283,-30.1453,116.3844,264
2009-03,ASN00008285,-28.3181,114.7614,0
2009-03,ASN00008286,-28.275,114.6761,2
2009-03,ASN00008290,-28.3008,113.5936,0
2009-03,ASN00008294,-28.2094,115.285,0
2009-03,ASN00008296,-29.2039,116.0247,36
2009-03,ASN00008297,-30.2761,116.6714,326
2009-03,ASN00008298,-28.7597,114.937,2
2009-03,ASN00008299,-29.1103,115.3173,8
2009-03,ASN00008300,-29.0692,115.0915,0
2009-03,ASN00008304,-28.9571,114.9492,6
2009-03,ASN00008305,-29.2778,114.9464,6
2009-03,ASN00008307,-28.89,115.4397,2
2009-03,ASN00008308,-28.8,115.76,210
2009-03,ASN00008309,-29.3,115.6597,10
2009-03,ASN00008310,-29.0291,115.5548,0
2009-03,ASN00009007,-31.8622,116.2658,54
2009-03,ASN00009009,-31.605,116.1114,92
2009-03,ASN00009015,-32.0892,116.125,94
2009-03,ASN00009021,-31.9275,115.9764,60
2009-03,ASN00009024,-31.5608,116.0842,160
2009-03,ASN00007078,-26.5597,118.5397,0
2009-03,ASN00007068,-29.425,117.2906,290
2009-03,ASN00007064,-27.3636,116.4261,12
2009-03,ASN00007059,-24.2297,118.2408,192
2009-03,ASN00002067,-15.9816,128.9991,91
2009-03,ASN00002069,-16.4433,127.7836,101
2009-03,ASN00003001,-17.2767,122.5711,1148
2009-03,ASN00003003,-17.9475,122.2353,768
2009-03,ASN00003009,-18.355,125.3033,444
2009-03,ASN00003014,-18.2914,125.5869,158
2009-03,ASN00003019,-17.3306,124.8167,250
2009-03,ASN00003027,-18.1386,125.7764,688
2009-03,ASN00003028,-19.2536,121.4861,284
2009-03,ASN00002064,-16.6381,128.4517,550
2009-03,ASN00003030,-18.6844,121.7803,299
2009-03,ASN00003040,-17.9903,124.1922,656
2009-03,ASN00003041,-17.6925,122.7128,491
2009-03,ASN00003048,-18.9158,125.5264,197
2009-03,ASN00003051,-16.7372,125.9086,508
2009-03,ASN00003052,-16.8206,124.9158,400
2009-03,ASN00003057,-16.4514,123.0086,272
2009-03,ASN00003059,-19.0861,121.6764,260
2009-03,ASN00003066,-18.5175,121.8072,870
2009-03,ASN00003068,-18.5075,123.4561,820
2009-03,ASN00003032,-17.3706,123.6611,628
2009-03,ASN00002056,-15.7814,128.71,266
2009-03,ASN00002049,-18.1947,127.8147,250
2009-03,ASN00002044,-16.1119,128.7414,0
2009-03,ASN00040969,-27.0717,153.1058,1304
2009-03,ASN00001006,-15.51,128.1503,348
2009-03,ASN00001007,-13.7542,126.1485,514
2009-03,ASN00001010,-14.7883,126.4964,1240
2009-03,ASN00001018,-16.4181,126.1025,325
2009-03,ASN00001019,-14.2964,126.6453,652
2009-03,ASN00001023,-16.0086,127.9806,132
2009-03,ASN00001025,-15.3797,126.3114,761
2009-03,ASN00001026,-15.7025,126.3786,526
2009-03,ASN00001027,-15.6394,128.0803,190
2009-03,ASN00001031,-13.96,127.1964,508
2009-03,ASN00001035,-15.5969,128.2781,134
2009-03,ASN00002009,-16.4203,126.4411,634
2009-03,ASN00002012,-18.2292,127.6636,208
2009-03,ASN00002021,-18.3869,126.9892,504
2009-03,ASN00002022,-18.016,126.3033,412
2009-03,ASN00002023,-18.0308,128.8942,0
2009-03,ASN00002026,-18.5958,127.6419,194
2009-03,ASN00002029,-19.1625,128.1633,0
2009-03,ASN00002032,-17.0156,128.2175,84
2009-03,ASN00002043,-18.3368,126.1243,564
2009-03,ASN00003073,-16.6872,123.8375,394
2009-03,ASN00009243,-31.335,115.5722,40
2009-03,ASN00003080,-17.5736,123.8217,920
2009-03,ASN00003093,-18.1814,125.5619,1284
2009-03,ASN00005069,-21.6392,116.3308,120
2009-03,ASN00005084,-21.4606,115.0197,4
2009-03,ASN00005094,-20.875,115.4056,4
2009-03,ASN00005095,-22.9367,116.9731,250
2009-03,ASN00006008,-25.0481,114.0294,0
2009-03,ASN00006011,-24.8878,113.67,22
2009-03,ASN00006022,-25.0544,115.21,6
2009-03,ASN00006034,-25.3656,114.3594,0
2009-03,ASN00006044,-25.9261,113.5319,1
2009-03,ASN00005061,-20.7278,116.7483,58
2009-03,ASN00006058,-27.4278,115.5147,15
2009-03,ASN00006097,-26.1203,113.3975,0
2009-03,ASN00006099,-26.8936,115.9561,234
2009-03,ASN00006105,-25.8925,113.5772,6
2009-03,ASN00007007,-26.9844,116.5361,48
2009-03,ASN00007014,-27.2528,117.6525,0
2009-03,ASN00007017,-27.4233,117.8994,55
2009-03,ASN00007019,-24.0019,119.5725,986
2009-03,ASN00007030,-26.1142,117.5047,0
2009-03,ASN00007045,-26.6136,118.5372,0
2009-03,ASN00006072,-23.0314,115.0414,4
2009-03,ASN00005036,-22.9367,115.9825,0
2009-03,ASN00005029,-21.6767,116.3928,140
2009-03,ASN00005022,-21.975,116.0653,0
2009-03,ASN00003098,-17.0549,125.7108,382
2009-03,ASN00003100,-17.9503,124.2653,570
2009-03,ASN00004006,-22.1828,119.935,2326
2009-03,ASN00004016,-20.7867,118.5972,1130
2009-03,ASN00004019,-19.7419,120.8436,0
2009-03,ASN00004032,-20.3725,118.6317,1060
2009-03,ASN00004038,-20.7483,118.8172,796
2009-03,ASN00004039,-20.9469,117.3733,27
2009-03,ASN00004041,-20.8503,120.695,944
2009-03,ASN00004046,-20.6739,120.2044,564
2009-03,ASN00004068,-19.7789,120.6417,512
2009-03,ASN00004083,-20.7097,116.7742,194
2009-03,ASN00004090,-20.7594,117.1583,188
2009-03,ASN00004106,-21.1756,119.7497,1682
2009-03,ASN00005001,-21.8047,117.8056,150
2009-03,ASN00005006,-22.9119,116.2903,0
2009-03,ASN00005007,-22.2406,114.0967,0
2009-03,ASN00005008,-21.1906,115.9797,0
2009-03,ASN00005012,-21.5906,117.0656,1064
2009-03,ASN00005014,-21.7869,117.8647,200
2009-03,ASN00005017,-21.6689,115.1092,160
2009-03,ASN00003084,-17.3436,123.6781,636
2009-03,ASN00010614,-32.9342,117.1797,282
2009-03,ASN00009248,-31.332,115.9513,42
2009-03,ASN00009256,-32.2433,115.6839,52
2009-03,ASN00010041,-31.6192,117.4372,232
2009-03,ASN00010042,-31.1936,117.0311,0
2009-03,ASN00010043,-31.7661,116.9167,218
2009-03,ASN00010053,-31.7233,118.4372,82
2009-03,ASN00010058,-31.2994,116.8269,0
2009-03,ASN00010060,-31.9886,118.5106,0
2009-03,ASN00010061,-31.1417,116.9558,114
2009-03,ASN00010064,-31.2747,116.5075,194
2009-03,ASN00010070,-30.3686,117.1133,40
2009-03,ASN00010040,-31.6089,117.8775,120
2009-03,ASN00010073,-31.6183,117.7217,0
2009-03,ASN00010082,-31.1125,117.9186,228
2009-03,ASN00010084,-30.1056,117.3597,202
2009-03,ASN00010091,-31.6322,117.0081,0
2009-03,ASN00010092,-31.4756,118.2789,140
2009-03,ASN00010095,-31.5936,118.2347,74
2009-03,ASN00010097,-30.6569,117.2625,166
2009-03,ASN00010111,-31.6508,116.6586,84
2009-03,ASN00010112,-31.1842,118.1006,538
2009-03,ASN00010118,-31.9917,118.0264,82
2009-03,ASN00010076,-31.0597,116.7319,140
2009-03,ASN00010119,-31.795,118.3947,64
2009-03,ASN00010039,-31.0072,117.2042,328
2009-03,ASN00010031,-31.3742,117.5861,170
2009-03,ASN00009977,-32.5219,115.7119,94
2009-03,ASN00009978,-33.7563,115.2096,96
2009-03,ASN00009982,-33.3878,115.8538,80
2009-03,ASN00009987,-33.6414,115.7028,76
2009-03,ASN00009988,-33.6808,115.6242,70
2009-03,ASN00009989,-33.6458,115.9553,94
2009-03,ASN00009990,-33.4775,115.7393,44
2009-03,ASN00009991,-33.5711,115.8383,42
2009-03,ASN00009992,-33.5435,115.5509,22
2009-03,ASN00010032,-30.9964,117.3953,260
2009-03,ASN00009994,-33.3608,116.1717,50
2009-03,ASN00009998,-34.9469,116.7222,318
2009-03,ASN00010000,-31.1675,117.0736,0
2009-03,ASN00010007,-30.8081,117.8603,4
2009-03,ASN00010009,-31.2744,116.5092,174
2009-03,ASN00010010,-30.9386,117.9642,210
2009-03,ASN00010011,-30.4731,118.3819,160
2009-03,ASN00010012,-31.5278,117.4361,58
2009-03,ASN00010019,-31.3958,118.4808,302
2009-03,ASN00010026,-30.0606,117.1417,200
2009-03,ASN00009997,-33.7647,115.8431,54
2009-03,ASN00010121,-31.6431,117.4872,170
2009-03,ASN00010124,-31.5136,118.1753,96
2009-03,ASN00010126,-31.1153,117.7942,190
2009-03,ASN00010518,-32.4006,118.6058,20
2009-03,ASN00010520,-33.6614,117.0539,82
2009-03,ASN00010524,-32.3725,117.0072,184
2009-03,ASN00010527,-32.3756,117.5128,180
2009-03,ASN00010530,-33.9144,117.0994,94
2009-03,ASN00010531,-33.7069,117.2411,108
2009-03,ASN00010534,-32.4825,117.5647,198
2009-03,ASN00010536,-32.3292,117.8733,388
2009-03,ASN00010537,-34.2961,117.5533,180
2009-03,ASN00010515,-32.1083,116.9247,110
2009-03,ASN00010541,-33.8594,118.8158,228
2009-03,ASN00010558,-33.9372,118.0075,14
2009-03,ASN00010560,-32.5403,119.1122,20
2009-03,ASN00010565,-32.6744,119.4144,85
2009-03,ASN00010568,-32.4419,118.8983,24
2009-03,ASN00010571,-32.3789,116.8258,30
2009-03,ASN00010582,-33.83,117.159,192
2009-03,ASN00010584,-32.6719,118.1547,0
2009-03,ASN00010603,-32.4231,118.2003,0
2009-03,ASN00010611,-33.2761,119.7753,344
2009-03,ASN00010546,-33.3142,117.74,10
2009-03,ASN00010513,-32.3869,118.2622,122
2009-03,ASN00010508,-33.6361,117.9278,148
2009-03,ASN00010503,-32.0311,118.0947,48
2009-03,ASN00010134,-31.3119,116.515,164
2009-03,ASN00010135,-30.4869,118.1258,144
2009-03,ASN00010136,-30.5892,118.1489,76
2009-03,ASN00010138,-31.814,116.341,100
2009-03,ASN00010143,-31.415,117.2664,78
2009-03,ASN00010145,-31.3756,117.5853,160
2009-03,ASN00010149,-31.3361,117.8164,110
2009-03,ASN00010150,-31.6358,116.7961,0
2009-03,ASN00010151,-31.5317,118.0986,84
2009-03,ASN00010155,-30.7686,117.1361,250
2009-03,ASN00010160,-31.4533,117.1194,244
2009-03,ASN00010163,-31.7711,117.1433,398
2009-03,ASN00010192,-30.5539,118.2828,8
2009-03,ASN00010286,-31.6219,117.2217,228
2009-03,ASN00010294,-31.5736,117.5097,106
2009-03,ASN00010304,-31.485,116.5383,24
2009-03,ASN00010307,-31.7936,116.6278,84
2009-03,ASN00010308,-31.55,116.4867,114
2009-03,ASN00010310,-31.7647,116.3464,64
2009-03,ASN00010311,-31.8997,116.765,23
2009-03,ASN00010502,-34.2553,118.2214,165
2009-03,ASN00009976,-32.6453,115.8644,28
2009-03,ASN00009971,-33.7844,115.4075,242
2009-03,ASN00009968,-34.5683,116.3367,162
2009-03,ASN00009967,-34.7772,117.6508,160
2009-03,ASN00009579,-33.7633,122.0675,134
2009-03,ASN00009584,-33.7422,121.995,209
2009-03,ASN00009587,-33.9967,116.4253,230
2009-03,ASN00009589,-34.9919,116.8206,374
2009-03,ASN00009590,-34.6339,116.1236,66
2009-03,ASN00009592,-34.4478,116.0433,367
2009-03,ASN00009594,-34.435,119.3628,286
2009-03,ASN00009600,-33.9525,115.1969,26
2009-03,ASN00009603,-33.6858,115.4008,38
2009-03,ASN00009575,-32.8556,116.45,26
2009-03,ASN00009611,-34.9761,116.7328,133
2009-03,ASN00009615,-34.715,118.4692,479
2009-03,ASN00009616,-34.0911,116.6628,254
2009-03,ASN00009617,-33.9486,116.1311,90
2009-03,ASN00009619,-34.1519,116.2042,217
2009-03,ASN00009626,-33.7106,121.5619,258
2009-03,ASN00009628,-33.36,116.1467,6
2009-03,ASN00009633,-34.8644,118.1122,566
2009-03,ASN00009635,-34.3633,117.0836,110
2009-03,ASN00009636,-33.8358,115.0747,118
2009-03,ASN00009613,-34.1436,115.2261,264
2009-03,ASN00009574,-33.9592,115.0642,30
2009-03,ASN00009573,-34.2508,116.145,270
2009-03,ASN00009557,-33.9497,120.1258,4
2009-03,ASN00009257,-32.1569,115.9275,36
2009-03,ASN00009258,-32.2156,115.8758,92
2009-03,ASN00009260,-32.4697,116.2143,94
2009-03,ASN00009263,-31.8372,115.95,91
2009-03,ASN00009264,-31.7078,115.7242,64
2009-03,ASN00009276,-30.5744,115.2231,0
2009-03,ASN00009500,-35.0289,117.8808,494
2009-03,ASN00009506,-34.4678,116.9169,240
2009-03,ASN00009507,-32.6836,116.5194,40
2009-03,ASN00009513,-33.2136,115.85,90
2009-03,ASN00009515,-33.6611,115.3456,41
2009-03,ASN00009518,-34.3728,115.1358,132
2009-03,ASN00009519,-33.5372,115.0189,110
2009-03,ASN00009527,-33.3969,115.7833,72
2009-03,ASN00009531,-34.9617,117.3567,300
2009-03,ASN00009532,-34.9528,117.3733,576
2009-03,ASN00009534,-33.5719,115.8247,84
2009-03,ASN00009538,-32.7103,116.0594,82
2009-03,ASN00009542,-33.6825,121.8275,296
2009-03,ASN00009547,-34.0717,115.0986,290
2009-03,ASN00009556,-33.9781,116.3336,186
2009-03,ASN00009642,-33.1336,115.8808,46
2009-03,ASN00009252,-31.7683,116.2475,30
2009-03,ASN00009645,-33.7981,121.1503,82
2009-03,ASN00009654,-34.3986,119.3778,234
2009-03,ASN00009865,-34.3997,118.8867,46
2009-03,ASN00009868,-33.7078,120.8653,220
2009-03,ASN00009871,-34.8361,116.0308,147
2009-03,ASN00009877,-33.6033,115.4983,40
2009-03,ASN00009894,-32.9183,115.9217,133
2009-03,ASN00009897,-33.8536,123.0069,107
2009-03,ASN00009899,-34.8883,118.0789,570
2009-03,ASN00009904,-34.5967,116.1072,240
2009-03,ASN00009908,-34.2292,115.9294,272
2009-03,ASN00009852,-34.8883,118.3958,422
2009-03,ASN00009912,-33.445,115.8508,68
2009-03,ASN00009917,-33.7058,115.7878,70
2009-03,ASN00009927,-33.6028,116.0128,86
2009-03,ASN00009928,-34.8389,116.7211,324
2009-03,ASN00009936,-32.6239,116.0603,66
2009-03,ASN00009957,-35.0367,116.9247,254
2009-03,ASN00009958,-34.6625,117.8394,709
2009-03,ASN00009961,-33.9306,120.1283,448
2009-03,ASN00009964,-34.5714,117.0106,308
2009-03,ASN00009965,-33.3567,115.6447,50
2009-03,ASN00009914,-33.3197,116.6464,148
2009-03,ASN00009850,-34.5378,117.7197,341
2009-03,ASN00009848,-34.7719,118.1317,652
2009-03,ASN00009843,-34.4417,116.9944,64
2009-03,ASN00009678,-34.8772,117.6725,386
2009-03,ASN00009692,-34.2258,115.7622,252
2009-03,ASN00009738,-33.4531,116.3025,30
2009-03,ASN00009739,-33.6789,122.3311,314
2009-03,ASN00009741,-34.9414,117.8022,456
2009-03,ASN00009752,-34.7233,117.3494,330
2009-03,ASN00009754,-34.5961,118.5519,404
2009-03,ASN00009766,-35.0597,117.8658,488
2009-03,ASN00009769,-32.5698,116.4385,32
2009-03,ASN00009771,-33.7411,115.4697,136
2009-03,ASN00009772,-33.7608,121.2156,260
2009-03,ASN00009776,-33.7931,115.3189,18
2009-03,ASN00009784,-34.9319,117.1606,496
2009-03,ASN00009789,-33.83,121.8925,116
2009-03,ASN00009801,-34.1597,115.1892,336
2009-03,ASN00009803,-33.7831,115.3447,44
2009-03,ASN00009804,-33.8811,122.2167,252
2009-03,ASN00009805,-34.9769,116.7286,159
2009-03,ASN00009815,-33.8819,122.5661,188
2009-03,ASN00009822,-33.7753,121.555,170
2009-03,ASN00009842,-33.7964,115.6658,82
2009-03,ASN00009647,-34.9506,117.2769,690
2009-03,ASN00022020,-33.9323,137.6282,64
2009-03,ASN00010628,-32.0094,117.4014,6
2009-03,ASN00022023,-35.0203,137.6064,100
2009-03,ASN00038010,-22.9144,138.8036,0
2009-03,ASN00038012,-24.8303,143.9331,0
2009-03,ASN00038014,-23.365,139.6556,0
2009-03,ASN00038020,-25.79,139.5856,0
2009-03,ASN00038024,-25.4228,142.6564,14
2009-03,ASN00038026,-25.8975,139.3472,0
2009-03,ASN00038035,-25.5903,143.8917,880
2009-03,ASN00038056,-25.6653,142.1086,60
2009-03,ASN00038060,-25.1806,142.6817,60
2009-03,ASN00038009,-24.7856,139.5919,0
2009-03,ASN00038062,-24.6947,143.1275,0
2009-03,ASN00039000,-25.1333,151.1292,116
2009-03,ASN00039009,-24.8408,152.2414,550
2009-03,ASN00039018,-24.0222,151.7642,716
2009-03,ASN00039035,-23.1375,149.9726,198
2009-03,ASN00039036,-25.3706,151.1222,226
2009-03,ASN00039040,-24.9933,151.9606,328
2009-03,ASN00039043,-23.5255,150.5078,0
2009-03,ASN00039054,-24.1967,150.3714,92
2009-03,ASN00039059,-24.1116,152.7161,790
2009-03,ASN00038063,-25.1494,142.9833,60
2009-03,ASN00039066,-25.6167,151.6156,154
2009-03,ASN00038004,-24.8522,143.6672,198
2009-03,ASN00038000,-24.3597,139.4714,0
2009-03,ASN00036046,-21.6292,145.1167,16
2009-03,ASN00036050,-22.0231,145.9831,248
2009-03,ASN00036074,-22.3022,145.99,0
2009-03,ASN00036094,-24.4464,144.1094,32
2009-03,ASN00036127,-24.6017,143.8314,308
2009-03,ASN00036143,-24.4214,145.4672,281
2009-03,ASN00036168,-24.9553,145.2489,335
2009-03,ASN00036172,-21.9667,144.3333,250
2009-03,ASN00037000,-22.1542,142.49,104
2009-03,ASN00038003,-22.9117,139.9039,0
2009-03,ASN00037003,-20.4661,138.4683,0
2009-03,ASN00037025,-21.55,143.8031,410
2009-03,ASN00037030,-21.8886,143.6019,760
2009-03,ASN00037034,-21.8125,139.9267,604
2009-03,ASN00037036,-21.84,140.8925,4
2009-03,ASN00037039,-22.3617,143.0836,218
2009-03,ASN00037046,-22.2903,142.4731,12
2009-03,ASN00037106,-21.8831,139.9728,6
2009-03,ASN00037112,-23.9686,143.3031,0
2009-03,ASN00037120,-21.8958,143.0967,111
2009-03,ASN00037010,-19.9225,138.1214,22
2009-03,ASN00039067,-23.5798,150.4044,158
2009-03,ASN00039068,-23.8104,150.9783,156
2009-03,ASN00039070,-25.1694,151.6375,308
2009-03,ASN00039242,-23.4009,150.6238,324
2009-03,ASN00039251,-24.7275,151.4308,268
2009-03,ASN00039252,-24.2122,151.4219,246
2009-03,ASN00039255,-24.1664,151.5128,414
2009-03,ASN00039256,-25.1475,151.6286,350
2009-03,ASN00039278,-24.8394,150.7444,338
2009-03,ASN00039290,-24.4131,150.5208,0
2009-03,ASN00039303,-25.2558,152.2819,686
2009-03,ASN00039313,-25.1367,151.98,20
2009-03,ASN00039241,-23.7583,151.3097,168
2009-03,ASN00039314,-24.1542,151.8875,890
2009-03,ASN00039321,-25.4,151.1,160
2009-03,ASN00039326,-23.8697,151.2214,260
2009-03,ASN00039332,-24.41,149.8356,44
2009-03,ASN00039334,-24.0213,150.9603,184
2009-03,ASN00039338,-24.9822,152.0731,352
2009-03,ASN00039339,-25.1475,151.6286,290
2009-03,ASN00039340,-25.62,151.59,116
2009-03,ASN00039341,-25.5247,151.76,168
2009-03,ASN00039343,-25.5378,151.32,181
2009-03,ASN00039319,-25.1303,151.1297,110
2009-03,ASN00039220,-24.6544,151.6311,528
2009-03,ASN00039205,-24.8725,150.8236,176
2009-03,ASN00039201,-24.3278,149.8556,0
2009-03,ASN00039071,-24.5722,149.9694,60
2009-03,ASN00039073,-25.5908,151.2986,241
2009-03,ASN00039083,-23.3753,150.4775,240
2009-03,ASN00039085,-24.7298,153.2089,2688
2009-03,ASN00039089,-24.4935,150.5709,62
2009-03,ASN00039092,-24.6792,152.1881,575
2009-03,ASN00039095,-24.6342,152.0228,500
2009-03,ASN00039097,-24.7158,152.0075,530
2009-03,ASN00039102,-23.9078,150.1953,80
2009-03,ASN00039104,-24.8642,151.1247,130
2009-03,ASN00039106,-24.4081,150.7258,80
2009-03,ASN00039123,-23.8553,151.2628,358
2009-03,ASN00039128,-24.8885,152.3235,624
2009-03,ASN00039129,-24.6156,151.105,428
2009-03,ASN00039135,-24.8036,152.4547,523
2009-03,ASN00039142,-24.8139,149.9892,134
2009-03,ASN00039151,-24.8075,150.2197,310
2009-03,ASN00039158,-24.9472,150.0789,82
2009-03,ASN00039168,-25.1025,152.5603,658
2009-03,ASN00039175,-24.4167,151.2119,162
2009-03,ASN00039186,-24.9297,152.1983,450
2009-03,ASN00036037,-22.595,144.5469,244
2009-03,ASN00036036,-23.6239,145.6892,36
2009-03,ASN00036034,-24.4303,145.4306,242
2009-03,ASN00036031,-23.4372,144.2769,392
2009-03,ASN00033285,-23.0883,150.11,210
2009-03,ASN00033286,-19.7586,147.2436,140
2009-03,ASN00033287,-19.9717,147.2508,600
2009-03,ASN00033288,-19.6433,147.3972,320
2009-03,ASN00033289,-20.1425,147.5631,320
2009-03,ASN00033290,-20.2897,147.9019,470
2009-03,ASN00033291,-20.3089,147.2961,440
2009-03,ASN00033292,-20.5819,147.5981,370
2009-03,ASN00033294,-23.1364,150.7506,508
2009-03,ASN00033280,-19.6333,147.1103,210
2009-03,ASN00033295,-19.4569,147.4833,252
2009-03,ASN00033300,-21.1439,149.0753,1970
2009-03,ASN00033301,-21.3228,148.835,710
2009-03,ASN00033302,-21.1772,148.8311,1380
2009-03,ASN00033303,-21.1397,149.1883,2390
2009-03,ASN00033306,-20.4103,148.2306,230
2009-03,ASN00033307,-19.4167,146.5364,438
2009-03,ASN00033308,-22.7433,150.6578,1546
2009-03,ASN00033310,-23.2,150.3978,80
2009-03,ASN00033313,-22.8264,150.3372,456
2009-03,ASN00033299,-21.2725,148.8203,850
2009-03,ASN00033277,-21.1789,148.8297,1220
2009-03,ASN00033270,-20.525,148.2125,260
2009-03,ASN00033269,-20.3078,148.2181,480
2009-03,ASN00033073,-19.8314,147.13,600
2009-03,ASN00033076,-23.1333,150.3669,89
2009-03,ASN00033077,-23.0967,150.7342,716
2009-03,ASN00033080,-21.0003,148.7375,650
2009-03,ASN00033095,-21.8031,149.3569,510
2009-03,ASN00033096,-20.2081,148.13,278
2009-03,ASN00033106,-20.3658,148.9536,1410
2009-03,ASN00033119,-21.1172,149.2169,2814
2009-03,ASN00033151,-19.5953,146.9342,176
2009-03,ASN00033170,-22.3614,149.3747,65
2009-03,ASN00033175,-20.2144,147.7761,350
2009-03,ASN00033195,-22.4703,150.1786,186
2009-03,ASN00033210,-22.3472,149.5242,162
2009-03,ASN00033247,-20.4925,148.555,836
2009-03,ASN00033255,-20.3531,148.9508,1256
2009-03,ASN00033260,-23.16,150.96,904
2009-03,ASN00033263,-20.4186,148.1108,170
2009-03,ASN00033264,-20.0089,148.2044,140
2009-03,ASN00033265,-20.2886,148.1175,260
2009-03,ASN00033266,-20.2381,148.0311,220
2009-03,ASN00033267,-20.2197,148.1217,250
2009-03,ASN00034010,-20.4328,146.0131,160
2009-03,ASN00039346,-25.695,151.3325,494
2009-03,ASN00034015,-22.0656,147.7219,0
2009-03,ASN00034044,-21.0767,146.5133,0
2009-03,ASN00035135,-25.7583,149.4067,102
2009-03,ASN00035151,-25.2797,148.85,164
2009-03,ASN00035165,-24.0717,146.6139,286
2009-03,ASN00035172,-23.4542,149.2608,15
2009-03,ASN00035182,-25.6753,149.6331,320
2009-03,ASN00035207,-24.2236,148.0958,94
2009-03,ASN00035211,-22.6217,147.6589,0
2009-03,ASN00035221,-23.3039,148.1056,0
2009-03,ASN00035225,-24.2897,148.1053,92
2009-03,ASN00035132,-23.4292,148.9272,22
2009-03,ASN00035242,-25.8986,150.1297,82
2009-03,ASN00035274,-23.8467,148.1083,0
2009-03,ASN00035282,-25.6333,149.7833,60
2009-03,ASN00036004,-22.9717,145.245,200
2009-03,ASN00036006,-21.7117,144.3928,0
2009-03,ASN00036007,-23.5544,145.2883,169
2009-03,ASN00036011,-22.2067,145.0083,90
2009-03,ASN00036023,-21.5119,144.6339,70
2009-03,ASN00036026,-24.2591,144.4406,78
2009-03,ASN00036028,-22.1769,144.0486,190
2009-03,ASN00035264,-23.5694,148.1756,562
2009-03,ASN00035131,-23.1331,148.5267,0
2009-03,ASN00035117,-25.3864,149.7842,512
2009-03,ASN00035109,-22.8181,148.49,22
2009-03,ASN00034084,-20.0464,146.2708,108
2009-03,ASN00034100,-22.2411,148.43,0
2009-03,ASN00035001,-23.5522,147.7461,114
2009-03,ASN00035015,-25.4025,149.1044,240
2009-03,ASN00035016,-23.0856,148.0236,5
2009-03,ASN00035039,-26.3564,150.0464,172
2009-03,ASN00035049,-24.5608,145.7869,280
2009-03,ASN00035053,-23.1864,147.3539,30
2009-03,ASN00035063,-24.2111,148.7403,0
2009-03,ASN00035064,-24.4481,147.8986,288
2009-03,ASN00035065,-24.123,148.0856,208
2009-03,ASN00035068,-25.6103,148.9444,406
2009-03,ASN00035069,-24.8819,146.2564,288
2009-03,ASN00035070,-25.6408,149.7958,96
2009-03,ASN00035072,-24.8856,146.2781,259
2009-03,ASN00035073,-25.3167,146.0194,160
2009-03,ASN00035077,-24.9214,148.6006,80
2009-03,ASN00035079,-24.6217,147.4064,90
2009-03,ASN00035088,-24.3339,147.9425,186
2009-03,ASN00035090,-24.9588,148.3743,42
2009-03,ASN00035094,-22.4831,147.5172,0
2009-03,ASN00034027,-22.7744,148.81,178
2009-03,ASN00040004,-27.6297,152.7111,224
2009-03,ASN00040020,-26.8848,152.1006,232
2009-03,ASN00040026,-25.5997,152.5925,946
2009-03,ASN00040801,-26.3878,152.6842,804
2009-03,ASN00040808,-27.2641,152.1959,312
2009-03,ASN00040811,-26.0833,152.2167,330
2009-03,ASN00040814,-26.5256,152.7428,350
2009-03,ASN00040816,-27.6658,152.6989,280
2009-03,ASN00040823,-27.1381,152.3294,330
2009-03,ASN00040824,-26.1711,152.5994,780
2009-03,ASN00040825,-25.9,152.3497,540
2009-03,ASN00040827,-25.7167,151.8,180
2009-03,ASN00040794,-27.6956,152.9333,540
2009-03,ASN00040829,-27.5439,152.1133,570
2009-03,ASN00040832,-28.2033,152.77,560
2009-03,ASN00040833,-25.7683,152.525,770
2009-03,ASN00040836,-27.6272,152.7461,310
2009-03,ASN00040841,-28.1481,152.57,510
2009-03,ASN00040842,-27.3917,153.1292,574
2009-03,ASN00040844,-28.135,153.1883,820
2009-03,ASN00040845,-28.2006,153.1872,1110
2009-03,ASN00040846,-28.0017,153.3083,890
2009-03,ASN00040848,-28.2083,153.27,1980
2009-03,ASN00040830,-26.6278,152.7042,610
2009-03,ASN00040793,-27.7633,152.8367,430
2009-03,ASN00040790,-27.5467,153.0717,220
2009-03,ASN00040788,-27.6583,153.0,200
2009-03,ASN00040686,-26.1842,152.8208,1728
2009-03,ASN00040688,-25.9575,152.4919,776
2009-03,ASN00040693,-27.3786,152.8164,498
2009-03,ASN00040695,-26.6842,152.9589,2270
2009-03,ASN00040708,-26.0336,151.0603,368
2009-03,ASN00040714,-28.0708,152.9272,300
2009-03,ASN00040715,-27.6473,153.1718,510
2009-03,ASN00040717,-28.1681,153.5053,1558
2009-03,ASN00040722,-26.0942,151.4417,175
2009-03,ASN00040738,-27.9114,153.1056,290
2009-03,ASN00040754,-28.2153,152.8681,560
2009-03,ASN00040761,-27.7828,153.1889,600
2009-03,ASN00040762,-27.8336,152.9878,260
2009-03,ASN00040763,-27.395,152.6097,276
2009-03,ASN00040764,-27.939,153.4283,914
2009-03,ASN00040770,-27.5152,153.2492,640
2009-03,ASN00040777,-26.4572,152.6803,130
2009-03,ASN00040778,-26.3583,152.6283,580
2009-03,ASN00040782,-26.3297,152.8136,1180
2009-03,ASN00040784,-27.615,153.0444,500
2009-03,ASN00040785,-27.6017,152.9511,510
2009-03,ASN00040849,-27.9136,153.3657,980
2009-03,ASN00040677,-28.1752,152.6557,354
2009-03,ASN00040854,-27.6839,153.1947,545
2009-03,ASN00040861,-26.6006,153.0903,2222
2009-03,ASN00040932,-28.2608,153.0917,800
2009-03,ASN00040933,-28.27,153.0264,570
2009-03,ASN00040935,-27.7864,153.0161,490
2009-03,ASN00040936,-28.0614,153.0408,430
2009-03,ASN00040937,-27.9978,153.1575,710
2009-03,ASN00040938,-27.9108,153.1047,440
2009-03,ASN00040939,-27.9681,152.9861,320
2009-03,ASN00040940,-27.8336,152.9878,320
2009-03,ASN00040941,-28.0708,152.8558,620
2009-03,ASN00040931,-28.2314,153.1356,1650
2009-03,ASN00040942,-28.3222,152.7697,520
2009-03,ASN00040944,-28.1692,152.9833,370
2009-03,ASN00040945,-28.0708,152.9272,440
2009-03,ASN00040946,-28.2153,152.8681,630
2009-03,ASN00040947,-28.1481,152.57,590
2009-03,ASN00040948,-28.1461,152.7358,800
2009-03,ASN00040949,-28.0033,152.6875,380
2009-03,ASN00040958,-27.2169,153.0922,760
2009-03,ASN00040962,-27.6053,152.8244,528
2009-03,ASN00022022,-34.1447,138.0146,66
2009-03,ASN00040943,-28.2453,152.8908,400
2009-03,ASN00040928,-27.5639,152.8208,411
2009-03,ASN00040924,-26.9028,152.7664,1212
2009-03,ASN00040922,-26.5737,151.8398,150
2009-03,ASN00040865,-28.0936,152.7158,662
2009-03,ASN00040867,-27.9406,152.6236,196
2009-03,ASN00040876,-28.2372,152.4867,750
2009-03,ASN00040878,-27.6947,153.1364,460
2009-03,ASN00040881,-27.9561,153.4233,890
2009-03,ASN00040882,-28.1653,153.2161,1050
2009-03,ASN00040889,-26.4472,152.4869,714
2009-03,ASN00040891,-25.6022,152.2603,690
2009-03,ASN00040892,-25.9586,152.5753,1192
2009-03,ASN00040893,-26.0642,152.7728,1332
2009-03,ASN00040896,-25.6517,152.6633,90
2009-03,ASN00040902,-25.4969,152.3836,540
2009-03,ASN00040903,-25.2386,152.5319,570
2009-03,ASN00040904,-25.2756,152.5089,610
2009-03,ASN00040905,-25.2928,152.4097,450
2009-03,ASN00040906,-25.4019,152.5317,760
2009-03,ASN00040907,-25.3289,152.5619,740
2009-03,ASN00040908,-26.3911,153.0403,2016
2009-03,ASN00040912,-27.7597,152.47,260
2009-03,ASN00040913,-27.4808,153.0389,476
2009-03,ASN00040914,-27.4942,152.4972,238
2009-03,ASN00040856,-25.9007,153.0891,1675
2009-03,ASN00033068,-21.1631,148.87,1330
2009-03,ASN00040672,-27.5486,152.0236,178
2009-03,ASN00040659,-27.6956,152.9408,528
2009-03,ASN00040145,-27.0625,152.7789,836
2009-03,ASN00040151,-25.605,152.5892,948
2009-03,ASN00040162,-28.1634,153.2126,1019
2009-03,ASN00040167,-28.326,152.7696,497
2009-03,ASN00040169,-26.8425,152.8819,1909
2009-03,ASN00040170,-27.3042,152.0542,364
2009-03,ASN00040177,-26.1639,151.6014,182
2009-03,ASN00040184,-27.6322,152.5944,527
2009-03,ASN00040189,-27.1147,152.555,612
2009-03,ASN00040144,-25.7411,152.2364,680
2009-03,ASN00040196,-28.14,153.4293,1426
2009-03,ASN00040199,-26.7433,151.8439,270
2009-03,ASN00040206,-26.325,152.7869,1212
2009-03,ASN00040209,-27.4361,153.5456,801
2009-03,ASN00040211,-27.5717,153.0078,462
2009-03,ASN00040223,-27.4178,153.1142,590
2009-03,ASN00040224,-27.4193,153.0024,444
2009-03,ASN00040231,-27.4565,153.18,592
2009-03,ASN00040246,-26.5539,151.4156,420
2009-03,ASN00040247,-26.8422,152.5803,1044
2009-03,ASN00040197,-27.9695,153.1952,916
2009-03,ASN00040141,-27.6163,153.2039,766
2009-03,ASN00040140,-27.1492,152.5781,448
2009-03,ASN00040126,-25.5161,152.7156,769
2009-03,ASN00040028,-25.6006,152.2614,716
2009-03,ASN00040042,-28.0142,153.1664,764
2009-03,ASN00040043,-27.0314,153.4661,544
2009-03,ASN00040051,-26.7297,152.7169,1136
2009-03,ASN00040056,-27.3914,152.5014,398
2009-03,ASN00040057,-26.1842,152.9136,2340
2009-03,ASN00040068,-25.9319,153.1906,576
2009-03,ASN00040071,-26.3828,151.1922,260
2009-03,ASN00040075,-27.2397,152.4219,290
2009-03,ASN00040078,-26.4769,152.945,1918
2009-03,ASN00040079,-27.5831,152.3806,320
2009-03,ASN00040082,-27.5436,152.3375,340
2009-03,ASN00040083,-27.5428,152.2817,320
2009-03,ASN00040089,-26.0564,152.7889,1180
2009-03,ASN00040093,-26.1831,152.6414,788
2009-03,ASN00040094,-27.8117,152.6675,530
2009-03,ASN00040104,-27.949,152.6235,250
2009-03,ASN00040106,-26.5956,152.7281,797
2009-03,ASN00040118,-26.6234,152.684,548
2009-03,ASN00040120,-27.4617,152.5747,464
2009-03,ASN00040123,-26.6225,152.8656,1992
2009-03,ASN00040255,-26.41,151.815,186
2009-03,ASN00040671,-26.2839,151.1897,242
2009-03,ASN00040258,-26.8408,151.9806,164
2009-03,ASN00040269,-27.6374,153.3735,1198
2009-03,ASN00040449,-27.5572,152.2308,577
2009-03,ASN00040455,-25.85,151.3667,552
2009-03,ASN00040458,-27.5314,153.1825,612
2009-03,ASN00040463,-27.5797,152.9875,530
2009-03,ASN00040469,-25.8694,152.3172,500
2009-03,ASN00040478,-25.5047,153.1289,1634
2009-03,ASN00040480,-27.2883,152.1239,402
2009-03,ASN00040485,-28.249,152.5232,744
2009-03,ASN00040490,-28.2086,152.5389,490
2009-03,ASN00040430,-25.2825,152.8994,1110
2009-03,ASN00040493,-27.78,152.5346,354
2009-03,ASN00040503,-27.6075,152.58,430
2009-03,ASN00040516,-27.8429,153.3502,825
2009-03,ASN00040517,-27.1953,152.7539,790
2009-03,ASN00040534,-28.1629,153.2641,1508
2009-03,ASN00040537,-27.4973,153.4078,356
2009-03,ASN00040550,-28.2452,153.2369,2068
2009-03,ASN00040607,-28.2031,153.2719,2270
2009-03,ASN00040609,-28.1178,153.4457,1234
2009-03,ASN00040635,-26.8369,152.4914,702
2009-03,ASN00040500,-26.6403,151.9431,84
2009-03,ASN00040424,-27.755,152.0814,274
2009-03,ASN00040417,-28.0686,153.4241,692
2009-03,ASN00040416,-28.0017,153.3083,660
2009-03,ASN00040284,-26.9586,152.9619,1370
2009-03,ASN00040289,-27.1136,151.8517,112
2009-03,ASN00040290,-28.1725,152.72,518
2009-03,ASN00040301,-27.1882,151.9634,152
2009-03,ASN00040307,-26.9664,151.7086,310
2009-03,ASN00040312,-27.7354,152.9443,400
2009-03,ASN00040320,-27.4174,153.1552,1550
2009-03,ASN00040334,-25.5097,152.0456,656
2009-03,ASN00040335,-27.9694,153.2133,860
2009-03,ASN00040341,-27.8794,153.2139,610
2009-03,ASN00040343,-27.0397,152.8678,643
2009-03,ASN00040345,-27.8064,153.2072,640
2009-03,ASN00040385,-26.5539,151.6678,70
2009-03,ASN00040388,-27.6342,152.2206,348
2009-03,ASN00040390,-25.65,152.6647,870
2009-03,ASN00040394,-28.2321,152.7829,282
2009-03,ASN00040395,-27.7183,152.1211,188
2009-03,ASN00040396,-26.7778,152.8033,2026
2009-03,ASN00040405,-25.322,152.8817,1292
2009-03,ASN00040407,-28.0557,153.033,360
2009-03,ASN00040412,-25.2483,152.6636,840
2009-03,ASN00040259,-26.8933,151.8975,178
2009-03,ASN00033065,-22.3458,149.5356,138
2009-03,ASN00040964,-27.6696,153.0442,574
2009-03,ASN00022031,-34.748,137.5276,76
2009-03,ASN00023887,-35.1712,138.6783,268
2009-03,ASN00023890,-35.0012,138.62,442
2009-03,ASN00023891,-34.9847,138.7404,524
2009-03,ASN00023892,-34.8856,138.7562,378
2009-03,ASN00023894,-35.5194,138.8177,142
2009-03,ASN00023896,-34.8757,138.7103,350
2009-03,ASN00023897,-35.3159,138.6218,234
2009-03,ASN00023905,-34.9695,138.741,496
2009-03,ASN00024001,-34.2591,140.4708,36
2009-03,ASN00023885,-35.1586,138.5057,160
2009-03,ASN00024003,-34.1658,140.7541,24
2009-03,ASN00024010,-34.2918,140.3632,6
2009-03,ASN00024013,-34.4442,140.4958,12
2009-03,ASN00024024,-34.439,140.5978,15
2009-03,ASN00024025,-34.2717,140.5964,0
2009-03,ASN00024029,-34.2159,140.186,1
2009-03,ASN00024031,-34.17,139.817,54
2009-03,ASN00024048,-34.1983,140.6766,18
2009-03,ASN00024501,-34.0954,139.1543,24
2009-03,ASN00024502,-34.6923,139.4396,42
2009-03,ASN00024008,-34.2579,140.6478,72
2009-03,ASN00024504,-34.1233,139.3509,18
2009-03,ASN00023882,-34.8713,138.9058,254
2009-03,ASN00023880,-34.7595,138.9341,192
2009-03,ASN00023806,-34.8067,138.7552,204
2009-03,ASN00023810,-34.971,138.7042,22
2009-03,ASN00023817,-35.0221,138.7344,784
2009-03,ASN00023820,-34.6805,138.8561,218
2009-03,ASN00023822,-35.1802,139.0239,90
2009-03,ASN00023825,-35.5288,138.8067,164
2009-03,ASN00023839,-35.0216,138.6097,330
2009-03,ASN00023846,-35.0028,138.6635,418
2009-03,ASN00023858,-34.763,138.7765,186
2009-03,ASN00023881,-34.7742,139.0062,146
2009-03,ASN00023860,-34.9499,138.6866,286
2009-03,ASN00023866,-35.0068,138.8033,344
2009-03,ASN00023867,-34.9342,138.7467,530
2009-03,ASN00023871,-35.3175,138.4636,144
2009-03,ASN00023873,-34.9913,138.6937,486
2009-03,ASN00023875,-35.5695,138.2864,394
2009-03,ASN00023876,-35.2276,138.5366,210
2009-03,ASN00023877,-34.7863,138.8651,210
2009-03,ASN00023878,-34.7253,138.9273,196
2009-03,ASN00023879,-34.8476,138.8751,206
2009-03,ASN00023865,-34.8944,138.8099,316
2009-03,ASN00024508,-35.125,139.0433,138
2009-03,ASN00024509,-34.3515,139.1289,76
2009-03,ASN00024511,-34.1754,139.0847,126
2009-03,ASN00025006,-35.09,139.8972,58
2009-03,ASN00025013,-35.2977,140.6667,124
2009-03,ASN00025014,-34.7169,140.7352,62
2009-03,ASN00025015,-35.268,140.9075,44
2009-03,ASN00025018,-34.7884,140.5003,130
2009-03,ASN00025036,-35.1524,140.288,82
2009-03,ASN00025039,-35.0393,139.9844,74
2009-03,ASN00025042,-35.244,139.8261,78
2009-03,ASN00025046,-35.0662,140.856,100
2009-03,ASN00025002,-34.8276,139.6673,58
2009-03,ASN00025050,-34.6345,140.2432,104
2009-03,ASN00025502,-35.379,139.5617,56
2009-03,ASN00025504,-35.6984,139.8633,208
2009-03,ASN00025506,-35.38,140.1588,92
2009-03,ASN00025507,-36.098,140.3556,192
2009-03,ASN00025512,-35.3805,140.2519,66
2009-03,ASN00025513,-35.3627,139.9503,36
2009-03,ASN00025514,-35.8806,140.0594,132
2009-03,ASN00025519,-36.3654,140.9096,302
2009-03,ASN00025523,-35.8597,139.5599,214
2009-03,ASN00025051,-34.5876,140.0791,88
2009-03,ASN00025000,-34.7314,140.5036,60
2009-03,ASN00024584,-35.065,139.2273,52
2009-03,ASN00024582,-35.1016,139.1426,92
2009-03,ASN00024515,-35.2959,139.0328,72
2009-03,ASN00024518,-35.6902,139.3375,194
2009-03,ASN00024519,-35.4068,138.9701,172
2009-03,ASN00024521,-35.1234,139.2592,79
2009-03,ASN00024525,-34.853,139.1607,40
2009-03,ASN00024528,-33.9888,139.08,63
2009-03,ASN00024531,-34.5719,139.2961,22
2009-03,ASN00024536,-35.2546,139.4542,34
2009-03,ASN00024537,-35.619,139.4378,170
2009-03,ASN00024551,-35.1093,139.0806,158
2009-03,ASN00024554,-35.1978,139.5871,62
2009-03,ASN00024555,-34.2571,139.0923,114
2009-03,ASN00024564,-34.3515,139.6153,14
2009-03,ASN00024572,-35.2828,139.2031,110
2009-03,ASN00024573,-34.4085,139.1274,116
2009-03,ASN00024575,-34.5444,139.193,52
2009-03,ASN00024576,-35.348,138.9771,122
2009-03,ASN00024577,-35.7344,139.2675,178
2009-03,ASN00024578,-34.0647,139.6605,108
2009-03,ASN00024579,-34.8788,138.974,140
2009-03,ASN00024580,-35.2836,138.8934,120
2009-03,ASN00033062,-20.0997,146.8892,72
2009-03,ASN00023803,-34.9423,138.727,374
2009-03,ASN00023801,-34.9482,138.8071,366
2009-03,ASN00023799,-35.2183,138.7342,320
2009-03,ASN00023042,-34.9387,138.6607,314
2009-03,ASN00023043,-34.7607,138.6311,156
2009-03,ASN00023055,-34.9552,138.5356,174
2009-03,ASN00023076,-34.432,138.2587,150
2009-03,ASN00023083,-34.7111,138.6222,106
2009-03,ASN00023085,-34.9222,138.6805,336
2009-03,ASN00023087,-34.5371,138.6049,111
2009-03,ASN00023096,-34.8564,138.6844,290
2009-03,ASN00023101,-34.8925,138.6422,218
2009-03,ASN00023034,-34.9524,138.5204,186
2009-03,ASN00023105,-34.9808,138.621,310
2009-03,ASN00023108,-35.0495,138.7259,470
2009-03,ASN00023114,-34.9542,138.6586,282
2009-03,ASN00023115,-34.9473,138.5827,224
2009-03,ASN00023122,-34.5106,138.6763,90
2009-03,ASN00023128,-34.2015,138.597,250
2009-03,ASN00023129,-34.4611,138.5581,90
2009-03,ASN00023305,-34.4577,138.9277,210
2009-03,ASN00023306,-34.1697,138.8095,240
2009-03,ASN00023307,-34.3412,138.9155,130
2009-03,ASN00023107,-34.601,138.7359,124
2009-03,ASN00023031,-34.9697,138.6331,174
2009-03,ASN00023024,-34.8978,138.5092,188
2009-03,ASN00023023,-34.7674,138.6434,198
2009-03,ASN00022033,-34.4724,137.885,82
2009-03,ASN00022036,-34.7477,137.6309,74
2009-03,ASN00022044,-34.239,137.9883,40
2009-03,ASN00022046,-35.1121,137.7395,124
2009-03,ASN00022049,-35.2795,136.9392,204
2009-03,ASN00022050,-33.9703,137.6628,50
2009-03,ASN00022054,-34.5552,137.8581,74
2009-03,ASN00022055,-34.6492,137.7272,102
2009-03,ASN00022056,-34.402,137.7185,110
2009-03,ASN00022803,-35.8426,138.1327,286
2009-03,ASN00022811,-35.5989,137.4386,164
2009-03,ASN00022815,-35.7255,137.2591,223
2009-03,ASN00022823,-35.7549,136.5959,377
2009-03,ASN00022831,-35.7501,137.7217,204
2009-03,ASN00022835,-35.734,137.1212,366
2009-03,ASN00022836,-35.8096,137.792,250
2009-03,ASN00022839,-35.9609,137.091,352
2009-03,ASN00022841,-35.7114,137.5231,154
2009-03,ASN00023005,-34.9464,138.6519,308
2009-03,ASN00023011,-34.9167,138.5956,240
2009-03,ASN00023013,-34.7977,138.6281,198
2009-03,ASN00023310,-34.005,138.8142,218
2009-03,ASN00025557,-36.1058,140.3273,176
2009-03,ASN00023314,-34.158,138.7483,224
2009-03,ASN00023319,-34.2778,138.7725,120
2009-03,ASN00023731,-34.8331,138.8215,320
2009-03,ASN00023732,-35.1351,138.5274,198
2009-03,ASN00023733,-35.0639,138.8509,334
2009-03,ASN00023734,-35.1213,138.6769,234
2009-03,ASN00023735,-35.3497,138.6223,180
2009-03,ASN00023737,-34.7735,139.0501,128
2009-03,ASN00023738,-35.39,138.4652,270
2009-03,ASN00023739,-35.0369,138.913,310
2009-03,ASN00023741,-35.4519,138.3227,208
2009-03,ASN00023727,-35.0484,138.7354,468
2009-03,ASN00023742,-35.5299,138.6896,209
2009-03,ASN00023750,-34.9563,138.7443,518
2009-03,ASN00023752,-34.6717,138.8885,142
2009-03,ASN00023753,-35.2705,138.5591,124
2009-03,ASN00023754,-35.458,138.35,178
2009-03,ASN00023756,-34.6603,138.9262,170
2009-03,ASN00023758,-34.7398,138.8715,210
2009-03,ASN00023786,-34.8269,139.0086,178
2009-03,ASN00023787,-35.0247,138.8578,306
2009-03,ASN00023788,-34.9838,138.7179,82
2009-03,ASN00023747,-35.256,138.8901,146
2009-03,ASN00023726,-34.9044,138.8742,243
2009-03,ASN00023725,-34.5569,139.1338,84
2009-03,ASN00023723,-35.4935,138.4575,262
2009-03,ASN00023348,-34.5103,138.835,102
2009-03,ASN00023349,-34.0936,138.7952,212
2009-03,ASN00023355,-34.207,138.7886,208
2009-03,ASN00023357,-34.4709,138.9991,160
2009-03,ASN00023365,-34.2318,138.6952,188
2009-03,ASN00023369,-34.4557,138.9222,194
2009-03,ASN00023370,-34.3143,138.7293,166
2009-03,ASN00023372,-34.4534,139.0638,134
2009-03,ASN00023373,-34.4761,139.0056,174
2009-03,ASN00023374,-34.2523,139.0183,120
2009-03,ASN00023704,-35.0077,138.6498,439
2009-03,ASN00023705,-34.8148,138.9474,204
2009-03,ASN00023707,-35.0102,138.7602,506
2009-03,ASN00023709,-35.0611,138.6585,398
2009-03,ASN00023710,-35.1087,138.6256,261
2009-03,ASN00023714,-35.3736,138.806,190
2009-03,ASN00023718,-35.4987,138.7638,36
2009-03,ASN00023719,-34.8237,138.8859,226
2009-03,ASN00023720,-35.0303,138.8148,288
2009-03,ASN00023721,-35.0608,138.5647,214
2009-03,ASN00023722,-34.9303,139.014,138
2009-03,ASN00023318,-34.5169,138.9598,156
2009-03,ASN00025558,-35.4696,139.9461,84
2009-03,ASN00023804,-35.5544,138.5997,210
2009-03,ASN00025561,-36.3994,140.8424,258
2009-03,ASN00031186,-17.6803,145.6603,1760
2009-03,ASN00031187,-17.4694,145.7311,3530
2009-03,ASN00031188,-17.0039,145.4281,560
2009-03,ASN00031189,-16.6583,145.5672,760
2009-03,ASN00031191,-18.1494,145.4803,0
2009-03,ASN00031196,-17.7047,145.1461,440
2009-03,ASN00031197,-18.0394,144.8856,120
2009-03,ASN00031198,-17.3769,145.3803,520
2009-03,ASN00031200,-17.5908,145.5294,960
2009-03,ASN00031185,-17.5175,145.6089,1320
2009-03,ASN00031205,-16.9794,145.6747,1550
2009-03,ASN00031210,-17.0672,145.4283,1484
2009-03,ASN00031213,-14.9672,145.3106,1682
2009-03,ASN00032001,-18.8828,146.17,2110
2009-03,ASN00032002,-18.5742,146.2225,865
2009-03,ASN00032004,-18.2553,146.0197,1015
2009-03,ASN00032009,-17.835,146.0986,1521
2009-03,ASN00032019,-17.7214,145.9222,2944
2009-03,ASN00032020,-17.5556,145.9556,4110
2009-03,ASN00032023,-18.5819,146.2839,650
2009-03,ASN00031209,-15.4461,145.1861,996
2009-03,ASN00032032,-18.5872,146.2508,834
2009-03,ASN00031184,-17.4442,145.5094,1050
2009-03,ASN00031182,-17.5875,145.5997,1970
2009-03,ASN00031037,-16.3842,145.5592,905
2009-03,ASN00031040,-17.0692,145.7742,1570
2009-03,ASN00031044,-16.4569,145.3775,316
2009-03,ASN00031046,-17.677,145.115,792
2009-03,ASN00031051,-17.3442,144.9306,550
2009-03,ASN00031062,-16.3906,145.3511,1070
2009-03,ASN00031069,-17.6697,145.2414,838
2009-03,ASN00031075,-17.1694,145.5481,1216
2009-03,ASN00031104,-17.1644,145.8783,3250
2009-03,ASN00031183,-17.3594,145.5922,1950
2009-03,ASN00031108,-17.1347,145.4281,924
2009-03,ASN00031125,-17.3439,145.5028,1083
2009-03,ASN00031131,-17.3394,144.6797,416
2009-03,ASN00031140,-17.27,145.8997,3070
2009-03,ASN00031141,-17.2639,145.8536,2700
2009-03,ASN00031147,-14.6683,145.4467,2213
2009-03,ASN00031158,-18.2531,145.1269,245
2009-03,ASN00031168,-17.5875,145.6,1898
2009-03,ASN00031180,-16.5319,145.1325,470
2009-03,ASN00031181,-17.545,145.7156,3420
2009-03,ASN00031119,-17.6758,145.2783,400
2009-03,ASN00032033,-17.4608,145.8822,4283
2009-03,ASN00032037,-17.6053,145.9972,1702
2009-03,ASN00032040,-19.2483,146.7661,188
2009-03,ASN00032173,-18.6797,145.9961,1260
2009-03,ASN00032174,-18.4889,145.9364,920
2009-03,ASN00032176,-18.1439,145.61,460
2009-03,ASN00032183,-18.7497,146.115,1910
2009-03,ASN00032184,-18.4506,145.8294,790
2009-03,ASN00032185,-18.5789,146.2803,550
2009-03,ASN00032186,-18.8478,145.9067,590
2009-03,ASN00033001,-19.5775,147.4075,146
2009-03,ASN00033002,-19.6169,147.3758,792
2009-03,ASN00032172,-18.4606,145.7383,760
2009-03,ASN00033008,-22.8461,150.6475,200
2009-03,ASN00033032,-19.6667,147.4147,174
2009-03,ASN00033038,-21.6256,149.2367,772
2009-03,ASN00033041,-20.5392,148.6572,948
2009-03,ASN00033045,-21.1706,149.1794,1868
2009-03,ASN00033051,-19.8789,146.6319,249
2009-03,ASN00033053,-21.0011,148.9364,1650
2009-03,ASN00033059,-21.4267,149.2164,1244
2009-03,ASN00033060,-21.1422,149.0381,2085
2009-03,ASN00025560,-36.3098,140.74,244
2009-03,ASN00033013,-20.5534,147.8464,452
2009-03,ASN00032171,-18.6347,146.1444,1090
2009-03,ASN00032170,-18.4125,145.7722,790
2009-03,ASN00032169,-18.1919,145.3325,250
2009-03,ASN00032042,-17.9364,145.9253,4012
2009-03,ASN00032043,-18.7218,145.9237,1818
2009-03,ASN00032045,-18.6508,146.2047,362
2009-03,ASN00032050,-19.2033,146.6131,558
2009-03,ASN00032064,-19.0074,146.2057,315
2009-03,ASN00032078,-18.6494,146.1769,1380
2009-03,ASN00032094,-18.6156,146.1811,850
2009-03,ASN00032098,-19.0506,146.4058,890
2009-03,ASN00032101,-18.9558,146.2886,1848
2009-03,ASN00032109,-18.1069,145.8053,1380
2009-03,ASN00032117,-18.6867,146.2969,782
2009-03,ASN00032152,-17.5475,145.9292,160
2009-03,ASN00032155,-17.6094,145.9786,4080
2009-03,ASN00032160,-17.6089,145.9792,4420
2009-03,ASN00032161,-17.5967,145.9014,4120
2009-03,ASN00032162,-17.615,145.8011,3230
2009-03,ASN00032163,-17.5236,146.0325,3630
2009-03,ASN00032164,-17.6808,145.8878,3170
2009-03,ASN00032165,-17.5308,145.8464,4470
2009-03,ASN00032166,-17.5456,145.9325,3890
2009-03,ASN00032167,-17.9919,145.9425,3270
2009-03,ASN00031036,-16.8178,145.6383,1740
2009-03,ASN00031032,-17.4311,145.2028,514
2009-03,ASN00032031,-18.5406,146.3356,402
2009-03,ASN00031012,-16.0969,145.4575,2878
2009-03,ASN00026109,-37.3818,139.9454,400
2009-03,ASN00026110,-36.7746,140.0222,210
2009-03,ASN00027000,-13.3539,141.7208,280
2009-03,ASN00027015,-12.4536,142.6389,1760
2009-03,ASN00027038,-16.4231,143.1456,328
2009-03,ASN00027042,-12.6267,141.8836,1960
2009-03,ASN00027044,-13.0658,142.4511,2104
2009-03,ASN00027045,-12.6778,141.9208,2192
2009-03,ASN00027054,-10.0511,143.0686,2616
2009-03,ASN00026107,-36.437,140.3356,260
2009-03,ASN00027058,-10.5844,142.29,3032
2009-03,ASN00027063,-13.4381,142.9417,1292
2009-03,ASN00027064,-13.1325,142.7872,1572
2009-03,ASN00027072,-12.0933,142.5589,1806
2009-03,ASN00027073,-13.7606,143.1183,534
2009-03,ASN00027075,-12.6167,142.0869,2492
2009-03,ASN00028000,-15.5581,144.4453,1713
2009-03,ASN00028004,-16.0008,144.0758,1610
2009-03,ASN00028008,-12.785,143.3047,3336
2009-03,ASN00028013,-16.2217,144.7081,750
2009-03,ASN00027061,-14.5181,142.0389,1434
2009-03,ASN00026105,-37.1776,139.8054,346
2009-03,ASN00026104,-36.8465,140.5592,412
2009-03,ASN00026103,-37.134,140.7273,472
2009-03,ASN00031024,-17.535,145.4822,912
2009-03,ASN00026000,-37.4861,140.0115,440
2009-03,ASN00026007,-36.7124,140.9552,250
2009-03,ASN00026012,-36.8309,139.8526,36
2009-03,ASN00026016,-36.9731,140.3664,224
2009-03,ASN00026017,-36.501,140.3835,228
2009-03,ASN00026018,-37.5872,140.3426,258
2009-03,ASN00026020,-37.8333,140.7833,478
2009-03,ASN00026021,-37.7473,140.7739,498
2009-03,ASN00026025,-37.3803,140.8379,194
2009-03,ASN00026026,-37.1628,139.756,372
2009-03,ASN00026058,-36.6064,140.7118,390
2009-03,ASN00026062,-36.9229,140.5809,347
2009-03,ASN00026067,-37.9594,140.7703,552
2009-03,ASN00026086,-37.3797,140.3294,426
2009-03,ASN00026091,-37.2906,140.8254,226
2009-03,ASN00026095,-36.9655,139.7164,246
2009-03,ASN00026098,-37.5422,140.8137,198
2009-03,ASN00026099,-36.9813,140.727,396
2009-03,ASN00026100,-36.6539,140.5212,442
2009-03,ASN00026101,-37.4003,140.3351,342
2009-03,ASN00028023,-14.9258,144.1994,792
2009-03,ASN00028031,-14.7317,143.5864,595
2009-03,ASN00025562,-35.3778,140.5378,60
2009-03,ASN00029000,-18.2952,139.2828,78
2009-03,ASN00029152,-18.7036,138.4839,88
2009-03,ASN00029154,-18.4306,141.2686,0
2009-03,ASN00029166,-18.9703,138.8033,0
2009-03,ASN00029167,-18.7569,138.7056,0
2009-03,ASN00030019,-19.2647,143.6741,424
2009-03,ASN00030022,-20.8192,144.2333,252
2009-03,ASN00030048,-18.6242,144.5739,198
2009-03,ASN00030072,-20.0969,144.9875,206
2009-03,ASN00030082,-19.7037,144.3775,480
2009-03,ASN00030088,-19.3769,144.1156,403
2009-03,ASN00030103,-18.2225,143.9697,504
2009-03,ASN00030115,-19.055,144.9594,360
2009-03,ASN00030124,-18.3039,143.5306,252
2009-03,ASN00030127,-20.9942,144.6433,390
2009-03,ASN00030137,-19.6347,145.7886,496
2009-03,ASN00030149,-21.0442,144.0992,100
2009-03,ASN00030158,-18.4564,143.2986,282
2009-03,ASN00030161,-20.7017,143.1167,172
2009-03,ASN00031004,-17.3436,145.9217,3844
2009-03,ASN00031010,-16.9333,145.7833,1497
2009-03,ASN00028035,-14.7117,143.7303,1440
2009-03,ASN00029150,-20.8422,141.4292,0
2009-03,ASN00029141,-20.6664,140.505,6
2009-03,ASN00031011,-16.8736,145.7458,1520
2009-03,ASN00029136,-21.3661,140.4986,0
2009-03,ASN00029004,-17.7425,139.5475,10
2009-03,ASN00029008,-20.7089,140.5192,0
2009-03,ASN00029012,-18.2044,142.2447,360
2009-03,ASN00029013,-18.7139,140.5472,0
2009-03,ASN00029030,-20.4247,141.4047,0
2009-03,ASN00029139,-17.1142,139.5981,148
2009-03,ASN00029038,-15.4818,141.7483,1034
2009-03,ASN00029047,-19.6242,138.6386,15
2009-03,ASN00029058,-20.6672,141.7214,0
2009-03,ASN00029061,-18.9511,138.0531,40
2009-03,ASN00029037,-17.3297,141.8797,80
2009-03,ASN00029065,-18.7881,139.7119,0
2009-03,ASN00029069,-17.3383,138.2508,50
2009-03,ASN00029077,-17.7483,139.5356,0
2009-03,ASN00029092,-19.8392,140.9336,0
2009-03,ASN00029121,-20.5958,139.6939,0
2009-03,ASN00029126,-20.7361,139.4817,4
2009-03,ASN00029127,-20.6778,139.4875,2
2009-03,ASN00029131,-20.02,139.8433,152
2009-03,ASN00029132,-20.6556,142.1006,0
2009-03,ASN00029063,-17.6872,141.0733,280
2009-04,ASN00061329,-32.8323,151.3085,1242
2009-04,ASN00061327,-32.8248,151.2613,1600
2009-04,ASN00061324,-32.2451,150.513,430
2009-04,ASN00061288,-32.3322,151.4595,2188
2009-04,ASN00061306,-31.8988,150.658,466
2009-04,ASN00061295,-32.8108,151.3396,1407
2009-04,ASN00061294,-33.4666,151.4126,1308
2009-04,ASN00061309,-32.6881,150.9728,1483
2009-04,ASN00061334,-33.0488,150.2325,622
2009-04,ASN00061374,-32.2199,150.9193,660
2009-04,ASN00061339,-32.5584,151.8043,2386
2009-04,ASN00061346,-31.8626,151.4398,1430
2009-04,ASN00061349,-32.5667,151.6083,2115
2009-04,ASN00061350,-32.1714,151.5942,2834
2009-04,ASN00061360,-32.05,150.8528,145
2009-04,ASN00061363,-32.0335,150.8264,564
2009-04,ASN00061366,-33.2815,151.5766,814
2009-04,ASN00061372,-31.8017,150.925,664
2009-04,ASN00061373,-31.9583,150.8567,86
2009-04,ASN00061106,-32.3564,151.8059,2158
2009-04,ASN00061336,-33.1556,150.6847,1120
2009-04,ASN00061287,-32.1852,150.1737,130
2009-04,ASN00061196,-31.7069,151.2131,390
2009-04,ASN00061250,-32.6296,151.5919,2039
2009-04,ASN00061375,-33.2894,151.2107,1240
2009-04,ASN00061110,-32.8736,150.7936,350
2009-04,ASN00061119,-33.385,150.9856,940
2009-04,ASN00061130,-32.5113,150.7968,926
2009-04,ASN00061135,-32.1018,151.2333,1635
2009-04,ASN00061143,-32.654,151.021,992
2009-04,ASN00061151,-32.2426,151.683,2482
2009-04,ASN00061152,-32.9995,151.2908,1320
2009-04,ASN00061162,-32.8446,150.8398,1012
2009-04,ASN00061260,-32.7886,151.3377,1424
2009-04,ASN00061170,-32.2809,151.7948,1882
2009-04,ASN00061192,-32.2092,150.7365,594
2009-04,ASN00061201,-33.0259,151.1882,556
2009-04,ASN00061205,-33.0297,151.1401,790
2009-04,ASN00061209,-32.9597,150.675,1128
2009-04,ASN00061211,-33.3588,150.7058,1539
2009-04,ASN00061216,-33.4176,151.159,1322
2009-04,ASN00061217,-33.2904,150.9708,454
2009-04,ASN00061220,-33.2381,151.3003,1135
2009-04,ASN00061226,-32.936,151.1393,782
2009-04,ASN00061191,-32.6126,150.9761,1055
2009-04,ASN00061376,-33.0759,151.5382,928
2009-04,ASN00063013,-33.5366,150.4413,2592
2009-04,ASN00061381,-33.4036,151.3928,1210
2009-04,ASN00063039,-33.7122,150.3087,2400
2009-04,ASN00063043,-33.5343,150.6338,1962
2009-04,ASN00063049,-33.6094,150.0856,1020
2009-04,ASN00063061,-33.8222,149.3244,608
2009-04,ASN00063063,-33.6774,149.8374,841
2009-04,ASN00063073,-33.6896,149.5633,544
2009-04,ASN00063076,-33.0807,149.6901,472
2009-04,ASN00063081,-33.6956,150.5408,1730
2009-04,ASN00063093,-34.3093,149.9677,966
2009-04,ASN00063036,-33.8199,150.0227,1072
2009-04,ASN00063113,-33.5497,148.91,480
2009-04,ASN00063117,-33.6739,149.0471,827
2009-04,ASN00063118,-33.5156,150.4892,2634
2009-04,ASN00063119,-34.2347,149.265,1064
2009-04,ASN00063132,-33.3808,150.0818,618
2009-04,ASN00063142,-33.577,149.8591,754
2009-04,ASN00063146,-33.5544,150.0526,1180
2009-04,ASN00063214,-33.3561,149.4058,344
2009-04,ASN00063229,-33.6773,148.6115,734
2009-04,ASN00061100,-32.7667,151.0872,1058
2009-04,ASN00063114,-33.3439,149.1617,580
2009-04,ASN00063035,-33.0362,149.4146,602
2009-04,ASN00063029,-33.744,149.1046,764
2009-04,ASN00063028,-33.6929,150.5291,1885
2009-04,ASN00061382,-33.1681,151.2181,1330
2009-04,ASN00061383,-33.2528,151.3164,840
2009-04,ASN00061385,-33.0789,151.3403,1330
2009-04,ASN00061387,-33.245,151.5119,938
2009-04,ASN00061392,-31.7416,150.7937,584
2009-04,ASN00061394,-33.2177,151.1251,1184
2009-04,ASN00061405,-32.6753,151.6219,1892
2009-04,ASN00061406,-33.0831,151.6511,1000
2009-04,ASN00062003,-32.6657,149.1016,458
2009-04,ASN00062009,-31.9963,149.9856,300
2009-04,ASN00062013,-32.3634,149.5329,381
2009-04,ASN00062021,-32.5956,149.5956,378
2009-04,ASN00062032,-32.3592,149.9484,362
2009-04,ASN00062075,-32.4753,149.5151,288
2009-04,ASN00062089,-32.8936,149.3808,618
2009-04,ASN00062093,-32.7236,149.7702,508
2009-04,ASN00062099,-32.8366,148.9963,239
2009-04,ASN00062100,-32.7244,150.229,734
2009-04,ASN00062101,-32.5628,149.6149,508
2009-04,ASN00062102,-32.5204,150.0817,277
2009-04,ASN00063005,-33.4289,149.5559,522
2009-04,ASN00061377,-33.0933,151.6317,958
2009-04,ASN00061097,-31.9201,151.2355,610
2009-04,ASN00058079,-29.7619,153.1047,2070
2009-04,ASN00061095,-32.1939,151.0932,1073
2009-04,ASN00058208,-28.8775,153.052,1534
2009-04,ASN00058212,-29.183,153.3964,3282
2009-04,ASN00058214,-28.8343,153.2616,2238
2009-04,ASN00058216,-28.6399,153.6358,1128
2009-04,ASN00058220,-28.705,152.8414,1990
2009-04,ASN00058222,-29.7847,153.2639,3560
2009-04,ASN00059002,-30.65,152.8486,3410
2009-04,ASN00059006,-30.1619,153.0982,4512
2009-04,ASN00059007,-31.0711,152.7717,2400
2009-04,ASN00058206,-28.7231,153.3614,2410
2009-04,ASN00059009,-30.2358,153.0163,4680
2009-04,ASN00059030,-30.9225,153.087,3400
2009-04,ASN00059040,-30.3107,153.1187,5318
2009-04,ASN00059047,-31.1802,152.9681,3390
2009-04,ASN00059070,-30.4508,152.6231,670
2009-04,ASN00059107,-30.566,152.6528,3636
2009-04,ASN00059110,-30.6688,152.7638,3910
2009-04,ASN00059113,-30.3098,152.7636,3944
2009-04,ASN00059118,-30.2493,152.463,1444
2009-04,ASN00059122,-30.8217,152.5067,2370
2009-04,ASN00059019,-30.3641,152.4061,1874
2009-04,ASN00059124,-29.9806,152.7222,1355
2009-04,ASN00058204,-28.3217,153.3467,2640
2009-04,ASN00058201,-28.7967,153.2386,2300
2009-04,ASN00058080,-29.87,153.2653,2676
2009-04,ASN00058097,-29.1514,153.2792,2469
2009-04,ASN00058099,-29.2822,152.9888,1382
2009-04,ASN00058102,-29.737,152.7852,1512
2009-04,ASN00058113,-28.4738,153.0861,1656
2009-04,ASN00058127,-28.7319,153.4065,2165
2009-04,ASN00058147,-28.6696,153.2789,2110
2009-04,ASN00058148,-28.5276,153.1519,2348
2009-04,ASN00058158,-28.3395,153.3809,2604
2009-04,ASN00058202,-28.7406,153.075,1960
2009-04,ASN00058161,-29.7583,153.0297,1460
2009-04,ASN00058165,-28.6229,153.409,3530
2009-04,ASN00058167,-28.4147,153.3339,2250
2009-04,ASN00058171,-28.9263,153.4178,3006
2009-04,ASN00058180,-28.6069,153.2083,1750
2009-04,ASN00058186,-28.3283,153.4,2420
2009-04,ASN00058193,-28.3538,153.293,2225
2009-04,ASN00058194,-28.3811,152.7174,756
2009-04,ASN00058198,-28.8353,153.5585,2686
2009-04,ASN00058199,-28.7364,153.1634,1448
2009-04,ASN00058162,-28.7278,153.4622,3300
2009-04,ASN00059128,-30.9783,152.5106,130
2009-04,ASN00059138,-30.6639,152.6528,3650
2009-04,ASN00059139,-30.1014,153.0009,4434
2009-04,ASN00060137,-31.7683,151.8889,1750
2009-04,ASN00060139,-31.4336,152.8655,4314
2009-04,ASN00060141,-31.8896,152.512,1659
2009-04,ASN00060144,-32.3796,152.5062,1548
2009-04,ASN00060146,-31.9572,152.585,1644
2009-04,ASN00060147,-31.7361,152.3989,1606
2009-04,ASN00060148,-32.1625,152.2614,1740
2009-04,ASN00061007,-32.0332,150.5836,350
2009-04,ASN00061010,-32.5879,151.7813,3250
2009-04,ASN00060130,-31.2936,152.3121,2385
2009-04,ASN00061012,-33.0853,151.4633,1120
2009-04,ASN00061017,-32.4022,151.7582,2088
2009-04,ASN00061031,-32.7756,151.735,1672
2009-04,ASN00061041,-33.0955,151.5506,814
2009-04,ASN00061054,-32.7103,152.1612,2322
2009-04,ASN00061055,-32.9185,151.7985,1646
2009-04,ASN00061071,-32.4027,151.9664,1980
2009-04,ASN00061078,-32.7932,151.8359,1962
2009-04,ASN00061092,-32.5932,151.3335,1352
2009-04,ASN00061093,-33.3653,151.3264,1420
2009-04,ASN00061014,-32.6385,151.4173,1588
2009-04,ASN00060128,-31.5833,151.3167,644
2009-04,ASN00060122,-31.8922,152.2739,1990
2009-04,ASN00060121,-31.5667,152.2401,3016
2009-04,ASN00059140,-30.3442,152.7187,3974
2009-04,ASN00060002,-32.4129,152.2079,1592
2009-04,ASN00060015,-32.0063,151.9597,940
2009-04,ASN00060017,-31.7004,152.5833,2510
2009-04,ASN00060024,-31.7816,152.6684,1802
2009-04,ASN00060031,-31.3364,152.7852,2540
2009-04,ASN00060036,-31.862,152.3444,1800
2009-04,ASN00060042,-32.1532,151.9511,1880
2009-04,ASN00060046,-31.6877,152.2688,2744
2009-04,ASN00060065,-32.2942,152.3047,1990
2009-04,ASN00060075,-31.95,151.7923,2266
2009-04,ASN00060085,-31.3865,152.2482,5678
2009-04,ASN00060090,-31.3422,152.341,2146
2009-04,ASN00060095,-32.375,152.3808,1700
2009-04,ASN00060096,-32.2583,152.1208,1310
2009-04,ASN00060099,-32.4436,152.1561,2570
2009-04,ASN00060104,-31.4138,151.598,774
2009-04,ASN00060106,-31.6647,152.0637,1874
2009-04,ASN00060112,-32.0525,151.9147,1780
2009-04,ASN00060116,-31.4367,152.4633,2392
2009-04,ASN00060117,-31.8833,152.15,2020
2009-04,ASN00061096,-32.5997,151.618,2361
2009-04,ASN00063246,-33.5105,150.3711,2948
2009-04,ASN00070247,-35.2776,149.1095,176
2009-04,ASN00063271,-34.0417,149.3611,846
2009-04,ASN00069010,-35.4489,149.799,440
2009-04,ASN00069013,-36.7677,149.6951,262
2009-04,ASN00069014,-36.3881,149.8882,652
2009-04,ASN00069015,-37.0557,149.9053,776
2009-04,ASN00069017,-36.2519,150.2275,298
2009-04,ASN00069018,-35.9093,150.1532,722
2009-04,ASN00069019,-36.8402,149.5257,1213
2009-04,ASN00069022,-36.2144,150.1358,610
2009-04,ASN00069023,-35.6488,150.1454,718
2009-04,ASN00069006,-35.7011,149.7896,590
2009-04,ASN00069029,-37.3623,149.6984,730
2009-04,ASN00069035,-35.7564,149.815,450
2009-04,ASN00069036,-36.0876,150.0508,614
2009-04,ASN00069041,-35.2514,149.9158,454
2009-04,ASN00069042,-35.7661,149.9416,854
2009-04,ASN00069048,-35.7581,149.8252,222
2009-04,ASN00069049,-35.1165,150.0847,639
2009-04,ASN00069050,-36.2967,149.843,737
2009-04,ASN00069052,-35.7343,150.0508,710
2009-04,ASN00069054,-36.2967,149.51,1186
2009-04,ASN00069033,-35.9017,149.9611,520
2009-04,ASN00069003,-36.6278,149.5705,650
2009-04,ASN00069002,-36.6884,149.838,868
2009-04,ASN00068255,-34.4875,150.4014,700
2009-04,ASN00068160,-34.0542,150.8772,1090
2009-04,ASN00068181,-34.7275,150.5208,1120
2009-04,ASN00068192,-34.0391,150.689,1270
2009-04,ASN00068200,-34.2075,150.7095,766
2009-04,ASN00068202,-34.6033,150.5487,1486
2009-04,ASN00068213,-34.8667,150.605,1030
2009-04,ASN00068215,-34.4167,150.1967,540
2009-04,ASN00068216,-34.1194,150.7402,850
2009-04,ASN00068217,-34.6866,150.5253,1186
2009-04,ASN00068224,-34.5858,150.6264,1920
2009-04,ASN00068228,-34.3691,150.9291,1622
2009-04,ASN00068229,-35.2439,150.5098,752
2009-04,ASN00068233,-34.8517,150.3883,850
2009-04,ASN00068239,-34.5253,150.4217,702
2009-04,ASN00068241,-34.5638,150.79,1336
2009-04,ASN00068243,-34.5776,150.5118,1444
2009-04,ASN00068245,-34.9528,150.7019,1218
2009-04,ASN00068246,-34.5707,150.8383,1392
2009-04,ASN00068247,-34.7679,150.562,1324
2009-04,ASN00068248,-34.6625,150.4333,1440
2009-04,ASN00068249,-34.9636,150.0967,700
2009-04,ASN00069062,-35.9446,149.5876,665
2009-04,ASN00068151,-35.0936,150.8049,924
2009-04,ASN00069065,-36.5676,149.7511,843
2009-04,ASN00069068,-36.6036,149.9984,806
2009-04,ASN00070071,-34.6514,149.5024,680
2009-04,ASN00070077,-34.9031,149.67,598
2009-04,ASN00070080,-34.4048,149.8197,1024
2009-04,ASN00070084,-36.9325,148.9393,590
2009-04,ASN00070106,-36.8439,149.3897,720
2009-04,ASN00070112,-34.7226,149.1816,674
2009-04,ASN00070117,-34.7169,149.1207,684
2009-04,ASN00070124,-34.3024,149.8767,1426
2009-04,ASN00070131,-34.545,149.6245,882
2009-04,ASN00070061,-35.5646,149.7406,824
2009-04,ASN00070143,-34.6389,149.9541,575
2009-04,ASN00070147,-34.5604,149.7381,950
2009-04,ASN00070165,-36.3541,149.198,694
2009-04,ASN00070214,-35.6311,149.5,996
2009-04,ASN00070217,-36.2939,148.9725,620
2009-04,ASN00070231,-35.3266,149.0492,156
2009-04,ASN00070237,-36.5902,149.3824,784
2009-04,ASN00070242,-35.2572,149.0742,866
2009-04,ASN00070246,-35.3098,149.1269,827
2009-04,ASN00058077,-29.6224,152.9605,1046
2009-04,ASN00070144,-34.4084,149.8836,1103
2009-04,ASN00070060,-35.1559,149.7725,516
2009-04,ASN00070054,-36.2009,149.0602,654
2009-04,ASN00070045,-35.1548,149.057,820
2009-04,ASN00069088,-36.1935,149.4735,1035
2009-04,ASN00069114,-36.5404,149.8229,874
2009-04,ASN00069121,-35.4411,150.2857,1580
2009-04,ASN00069127,-35.6864,149.8386,808
2009-04,ASN00069132,-35.4253,149.7835,344
2009-04,ASN00069133,-36.6631,149.5139,716
2009-04,ASN00069134,-35.7234,150.1872,733
2009-04,ASN00069137,-37.2622,150.0504,836
2009-04,ASN00069138,-35.3635,150.4827,960
2009-04,ASN00069139,-36.6722,149.8191,768
2009-04,ASN00069140,-36.4948,149.7434,716
2009-04,ASN00069142,-35.924,150.0362,726
2009-04,ASN00069145,-35.9775,149.8611,1200
2009-04,ASN00069147,-36.9077,149.8989,728
2009-04,ASN00069148,-35.9004,150.1437,418
2009-04,ASN00069150,-35.3785,150.0032,1198
2009-04,ASN00070005,-36.9113,149.2379,622
2009-04,ASN00070016,-35.5889,149.4478,718
2009-04,ASN00070025,-34.4578,149.4693,138
2009-04,ASN00070032,-35.2274,148.9139,872
2009-04,ASN00070043,-34.7823,149.2681,508
2009-04,ASN00069066,-36.9296,149.646,619
2009-04,ASN00063254,-33.3211,149.0828,622
2009-04,ASN00068125,-34.0904,150.5052,1434
2009-04,ASN00068088,-35.0938,150.6228,832
2009-04,ASN00065013,-33.4278,148.3721,78
2009-04,ASN00065019,-33.6146,148.435,450
2009-04,ASN00065020,-33.183,148.6941,400
2009-04,ASN00065022,-33.1628,148.5879,340
2009-04,ASN00065023,-33.0866,148.8598,304
2009-04,ASN00065030,-32.5192,148.5187,354
2009-04,ASN00065034,-32.5635,148.9503,492
2009-04,ASN00065041,-33.0956,148.8692,290
2009-04,ASN00065051,-32.9283,148.7547,278
2009-04,ASN00065010,-33.2869,148.7396,326
2009-04,ASN00065068,-33.1281,148.2428,364
2009-04,ASN00065084,-33.3711,148.5917,502
2009-04,ASN00065096,-33.2682,148.3945,388
2009-04,ASN00065098,-32.6833,148.9167,238
2009-04,ASN00065099,-32.3778,148.8741,776
2009-04,ASN00065103,-33.3627,147.9205,522
2009-04,ASN00065106,-32.0358,148.6552,736
2009-04,ASN00065111,-33.8449,148.6497,694
2009-04,ASN00065112,-33.4818,148.2608,508
2009-04,ASN00066011,-33.8,151.2,1450
2009-04,ASN00065070,-32.2206,148.5753,572
2009-04,ASN00065000,-32.4975,148.7488,474
2009-04,ASN00064054,-31.7914,149.6705,204
2009-04,ASN00064050,-31.646,149.6209,376
2009-04,ASN00063283,-33.7,150.0278,1110
2009-04,ASN00063287,-33.4111,149.5861,540
2009-04,ASN00063290,-33.4983,150.5215,2174
2009-04,ASN00063291,-33.412,149.654,508
2009-04,ASN00063292,-33.6185,150.2741,1572
2009-04,ASN00063293,-33.74,149.8822,430
2009-04,ASN00063295,-33.6297,150.2803,2360
2009-04,ASN00063297,-33.5728,149.9128,570
2009-04,ASN00063298,-33.6144,149.6981,420
2009-04,ASN00063302,-33.8275,149.6033,240
2009-04,ASN00063303,-33.3813,149.127,506
2009-04,ASN00063304,-33.7181,149.5106,60
2009-04,ASN00064008,-31.2712,149.2714,498
2009-04,ASN00064009,-32.0159,149.3964,294
2009-04,ASN00064010,-32.1141,149.0365,594
2009-04,ASN00064015,-31.8227,149.1217,444
2009-04,ASN00064017,-31.3304,149.2699,414
2009-04,ASN00064024,-31.5622,148.9547,550
2009-04,ASN00064025,-31.8231,149.72,164
2009-04,ASN00064027,-31.3125,149.2048,116
2009-04,ASN00064029,-32.0156,149.3925,204
2009-04,ASN00066013,-33.8523,151.0985,1104
2009-04,ASN00068110,-34.4829,150.8555,2284
2009-04,ASN00066034,-33.8507,151.1295,1252
2009-04,ASN00066037,-33.9465,151.1731,1832
2009-04,ASN00067033,-33.6022,150.7794,444
2009-04,ASN00067094,-33.4383,150.8917,1032
2009-04,ASN00067104,-33.6617,150.9,1220
2009-04,ASN00067105,-33.6004,150.7761,1020
2009-04,ASN00067108,-33.8969,150.7281,840
2009-04,ASN00067109,-33.7678,150.9814,1365
2009-04,ASN00067110,-33.7858,150.9236,1075
2009-04,ASN00067111,-33.7931,151.0167,1295
2009-04,ASN00067112,-33.7672,151.0186,765
2009-04,ASN00067027,-33.8902,150.5934,242
2009-04,ASN00067113,-33.7195,150.6783,898
2009-04,ASN00067119,-33.8511,150.8567,1228
2009-04,ASN00068000,-34.5712,150.7761,1244
2009-04,ASN00068007,-34.0254,150.6455,1223
2009-04,ASN00068024,-34.2272,150.9111,2640
2009-04,ASN00068035,-34.6642,150.7586,1532
2009-04,ASN00068044,-34.4474,150.4568,812
2009-04,ASN00068072,-34.9469,150.5353,940
2009-04,ASN00068080,-34.9158,150.7312,1280
2009-04,ASN00068083,-34.9282,150.7484,1220
2009-04,ASN00067114,-33.8667,150.8611,1050
2009-04,ASN00067026,-33.7704,150.9318,1248
2009-04,ASN00067023,-33.4972,151.0931,1238
2009-04,ASN00067021,-33.6165,150.7477,1080
2009-04,ASN00066048,-33.8483,151.1105,1160
2009-04,ASN00066052,-33.9096,151.2419,1822
2009-04,ASN00066058,-33.9942,151.1292,1720
2009-04,ASN00066059,-33.6908,151.2253,1514
2009-04,ASN00066073,-33.9105,151.2276,1556
2009-04,ASN00066078,-34.0517,150.98,1411
2009-04,ASN00066080,-33.7809,151.2044,1615
2009-04,ASN00066098,-33.8809,151.2658,1618
2009-04,ASN00066124,-33.7917,151.0181,1332
2009-04,ASN00066128,-33.5965,151.3221,1110
2009-04,ASN00066137,-33.9181,150.9864,1558
2009-04,ASN00066142,-33.6761,151.1818,1394
2009-04,ASN00066148,-33.97,151.0638,1450
2009-04,ASN00066156,-33.7791,151.1121,1656
2009-04,ASN00066176,-34.0658,151.0567,1890
2009-04,ASN00066188,-33.7402,151.2173,1568
2009-04,ASN00066194,-33.9057,151.1134,1558
2009-04,ASN00066204,-34.0009,151.0738,1532
2009-04,ASN00067002,-33.6667,150.6696,474
2009-04,ASN00067017,-33.8136,150.9392,974
2009-04,ASN00067019,-33.8193,150.9127,1118
2009-04,ASN00066036,-33.9186,151.1402,500
2009-04,ASN00058070,-28.6384,153.4128,3194
2009-04,ASN00047107,-34.3206,142.3645,148
2009-04,ASN00058059,-29.6309,153.0286,1674
2009-04,ASN00043080,-27.2275,148.7411,348
2009-04,ASN00043091,-26.5442,148.7778,262
2009-04,ASN00043093,-26.6064,148.5372,462
2009-04,ASN00043095,-27.3867,149.3878,118
2009-04,ASN00043099,-26.82,148.0244,704
2009-04,ASN00043101,-27.3117,148.8267,280
2009-04,ASN00043102,-26.49,147.9792,460
2009-04,ASN00043105,-26.4083,148.7833,0
2009-04,ASN00043106,-26.5089,148.1314,540
2009-04,ASN00043065,-27.7683,148.7147,290
2009-04,ASN00043108,-25.96,148.3867,256
2009-04,ASN00043112,-26.7997,148.5989,540
2009-04,ASN00044010,-28.0336,147.4803,515
2009-04,ASN00044021,-26.4139,146.2558,504
2009-04,ASN00044026,-28.0706,145.6808,365
2009-04,ASN00044038,-27.02,147.1536,392
2009-04,ASN00044040,-26.1108,144.8728,940
2009-04,ASN00044041,-25.9719,146.6189,596
2009-04,ASN00044044,-26.3453,147.1258,450
2009-04,ASN00044045,-27.4133,147.4314,354
2009-04,ASN00043109,-28.0489,148.5942,226
2009-04,ASN00044047,-26.44,147.6942,676
2009-04,ASN00043061,-25.9847,148.5567,336
2009-04,ASN00043052,-27.0006,149.4969,162
2009-04,ASN00042016,-27.3411,150.0619,72
2009-04,ASN00042022,-27.3236,149.8828,194
2009-04,ASN00042023,-26.6581,150.1844,372
2009-04,ASN00042025,-26.5519,150.6322,170
2009-04,ASN00042034,-27.1689,150.0019,116
2009-04,ASN00042035,-26.6439,149.6278,40
2009-04,ASN00042078,-26.9186,150.4722,220
2009-04,ASN00042100,-27.7644,150.0694,240
2009-04,ASN00042104,-28.3839,149.6747,368
2009-04,ASN00043060,-26.0756,147.9044,512
2009-04,ASN00042112,-26.6569,150.1819,346
2009-04,ASN00042116,-28.23,149.5617,334
2009-04,ASN00043015,-25.8428,148.5669,498
2009-04,ASN00043020,-26.4888,147.9777,546
2009-04,ASN00043035,-27.159,149.0703,180
2009-04,ASN00043037,-26.2094,149.0894,300
2009-04,ASN00043041,-28.1436,148.7089,240
2009-04,ASN00043043,-26.6133,149.3878,30
2009-04,ASN00043045,-28.0944,148.9731,346
2009-04,ASN00043051,-26.2625,149.2389,186
2009-04,ASN00042115,-28.0697,149.9794,144
2009-04,ASN00044050,-26.4156,147.1131,920
2009-04,ASN00044054,-28.8061,147.1194,316
2009-04,ASN00044056,-26.4458,147.5453,572
2009-04,ASN00046043,-31.5631,143.3747,88
2009-04,ASN00046052,-29.4089,143.3808,58
2009-04,ASN00046124,-29.8718,142.434,10
2009-04,ASN00046126,-29.4448,142.0567,78
2009-04,ASN00046128,-31.0867,141.7017,58
2009-04,ASN00046129,-30.8517,143.0742,126
2009-04,ASN00047013,-32.9669,143.1071,114
2009-04,ASN00047016,-34.0398,141.2652,186
2009-04,ASN00047019,-32.3937,142.4173,118
2009-04,ASN00046022,-31.4469,143.6548,18
2009-04,ASN00047022,-32.4757,143.9409,44
2009-04,ASN00047033,-33.4268,142.5719,212
2009-04,ASN00047040,-33.9297,142.3572,220
2009-04,ASN00047046,-33.2552,141.7984,150
2009-04,ASN00047048,-32.0012,141.4694,48
2009-04,ASN00047049,-32.0682,141.1097,126
2009-04,ASN00047053,-34.1065,141.9189,258
2009-04,ASN00047056,-32.419,141.5525,90
2009-04,ASN00047058,-32.3902,142.4164,114
2009-04,ASN00047078,-33.2714,141.5962,184
2009-04,ASN00047029,-33.3856,142.5696,274
2009-04,ASN00046015,-31.4459,142.1352,30
2009-04,ASN00046012,-31.5194,143.385,30
2009-04,ASN00046006,-29.0885,141.2033,20
2009-04,ASN00044057,-25.4992,146.5442,1093
2009-04,ASN00044070,-26.375,147.0394,773
2009-04,ASN00044075,-27.265,148.0814,490
2009-04,ASN00044111,-25.8517,146.1894,720
2009-04,ASN00044137,-27.8717,148.0344,510
2009-04,ASN00044142,-27.6844,147.6981,248
2009-04,ASN00044153,-28.1631,145.0431,400
2009-04,ASN00044154,-28.3875,148.3111,570
2009-04,ASN00044174,-27.62,145.8281,385
2009-04,ASN00044181,-28.9972,144.4094,52
2009-04,ASN00044194,-28.3544,148.8217,178
2009-04,ASN00044208,-26.1394,145.6639,130
2009-04,ASN00044211,-25.3353,147.3,690
2009-04,ASN00044223,-25.4536,147.3031,678
2009-04,ASN00045003,-26.9011,144.3386,0
2009-04,ASN00045007,-26.1133,144.1333,582
2009-04,ASN00045009,-27.4008,141.8114,0
2009-04,ASN00045015,-26.6125,144.2578,334
2009-04,ASN00045025,-27.9867,143.815,462
2009-04,ASN00045029,-28.0722,141.5317,0
2009-04,ASN00046002,-29.7656,143.1142,0
2009-04,ASN00042002,-27.2067,150.2828,214
2009-04,ASN00041551,-26.9669,151.4847,540
2009-04,ASN00041548,-28.8675,151.1611,230
2009-04,ASN00041547,-28.9236,151.9289,550
2009-04,ASN00041116,-28.9231,151.9306,340
2009-04,ASN00041120,-28.1897,152.2064,626
2009-04,ASN00041128,-28.4997,150.5928,472
2009-04,ASN00041134,-28.3128,152.4025,1572
2009-04,ASN00041145,-26.8397,151.165,428
2009-04,ASN00041162,-28.2694,150.8106,592
2009-04,ASN00041166,-27.6764,151.6022,564
2009-04,ASN00041170,-27.5433,151.6383,746
2009-04,ASN00041175,-28.6217,151.9533,350
2009-04,ASN00041112,-28.4033,150.0517,4840
2009-04,ASN00041182,-27.1667,151.5697,448
2009-04,ASN00041208,-28.3542,152.3392,744
2009-04,ASN00041229,-28.0775,152.2625,317
2009-04,ASN00041230,-28.7208,151.1825,326
2009-04,ASN00041240,-27.1858,151.1419,500
2009-04,ASN00041250,-27.7894,151.4133,306
2009-04,ASN00041276,-27.9292,152.1606,284
2009-04,ASN00041277,-26.7675,151.2075,552
2009-04,ASN00041314,-27.7578,151.4483,466
2009-04,ASN00041323,-28.0187,152.2861,762
2009-04,ASN00041191,-27.2627,151.3747,556
2009-04,ASN00041106,-27.9651,152.0752,382
2009-04,ASN00041100,-28.8544,151.1681,320
2009-04,ASN00041098,-28.2858,152.2425,414
2009-04,ASN00041016,-27.5331,151.2025,447
2009-04,ASN00041018,-27.9317,151.9058,106
2009-04,ASN00041022,-28.5,151.9722,550
2009-04,ASN00041024,-27.2067,151.8467,850
2009-04,ASN00041025,-27.5742,151.0839,222
2009-04,ASN00041034,-28.4039,151.4703,492
2009-04,ASN00041037,-27.3072,151.8506,704
2009-04,ASN00041047,-28.4147,151.0828,200
2009-04,ASN00041050,-26.7797,151.1111,149
2009-04,ASN00041052,-26.6928,151.0964,676
2009-04,ASN00041053,-27.3675,151.5897,370
2009-04,ASN00041056,-28.3344,152.2953,402
2009-04,ASN00041072,-27.4831,151.6003,1016
2009-04,ASN00041082,-27.7156,151.6333,680
2009-04,ASN00041083,-28.0694,151.7797,370
2009-04,ASN00041085,-28.3253,152.3942,1400
2009-04,ASN00041086,-26.6653,151.3969,678
2009-04,ASN00041090,-26.5392,151.1347,568
2009-04,ASN00041091,-26.8086,151.0806,586
2009-04,ASN00041095,-28.6617,151.9339,408
2009-04,ASN00041096,-27.5094,151.9547,1006
2009-04,ASN00041338,-28.8,151.8433,404
2009-04,ASN00047093,-33.7492,142.2205,416
2009-04,ASN00041339,-27.2131,151.1856,600
2009-04,ASN00041359,-27.4034,151.7413,518
2009-04,ASN00041508,-27.7267,150.6453,130
2009-04,ASN00041509,-27.6783,150.3483,210
2009-04,ASN00041510,-27.4722,151.9481,976
2009-04,ASN00041512,-27.3825,151.9244,482
2009-04,ASN00041519,-28.5767,150.845,30
2009-04,ASN00041522,-27.1605,151.2634,518
2009-04,ASN00041525,-28.2061,152.1003,114
2009-04,ASN00041528,-27.0481,151.6314,844
2009-04,ASN00041529,-27.5425,151.9134,344
2009-04,ASN00041507,-28.6656,150.445,108
2009-04,ASN00041530,-28.2006,152.2156,450
2009-04,ASN00041532,-28.3558,151.9967,260
2009-04,ASN00041533,-28.2292,152.2269,260
2009-04,ASN00041534,-28.2111,152.0275,440
2009-04,ASN00041535,-28.3731,152.14,400
2009-04,ASN00041536,-28.2883,152.1053,360
2009-04,ASN00041537,-28.3394,152.2944,290
2009-04,ASN00041540,-29.1694,151.3414,340
2009-04,ASN00041543,-28.0719,151.1861,230
2009-04,ASN00041545,-27.6539,150.9136,354
2009-04,ASN00041531,-28.1167,152.0642,690
2009-04,ASN00041506,-28.6561,150.6653,132
2009-04,ASN00041504,-27.7358,151.4117,338
2009-04,ASN00041503,-28.2167,152.05,400
2009-04,ASN00041365,-28.6514,151.6336,284
2009-04,ASN00041369,-27.5233,151.8819,444
2009-04,ASN00041370,-28.1236,150.5431,204
2009-04,ASN00041371,-28.4572,151.6817,124
2009-04,ASN00041388,-28.055,151.3297,172
2009-04,ASN00041391,-28.3611,151.1464,420
2009-04,ASN00041397,-28.1422,150.1319,88
2009-04,ASN00041404,-27.9592,151.6664,196
2009-04,ASN00041405,-27.7952,151.7387,398
2009-04,ASN00041415,-28.2367,151.5347,146
2009-04,ASN00041445,-28.2144,151.9194,334
2009-04,ASN00041456,-28.0621,152.3675,504
2009-04,ASN00041457,-28.4225,151.2131,678
2009-04,ASN00041464,-28.1553,152.33,438
2009-04,ASN00041469,-27.0289,151.0947,402
2009-04,ASN00041473,-28.1022,151.8119,338
2009-04,ASN00041486,-26.9575,150.8633,380
2009-04,ASN00041489,-28.3011,150.2936,318
2009-04,ASN00041490,-26.9,150.7833,550
2009-04,ASN00041493,-27.4967,150.4539,360
2009-04,ASN00041495,-28.4828,151.2831,650
2009-04,ASN00041344,-28.2075,151.5608,150
2009-04,ASN00058068,-29.4133,153.0153,2454
2009-04,ASN00047104,-32.804,141.5096,114
2009-04,ASN00048015,-29.9614,146.8651,226
2009-04,ASN00055309,-31.1472,151.2306,656
2009-04,ASN00055311,-31.2171,150.8185,536
2009-04,ASN00055313,-31.2717,150.9167,618
2009-04,ASN00055319,-30.6126,150.5862,562
2009-04,ASN00055322,-31.3908,151.4019,852
2009-04,ASN00055325,-31.0742,150.8362,496
2009-04,ASN00055331,-30.7299,150.5784,584
2009-04,ASN00055335,-31.5347,151.1806,526
2009-04,ASN00056001,-29.7183,151.355,383
2009-04,ASN00055303,-30.8098,150.7524,580
2009-04,ASN00056008,-29.4421,151.8483,196
2009-04,ASN00056013,-29.6953,151.6936,454
2009-04,ASN00056018,-29.7752,151.0819,502
2009-04,ASN00056023,-28.3933,152.4157,886
2009-04,ASN00056028,-30.7338,151.5105,672
2009-04,ASN00056032,-29.0479,152.0172,502
2009-04,ASN00056034,-30.6437,151.4906,372
2009-04,ASN00056037,-30.5264,151.6697,610
2009-04,ASN00056052,-29.0988,151.7416,312
2009-04,ASN00056057,-30.0867,151.3909,466
2009-04,ASN00056010,-30.9406,151.7078,882
2009-04,ASN00056077,-31.0678,151.5022,522
2009-04,ASN00055282,-31.4753,150.5439,432
2009-04,ASN00055262,-31.3505,151.3177,552
2009-04,ASN00055046,-31.5271,150.4296,30
2009-04,ASN00055049,-31.5086,150.6792,541
2009-04,ASN00055053,-31.346,149.8285,448
2009-04,ASN00055057,-31.7731,150.2856,294
2009-04,ASN00055065,-31.166,150.5441,394
2009-04,ASN00055066,-31.6218,150.8437,494
2009-04,ASN00055075,-31.1224,150.6957,378
2009-04,ASN00055105,-30.7967,150.8647,522
2009-04,ASN00055122,-30.8415,150.9097,568
2009-04,ASN00055276,-30.8828,150.4928,358
2009-04,ASN00055136,-30.9672,151.3451,503
2009-04,ASN00055164,-31.1805,151.3031,472
2009-04,ASN00055176,-31.2573,151.0842,586
2009-04,ASN00055181,-31.2547,151.1208,552
2009-04,ASN00055183,-31.2962,150.8606,548
2009-04,ASN00055190,-31.3658,150.8357,530
2009-04,ASN00055202,-30.9537,150.2494,2
2009-04,ASN00055220,-30.9585,150.1505,340
2009-04,ASN00055254,-30.7902,150.629,608
2009-04,ASN00055257,-31.2208,150.8213,628
2009-04,ASN00055157,-31.0853,150.658,366
2009-04,ASN00056094,-29.5488,151.9942,824
2009-04,ASN00056098,-29.5817,151.9483,616
2009-04,ASN00056100,-29.6315,151.5561,442
2009-04,ASN00057095,-28.7551,152.4507,1758
2009-04,ASN00057103,-30.0093,152.0101,1102
2009-04,ASN00057104,-31.2739,151.9655,2330
2009-04,ASN00057114,-29.1967,152.595,1436
2009-04,ASN00057119,-30.889,151.8547,1446
2009-04,ASN00057123,-29.7603,152.2057,1008
2009-04,ASN00057124,-30.4833,152.398,2922
2009-04,ASN00057125,-30.3969,152.358,1740
2009-04,ASN00058005,-28.3981,153.1731,1770
2009-04,ASN00057093,-29.5101,152.4897,1860
2009-04,ASN00058007,-28.6369,153.588,3320
2009-04,ASN00058019,-28.5314,153.3151,3180
2009-04,ASN00058020,-28.2886,153.3651,2576
2009-04,ASN00058023,-28.7908,153.3958,2494
2009-04,ASN00058027,-29.4227,153.2533,2516
2009-04,ASN00058036,-28.31,153.2228,3150
2009-04,ASN00058040,-28.5451,153.4948,4616
2009-04,ASN00058044,-28.5966,153.2233,2006
2009-04,ASN00058045,-29.9691,152.7265,528
2009-04,ASN00058056,-28.2025,153.5502,3278
2009-04,ASN00058012,-29.4333,153.3633,2686
2009-04,ASN00057091,-30.7167,151.8531,918
2009-04,ASN00057035,-31.1333,152.1253,1416
2009-04,ASN00057028,-30.5644,151.907,776
2009-04,ASN00056141,-28.8867,152.1144,1342
2009-04,ASN00056161,-30.1575,151.8774,4
2009-04,ASN00056176,-30.1369,151.2581,387
2009-04,ASN00056202,-28.9776,152.1552,1270
2009-04,ASN00056205,-29.8995,151.965,1160
2009-04,ASN00056207,-28.5417,151.9909,620
2009-04,ASN00056229,-30.2126,151.6787,444
2009-04,ASN00056234,-30.9874,151.5855,720
2009-04,ASN00056236,-31.0109,151.6246,950
2009-04,ASN00056237,-29.8025,151.2726,632
2009-04,ASN00056238,-30.5273,151.6158,530
2009-04,ASN00056239,-28.7014,152.0974,1418
2009-04,ASN00056240,-30.3358,151.7367,630
2009-04,ASN00056242,-29.7796,151.1121,546
2009-04,ASN00056243,-29.678,151.694,780
2009-04,ASN00057003,-28.737,152.6228,986
2009-04,ASN00057005,-28.9279,152.3759,1580
2009-04,ASN00057014,-29.5577,152.1388,1120
2009-04,ASN00057018,-28.8914,152.5663,743
2009-04,ASN00057023,-30.2892,152.1701,834
2009-04,ASN00057024,-28.3879,152.6083,1170
2009-04,ASN00055041,-31.4605,151.1275,0
2009-04,ASN00055016,-30.9963,151.2292,572
2009-04,ASN00055007,-30.7056,150.0458,454
2009-04,ASN00055006,-31.6405,150.2356,122
2009-04,ASN00050031,-32.7235,148.1902,199
2009-04,ASN00050037,-32.6309,147.5659,103
2009-04,ASN00050045,-33.8486,146.8261,502
2009-04,ASN00050052,-33.0664,147.2283,211
2009-04,ASN00050108,-32.5724,147.2162,254
2009-04,ASN00050110,-32.6358,148.058,250
2009-04,ASN00050117,-32.8952,148.2811,290
2009-04,ASN00050119,-32.9365,148.2452,266
2009-04,ASN00050137,-33.0682,147.2133,354
2009-04,ASN00050017,-33.9382,147.1962,478
2009-04,ASN00050139,-32.5613,148.3353,270
2009-04,ASN00051008,-32.4581,148.1491,280
2009-04,ASN00051018,-31.7055,148.6625,536
2009-04,ASN00051026,-31.5629,146.7181,120
2009-04,ASN00051033,-31.8576,147.1343,462
2009-04,ASN00051034,-31.4986,147.6865,628
2009-04,ASN00051042,-30.9252,147.869,487
2009-04,ASN00051049,-31.9861,147.9489,382
2009-04,ASN00051057,-30.6998,147.2232,518
2009-04,ASN00051066,-31.9478,148.62,470
2009-04,ASN00050141,-33.055,147.4427,562
2009-04,ASN00050014,-33.0818,147.1524,380
2009-04,ASN00050010,-33.5159,147.2541,776
2009-04,ASN00049133,-33.516,144.7651,382
2009-04,ASN00048025,-29.3513,146.8126,302
2009-04,ASN00048027,-31.484,145.8294,254
2009-04,ASN00048031,-29.5407,148.5818,350
2009-04,ASN00048047,-29.1509,148.6252,424
2009-04,ASN00048079,-29.7029,144.1482,81
2009-04,ASN00048115,-31.424,145.2539,310
2009-04,ASN00048168,-29.1173,147.8993,566
2009-04,ASN00048237,-31.5389,145.7964,262
2009-04,ASN00048243,-29.431,147.9722,216
2009-04,ASN00048245,-30.0362,145.9521,48
2009-04,ASN00049000,-32.8831,144.3088,116
2009-04,ASN00049002,-34.6398,143.561,210
2009-04,ASN00049023,-34.4523,142.9109,260
2009-04,ASN00049045,-34.5594,143.0754,252
2009-04,ASN00049055,-34.1953,143.7916,220
2009-04,ASN00049061,-32.3884,144.7456,50
2009-04,ASN00049063,-33.052,144.1444,70
2009-04,ASN00049092,-33.6959,144.2757,202
2009-04,ASN00049103,-32.1698,144.2007,0
2009-04,ASN00049105,-32.5187,146.2819,458
2009-04,ASN00049132,-33.1898,145.3067,125
2009-04,ASN00051122,-31.5558,148.5981,397
2009-04,ASN00047106,-32.9703,142.3855,184
2009-04,ASN00051133,-31.2294,148.8861,416
2009-04,ASN00051161,-30.9776,148.3798,902
2009-04,ASN00054049,-29.405,150.9012,442
2009-04,ASN00054073,-29.6448,151.2362,612
2009-04,ASN00054074,-29.6613,151.0196,744
2009-04,ASN00054076,-29.64,151.4297,588
2009-04,ASN00054078,-29.6754,151.1527,708
2009-04,ASN00054082,-29.6382,151.4055,708
2009-04,ASN00054102,-30.3735,150.6723,736
2009-04,ASN00054104,-29.3899,151.2448,430
2009-04,ASN00054114,-30.0977,151.0089,376
2009-04,ASN00054046,-29.3992,151.4107,334
2009-04,ASN00054117,-30.2244,150.723,370
2009-04,ASN00054125,-30.1312,150.1462,656
2009-04,ASN00054128,-29.8866,150.8951,838
2009-04,ASN00054141,-29.5833,150.37,255
2009-04,ASN00054146,-29.2333,151.3833,215
2009-04,ASN00054149,-30.1872,149.8642,722
2009-04,ASN00054151,-30.2838,150.1666,0
2009-04,ASN00054160,-29.1199,151.2942,528
2009-04,ASN00055000,-30.9113,150.8579,626
2009-04,ASN00055002,-31.2342,149.8345,552
2009-04,ASN00054124,-29.2743,150.2658,474
2009-04,ASN00054038,-30.3154,149.8302,570
2009-04,ASN00054029,-29.5416,150.5754,527
2009-04,ASN00054027,-29.5581,150.8871,704
2009-04,ASN00052016,-30.6088,148.972,690
2009-04,ASN00052020,-28.9786,148.9899,87
2009-04,ASN00052023,-30.3515,148.8843,532
2009-04,ASN00052067,-29.8136,148.9104,300
2009-04,ASN00052088,-30.0372,148.1223,310
2009-04,ASN00053002,-30.9469,149.0654,60
2009-04,ASN00053003,-29.9182,149.7919,190
2009-04,ASN00053018,-28.9917,150.017,294
2009-04,ASN00053033,-29.4748,150.1359,306
2009-04,ASN00053034,-30.1187,149.3232,408
2009-04,ASN00053035,-29.8401,149.3207,626
2009-04,ASN00053041,-28.8697,150.0903,264
2009-04,ASN00053044,-30.2257,149.4452,537
2009-04,ASN00053073,-30.7632,149.0008,868
2009-04,ASN00053081,-30.8043,149.1246,755
2009-04,ASN00053085,-28.9665,149.6721,158
2009-04,ASN00053115,-29.4914,149.8458,490
2009-04,ASN00054003,-30.3781,150.6096,914
2009-04,ASN00054004,-29.8673,150.5715,413
2009-04,ASN00054013,-29.654,150.8291,140
2009-04,ASN00054023,-30.2948,150.8103,602
2009-04,ASN00051160,-31.7069,148.6358,416
2009-04,ASN00070261,-35.6904,149.5869,616
2009-04,ASN00041014,-28.3539,151.6281,94
2009-04,ASN00070269,-34.6653,149.9888,729
2009-04,ASN00089022,-37.6472,142.2309,336
2009-04,ASN00089025,-37.6854,143.3654,134
2009-04,ASN00089033,-37.6901,142.7253,396
2009-04,ASN00089034,-37.5483,142.7393,76
2009-04,ASN00089043,-37.3909,141.9194,374
2009-04,ASN00089048,-37.517,143.9275,528
2009-04,ASN00089068,-37.9324,143.7864,237
2009-04,ASN00089074,-37.9477,143.2222,324
2009-04,ASN00089084,-37.9333,143.8667,400
2009-04,ASN00089019,-37.4043,142.3843,326
2009-04,ASN00089085,-37.2775,142.9811,292
2009-04,ASN00089104,-37.8128,143.9178,0
2009-04,ASN00089106,-37.4152,143.6718,350
2009-04,ASN00089107,-37.3494,143.2956,434
2009-04,ASN00089109,-37.3598,143.1961,322
2009-04,ASN00089111,-37.5174,143.7791,352
2009-04,ASN00089112,-37.7067,142.9378,352
2009-04,ASN00090001,-38.7481,143.6635,1012
2009-04,ASN00090005,-38.1954,143.6399,148
2009-04,ASN00090008,-38.3372,143.7844,190
2009-04,ASN00089103,-37.9708,143.2189,326
2009-04,ASN00090010,-37.8595,141.7708,472
2009-04,ASN00089018,-37.9543,143.3437,162
2009-04,ASN00089011,-37.6467,142.3419,321
2009-04,ASN00088067,-37.2177,145.4211,560
2009-04,ASN00088071,-37.4181,144.2133,516
2009-04,ASN00088103,-37.4958,145.7475,1100
2009-04,ASN00088108,-37.1566,144.2079,260
2009-04,ASN00088109,-36.8886,145.1859,380
2009-04,ASN00088110,-37.0809,144.2392,282
2009-04,ASN00088113,-37.3387,143.9861,348
2009-04,ASN00088119,-37.3167,145.7167,718
2009-04,ASN00088121,-37.1425,144.9264,324
2009-04,ASN00089016,-37.711,142.8395,330
2009-04,ASN00088123,-37.25,144.4378,342
2009-04,ASN00088130,-37.4234,145.7085,983
2009-04,ASN00088137,-37.1644,143.5532,304
2009-04,ASN00088138,-37.2348,144.9962,307
2009-04,ASN00088162,-37.3807,144.9654,390
2009-04,ASN00088164,-37.2091,145.8423,648
2009-04,ASN00089002,-37.5127,143.7911,330
2009-04,ASN00089003,-37.2472,141.8415,224
2009-04,ASN00089009,-37.5267,142.0414,160
2009-04,ASN00089010,-38.0297,143.6331,312
2009-04,ASN00088126,-37.0213,145.1091,634
2009-04,ASN00090013,-38.3215,141.406,780
2009-04,ASN00090015,-38.8556,143.5128,948
2009-04,ASN00090021,-38.3291,143.0779,292
2009-04,ASN00090176,-38.0737,142.7744,472
2009-04,ASN00090180,-38.4583,144.0883,570
2009-04,ASN00090181,-38.241,143.1393,659
2009-04,ASN00090182,-37.583,141.3339,478
2009-04,ASN00090183,-38.6286,143.7306,1548
2009-04,ASN00090184,-38.4306,141.5437,656
2009-04,ASN00090185,-38.5497,143.8594,1080
2009-04,ASN00090186,-38.2867,142.4522,656
2009-04,ASN00090187,-38.4115,143.9771,684
2009-04,ASN00090175,-38.3906,142.2347,998
2009-04,ASN00090188,-38.4831,143.9142,826
2009-04,ASN00091001,-41.2025,146.8156,1184
2009-04,ASN00091011,-40.6842,144.7181,996
2009-04,ASN00091019,-41.8142,147.0922,478
2009-04,ASN00091029,-41.4978,146.535,930
2009-04,ASN00091032,-41.7244,147.3208,442
2009-04,ASN00091034,-40.8842,145.2161,1036
2009-04,ASN00091039,-41.1839,146.4817,874
2009-04,ASN00091053,-41.25,147.2169,166
2009-04,ASN00091055,-41.5406,146.1364,974
2009-04,ASN00091000,-41.5211,146.7158,622
2009-04,ASN00090173,-37.6486,142.0636,364
2009-04,ASN00090171,-38.3148,141.4705,852
2009-04,ASN00090167,-38.243,143.9887,270
2009-04,ASN00090022,-38.2798,143.6613,546
2009-04,ASN00090024,-37.6044,141.6853,96
2009-04,ASN00090026,-37.3443,141.6861,350
2009-04,ASN00090033,-37.3563,141.2103,530
2009-04,ASN00090035,-38.2333,143.7925,438
2009-04,ASN00090036,-37.9695,141.3077,366
2009-04,ASN00090045,-38.1059,142.3216,244
2009-04,ASN00090055,-38.0339,141.9998,204
2009-04,ASN00090060,-38.4699,142.7502,1106
2009-04,ASN00090061,-38.421,143.8348,582
2009-04,ASN00090062,-37.8824,142.4235,556
2009-04,ASN00090063,-37.875,142.2895,554
2009-04,ASN00090067,-38.6196,142.9944,872
2009-04,ASN00090070,-38.3846,141.6074,44
2009-04,ASN00090076,-38.6771,143.6826,1632
2009-04,ASN00090077,-38.2362,142.9166,788
2009-04,ASN00090093,-38.7553,143.5103,1090
2009-04,ASN00090105,-37.7417,141.0657,557
2009-04,ASN00090147,-38.3427,143.5848,156
2009-04,ASN00090153,-38.255,143.1256,190
2009-04,ASN00090165,-38.5582,143.1663,1016
2009-04,ASN00088064,-37.1225,144.8561,304
2009-04,ASN00088061,-37.3449,144.5365,466
2009-04,ASN00088060,-37.4475,145.2143,762
2009-04,ASN00088056,-37.1714,143.701,244
2009-04,ASN00086223,-38.3391,145.0288,836
2009-04,ASN00086224,-37.9785,145.2235,794
2009-04,ASN00086232,-37.8303,144.9767,372
2009-04,ASN00086265,-38.3142,145.1756,776
2009-04,ASN00086281,-38.3343,145.6696,926
2009-04,ASN00086282,-37.6655,144.8321,334
2009-04,ASN00086299,-38.0222,145.3561,758
2009-04,ASN00086303,-37.8886,145.1928,842
2009-04,ASN00086305,-37.6369,144.9072,348
2009-04,ASN00086213,-38.3781,144.8997,854
2009-04,ASN00086314,-38.1992,145.4933,790
2009-04,ASN00086358,-37.8586,145.6532,630
2009-04,ASN00086361,-38.3646,145.1785,912
2009-04,ASN00086364,-37.6594,145.4457,576
2009-04,ASN00086369,-37.9535,145.1655,692
2009-04,ASN00086373,-38.4612,145.3101,700
2009-04,ASN00086374,-37.4652,145.2637,474
2009-04,ASN00086377,-37.4225,145.0752,476
2009-04,ASN00086379,-37.7917,145.2433,835
2009-04,ASN00086383,-37.7239,145.4094,622
2009-04,ASN00086350,-37.4187,144.977,388
2009-04,ASN00086210,-38.0651,145.1294,680
2009-04,ASN00086142,-37.572,145.5014,302
2009-04,ASN00086131,-37.5552,145.1259,430
2009-04,ASN00085304,-37.4967,146.8575,492
2009-04,ASN00085305,-37.8758,146.0833,1176
2009-04,ASN00086020,-37.9551,145.0782,570
2009-04,ASN00086035,-37.7011,145.1547,644
2009-04,ASN00086038,-37.7276,144.9066,338
2009-04,ASN00086039,-37.7915,144.9067,284
2009-04,ASN00086063,-38.2656,145.5692,918
2009-04,ASN00086068,-37.7408,145.0972,636
2009-04,ASN00086074,-37.8219,145.1906,800
2009-04,ASN00086076,-37.8019,145.3675,1114
2009-04,ASN00086077,-37.98,145.0964,706
2009-04,ASN00086079,-38.2358,145.0667,375
2009-04,ASN00086088,-37.9142,145.0935,606
2009-04,ASN00086090,-37.7089,145.7855,1102
2009-04,ASN00086096,-37.7214,145.0059,424
2009-04,ASN00086104,-37.871,145.2561,760
2009-04,ASN00086105,-38.4282,145.0412,842
2009-04,ASN00086111,-37.9445,145.1764,438
2009-04,ASN00086117,-37.477,145.1513,520
2009-04,ASN00086119,-38.4836,145.1766,680
2009-04,ASN00086127,-38.6078,145.5965,784
2009-04,ASN00086393,-38.4617,144.9019,838
2009-04,ASN00091060,-40.905,145.3492,1076
2009-04,ASN00087006,-37.6018,144.2295,290
2009-04,ASN00087014,-37.5512,143.9322,464
2009-04,ASN00087171,-37.5223,144.4779,350
2009-04,ASN00087173,-37.294,144.7066,432
2009-04,ASN00087175,-37.2732,144.5974,384
2009-04,ASN00087176,-37.7569,144.7511,194
2009-04,ASN00087178,-38.2504,144.5104,283
2009-04,ASN00088002,-36.893,145.2316,464
2009-04,ASN00088009,-36.9886,143.9747,260
2009-04,ASN00088010,-37.2531,144.8614,586
2009-04,ASN00088015,-37.3049,143.7776,340
2009-04,ASN00087168,-37.9075,144.1303,300
2009-04,ASN00088020,-37.3432,144.1575,98
2009-04,ASN00088023,-37.2313,145.9124,754
2009-04,ASN00088029,-36.9579,144.6935,322
2009-04,ASN00088031,-37.0695,145.4177,858
2009-04,ASN00088032,-37.0856,143.9977,282
2009-04,ASN00088037,-37.2535,144.3825,358
2009-04,ASN00088042,-37.1965,144.3742,344
2009-04,ASN00088043,-37.056,143.732,313
2009-04,ASN00088048,-37.105,144.0638,252
2009-04,ASN00088051,-37.0194,144.5203,220
2009-04,ASN00088021,-37.1995,144.0141,303
2009-04,ASN00087162,-38.1435,144.1872,302
2009-04,ASN00087161,-37.6292,144.5026,160
2009-04,ASN00087160,-38.3404,144.3101,342
2009-04,ASN00087016,-37.7654,144.1048,232
2009-04,ASN00087017,-37.4701,144.3069,502
2009-04,ASN00087021,-37.8233,144.2078,350
2009-04,ASN00087029,-37.2698,144.723,280
2009-04,ASN00087031,-37.8565,144.7566,266
2009-04,ASN00087033,-37.991,144.4943,294
2009-04,ASN00087036,-37.4155,144.5569,60
2009-04,ASN00087040,-37.7451,144.5687,248
2009-04,ASN00087042,-37.8539,144.11,462
2009-04,ASN00087043,-37.8197,144.1492,334
2009-04,ASN00087046,-37.6719,143.94,428
2009-04,ASN00087048,-37.8958,144.4387,393
2009-04,ASN00087068,-37.645,144.0411,304
2009-04,ASN00087075,-37.4964,144.5028,392
2009-04,ASN00087095,-37.6111,144.3,300
2009-04,ASN00087113,-38.0287,144.4783,260
2009-04,ASN00087118,-37.3508,144.6067,334
2009-04,ASN00087119,-38.3687,144.0843,234
2009-04,ASN00087121,-37.6831,144.6664,197
2009-04,ASN00087124,-38.2504,144.0854,370
2009-04,ASN00087135,-38.2832,144.4784,548
2009-04,ASN00087007,-37.743,144.1406,332
2009-04,ASN00085303,-37.5325,147.0053,674
2009-04,ASN00091072,-41.4678,147.1628,722
2009-04,ASN00091086,-41.2439,147.7353,996
2009-04,ASN00094172,-42.6531,147.3589,360
2009-04,ASN00094175,-42.9725,147.0342,764
2009-04,ASN00094177,-42.7572,147.3817,370
2009-04,ASN00094179,-43.0,146.928,122
2009-04,ASN00094185,-43.0336,147.2128,882
2009-04,ASN00094191,-43.2006,146.7683,784
2009-04,ASN00094192,-43.4086,146.9567,906
2009-04,ASN00094195,-42.4544,147.4614,396
2009-04,ASN00094198,-43.4886,147.1444,554
2009-04,ASN00094169,-43.0433,147.8667,260
2009-04,ASN00094204,-42.6525,147.3578,248
2009-04,ASN00094213,-43.1456,147.9617,1274
2009-04,ASN00094214,-42.7033,147.1261,184
2009-04,ASN00094219,-43.1547,147.0539,766
2009-04,ASN00094220,-42.9858,147.0742,654
2009-04,ASN00094221,-42.8514,147.6211,478
2009-04,ASN00094222,-42.9742,147.295,592
2009-04,ASN00094223,-42.97,147.3303,664
2009-04,ASN00094231,-42.9639,147.2022,864
2009-04,ASN00094232,-42.8367,147.1931,724
2009-04,ASN00094212,-42.6867,147.4258,360
2009-04,ASN00094233,-42.6933,147.2617,316
2009-04,ASN00094155,-43.2397,148.0025,1060
2009-04,ASN00094143,-42.5272,147.1236,4
2009-04,ASN00094022,-43.0431,147.4133,550
2009-04,ASN00094025,-42.8494,147.2547,866
2009-04,ASN00094027,-43.4144,146.8731,1224
2009-04,ASN00094029,-42.8897,147.3278,638
2009-04,ASN00094030,-42.8667,147.3322,414
2009-04,ASN00094039,-43.3583,147.2342,734
2009-04,ASN00094040,-43.1983,147.0658,694
2009-04,ASN00094041,-43.6578,146.2711,606
2009-04,ASN00094043,-43.2319,147.2547,834
2009-04,ASN00094151,-42.9742,147.1692,804
2009-04,ASN00094048,-42.9981,147.4056,594
2009-04,ASN00094064,-42.7619,147.6197,440
2009-04,ASN00094068,-43.1547,147.2386,1136
2009-04,ASN00094071,-43.0153,147.9117,886
2009-04,ASN00094082,-42.8569,147.4386,490
2009-04,ASN00094087,-42.8967,147.235,630
2009-04,ASN00094097,-42.5436,147.5664,512
2009-04,ASN00094111,-42.9519,147.3496,610
2009-04,ASN00094125,-43.0239,147.255,622
2009-04,ASN00094130,-42.7469,147.5511,482
2009-04,ASN00094061,-42.9264,147.5203,0
2009-04,ASN00094236,-43.3692,147.3442,1089
2009-04,ASN00094237,-42.9372,147.1378,690
2009-04,ASN00094239,-42.9639,147.2428,752
2009-04,ASN00097047,-41.4892,145.2083,1576
2009-04,ASN00097054,-41.8822,145.3358,2088
2009-04,ASN00097061,-42.7428,145.9811,2600
2009-04,ASN00097072,-42.155,145.2908,1392
2009-04,ASN00097080,-42.985,145.5022,968
2009-04,ASN00097083,-43.0425,146.2722,1740
2009-04,ASN00097085,-41.8444,145.5419,3338
2009-04,ASN00097091,-42.0961,145.5456,1898
2009-04,ASN00098000,-40.0092,144.1111,978
2009-04,ASN00097024,-43.0609,146.704,1554
2009-04,ASN00098004,-39.9097,144.0986,965
2009-04,ASN00098017,-39.88,143.8831,814
2009-04,ASN00098023,-39.9647,144.0772,936
2009-04,ASN00099005,-40.0911,148.0024,526
2009-04,ASN00099014,-40.0194,148.1825,586
2009-04,ASN00099021,-40.1558,148.1853,402
2009-04,ASN00099023,-40.1883,148.1178,818
2009-04,ASN00099025,-40.2319,148.19,1058
2009-04,ASN00109501,-32.938,116.024,6
2009-04,ASN00109505,-33.5958,115.8186,2
2009-04,ASN00098011,-39.9283,143.8525,722
2009-04,ASN00097020,-42.0056,145.5419,2122
2009-04,ASN00097006,-41.9933,145.5725,0
2009-04,ASN00097000,-42.1986,145.17,844
2009-04,ASN00095001,-42.3883,147.0061,270
2009-04,ASN00095003,-42.7097,146.8983,324
2009-04,ASN00095012,-42.4814,146.7114,284
2009-04,ASN00095016,-42.3367,146.7475,414
2009-04,ASN00095046,-42.3811,147.0036,22
2009-04,ASN00095047,-42.3961,146.4897,353
2009-04,ASN00095048,-42.4842,146.7106,258
2009-04,ASN00095069,-42.8069,147.1144,456
2009-04,ASN00095072,-42.8033,146.9878,574
2009-04,ASN00095074,-42.7414,147.0489,366
2009-04,ASN00095075,-42.6803,146.7756,410
2009-04,ASN00095077,-42.6894,146.7122,712
2009-04,ASN00095079,-42.8458,147.0294,530
2009-04,ASN00096002,-42.1419,146.4931,504
2009-04,ASN00096033,-41.8997,146.6694,640
2009-04,ASN00096038,-42.0572,147.286,702
2009-04,ASN00096046,-41.9822,146.7228,610
2009-04,ASN00096069,-42.1289,146.2156,858
2009-04,ASN00096070,-42.2558,146.8753,172
2009-04,ASN00096071,-42.1178,146.1772,1176
2009-04,ASN00096077,-41.5958,145.9311,1664
2009-04,ASN00094020,-43.3167,147.0075,834
2009-04,ASN00094010,-43.4892,147.1453,750
2009-04,ASN00094008,-42.8339,147.5033,510
2009-04,ASN00094005,-42.7433,147.2372,334
2009-04,ASN00091263,-41.4889,147.2326,724
2009-04,ASN00091266,-41.3972,146.4953,394
2009-04,ASN00091267,-41.6494,146.6154,726
2009-04,ASN00091271,-41.3959,147.3006,1174
2009-04,ASN00091286,-41.1208,146.8275,996
2009-04,ASN00091288,-41.6706,146.7278,1151
2009-04,ASN00091290,-41.6308,146.7,688
2009-04,ASN00091291,-41.3886,146.3219,1082
2009-04,ASN00091292,-40.8347,145.0847,868
2009-04,ASN00091262,-41.1333,146.8461,814
2009-04,ASN00091293,-41.0556,146.7856,886
2009-04,ASN00091304,-41.1164,145.8619,1172
2009-04,ASN00091305,-41.3144,147.3803,1578
2009-04,ASN00091306,-41.7256,147.0794,530
2009-04,ASN00091311,-41.5492,147.2144,682
2009-04,ASN00091312,-41.4406,146.1228,698
2009-04,ASN00091315,-41.51,147.0511,565
2009-04,ASN00091317,-41.5136,147.2028,264
2009-04,ASN00091321,-41.3961,145.9342,1560
2009-04,ASN00091325,-41.7292,147.2358,78
2009-04,ASN00091299,-41.2431,147.4436,1950
2009-04,ASN00091260,-41.4883,146.9047,1038
2009-04,ASN00091259,-41.1492,145.1517,1444
2009-04,ASN00091255,-41.2339,146.9294,726
2009-04,ASN00091090,-41.4475,146.8744,1178
2009-04,ASN00091100,-40.4472,144.84,878
2009-04,ASN00091107,-40.9972,145.7292,890
2009-04,ASN00091109,-41.1428,145.7058,1148
2009-04,ASN00091118,-41.5664,147.2444,694
2009-04,ASN00091121,-40.9431,147.5922,1028
2009-04,ASN00091126,-41.1708,146.4267,771
2009-04,ASN00091150,-41.6419,146.5244,872
2009-04,ASN00091153,-41.3356,146.2797,1110
2009-04,ASN00091156,-41.4717,146.6456,882
2009-04,ASN00091161,-41.3886,146.5861,997
2009-04,ASN00091171,-41.2708,146.5481,1112
2009-04,ASN00091186,-41.2039,146.265,372
2009-04,ASN00091197,-41.4864,147.4386,740
2009-04,ASN00091198,-41.3917,147.4242,1640
2009-04,ASN00091219,-41.1708,147.4883,1142
2009-04,ASN00091223,-40.9089,144.7094,990
2009-04,ASN00091227,-41.5267,146.6583,590
2009-04,ASN00091236,-41.5128,146.8303,754
2009-04,ASN00091237,-41.4194,147.1222,778
2009-04,ASN00091245,-40.6828,144.69,958
2009-04,ASN00091332,-41.3528,146.4164,1300
2009-04,ASN00091077,-41.575,147.4508,572
2009-04,ASN00091340,-41.3592,147.01,862
2009-04,ASN00091346,-41.2336,147.2064,1206
2009-04,ASN00092120,-41.3381,148.2792,370
2009-04,ASN00092123,-40.7292,148.125,482
2009-04,ASN00092124,-42.6619,148.0181,576
2009-04,ASN00092129,-41.0458,148.2592,912
2009-04,ASN00092134,-41.1256,147.8617,552
2009-04,ASN00093002,-42.3958,147.3042,246
2009-04,ASN00093007,-42.2664,147.5281,370
2009-04,ASN00093014,-42.3006,147.3711,384
2009-04,ASN00093023,-42.4031,147.3908,336
2009-04,ASN00092114,-41.9953,148.2794,284
2009-04,ASN00093033,-41.9347,147.4931,378
2009-04,ASN00093044,-41.8172,147.5664,416
2009-04,ASN00109507,-33.444,115.8536,2
2009-04,ASN00093049,-42.3696,147.4631,324
2009-04,ASN00093051,-42.0317,147.4907,382
2009-04,ASN00093052,-42.163,147.5805,324
2009-04,ASN00093053,-42.025,147.4953,372
2009-04,ASN00093055,-41.8658,147.4494,354
2009-04,ASN00093059,-41.9311,147.4256,580
2009-04,ASN00094001,-42.4158,147.1347,268
2009-04,ASN00093040,-42.3075,147.1672,284
2009-04,ASN00092113,-41.4136,148.2744,364
2009-04,ASN00092111,-41.4342,147.7192,686
2009-04,ASN00092099,-42.7153,147.7525,740
2009-04,ASN00092001,-41.9525,148.1839,240
2009-04,ASN00092002,-41.7792,147.7225,354
2009-04,ASN00092003,-41.8739,148.3036,304
2009-04,ASN00092005,-42.8122,147.8289,715
2009-04,ASN00092008,-42.0117,148.0747,170
2009-04,ASN00092010,-42.5844,148.0636,458
2009-04,ASN00092011,-40.9589,148.0086,882
2009-04,ASN00092014,-41.5308,148.1969,484
2009-04,ASN00092017,-42.7856,147.8086,628
2009-04,ASN00092019,-42.0067,147.7975,364
2009-04,ASN00092020,-41.82,147.9551,276
2009-04,ASN00092024,-41.4703,147.8919,482
2009-04,ASN00092027,-42.5519,147.8753,619
2009-04,ASN00092028,-42.5853,147.9142,680
2009-04,ASN00092030,-41.0825,147.9353,634
2009-04,ASN00092045,-40.9928,148.3467,482
2009-04,ASN00092047,-42.2708,147.6942,296
2009-04,ASN00092051,-41.27,147.9492,984
2009-04,ASN00092064,-41.5633,148.1414,624
2009-04,ASN00092067,-40.8586,148.0178,750
2009-04,ASN00092079,-42.2133,147.7831,6
2009-04,ASN00091341,-41.3428,146.8964,934
2009-04,ASN00085298,-38.1072,147.1317,405
2009-04,ASN00085297,-37.9722,146.9856,90
2009-04,ASN00085296,-37.7481,147.1428,146
2009-04,ASN00075079,-34.2502,146.1897,316
2009-04,ASN00075140,-34.1533,145.1409,54
2009-04,ASN00075142,-33.9247,145.5205,234
2009-04,ASN00075163,-33.3476,145.8703,390
2009-04,ASN00076000,-34.85,142.7811,216
2009-04,ASN00076012,-35.1702,143.0001,282
2009-04,ASN00076017,-35.1945,143.04,278
2009-04,ASN00076018,-35.1136,142.9194,238
2009-04,ASN00076031,-34.2358,142.0867,218
2009-04,ASN00075072,-33.9376,146.6062,656
2009-04,ASN00076037,-34.1928,141.5996,294
2009-04,ASN00076043,-34.9272,142.1765,284
2009-04,ASN00076044,-35.1759,143.37,262
2009-04,ASN00076046,-35.167,143.2781,288
2009-04,ASN00076047,-35.0694,142.3158,245
2009-04,ASN00076050,-35.2555,143.3683,290
2009-04,ASN00076051,-34.362,141.9038,206
2009-04,ASN00076064,-35.1201,142.004,152
2009-04,ASN00076067,-34.3883,141.5954,208
2009-04,ASN00076069,-34.9536,142.7392,326
2009-04,ASN00076038,-35.2628,141.1789,408
2009-04,ASN00076103,-35.189,142.3725,276
2009-04,ASN00075071,-35.2119,144.816,264
2009-04,ASN00075054,-35.2849,145.2098,318
2009-04,ASN00074234,-35.0371,147.1933,346
2009-04,ASN00074249,-34.8016,145.8904,434
2009-04,ASN00074258,-35.5575,144.9458,222
2009-04,ASN00074261,-34.531,146.9806,306
2009-04,ASN00074262,-35.7861,144.6002,178
2009-04,ASN00074264,-35.4091,147.2479,730
2009-04,ASN00074267,-33.9956,146.7683,350
2009-04,ASN00075004,-35.2847,144.5334,272
2009-04,ASN00075007,-33.8436,144.9073,153
2009-04,ASN00075062,-34.8096,144.1654,262
2009-04,ASN00075012,-35.4201,144.6002,318
2009-04,ASN00075017,-33.17,146.642,180
2009-04,ASN00075026,-34.442,145.5612,0
2009-04,ASN00075032,-33.4915,145.5249,182
2009-04,ASN00075039,-33.2833,146.3707,182
2009-04,ASN00075041,-34.2487,146.0695,214
2009-04,ASN00075042,-34.476,144.3013,330
2009-04,ASN00075044,-33.8192,145.6235,259
2009-04,ASN00075046,-35.0885,144.0349,104
2009-04,ASN00075049,-34.4456,144.1728,288
2009-04,ASN00075016,-33.9871,145.3904,186
2009-04,ASN00076105,-34.7164,143.1506,254
2009-04,ASN00076106,-35.2484,141.0808,518
2009-04,ASN00076107,-35.2848,141.4949,318
2009-04,ASN00078038,-36.2705,142.2165,220
2009-04,ASN00078040,-36.2882,141.7347,250
2009-04,ASN00078072,-36.3697,142.9709,146
2009-04,ASN00078086,-36.14,141.9878,122
2009-04,ASN00079002,-36.9532,143.1976,274
2009-04,ASN00079003,-36.6994,143.1594,232
2009-04,ASN00079008,-36.9389,141.8714,272
2009-04,ASN00079015,-36.8721,142.6308,442
2009-04,ASN00079016,-36.7281,142.7303,230
2009-04,ASN00078029,-36.46,142.5858,80
2009-04,ASN00079017,-36.7181,141.4729,254
2009-04,ASN00079028,-36.6722,142.2991,202
2009-04,ASN00079031,-36.9865,143.2727,290
2009-04,ASN00079032,-36.8612,142.9332,280
2009-04,ASN00079036,-36.7416,141.9429,286
2009-04,ASN00079037,-36.9,143.1137,251
2009-04,ASN00079039,-36.9065,143.3384,285
2009-04,ASN00079040,-36.6189,143.2631,279
2009-04,ASN00079046,-37.0936,142.4344,432
2009-04,ASN00079050,-37.3162,142.6975,324
2009-04,ASN00079019,-37.1847,142.8553,352
2009-04,ASN00078015,-36.3092,141.6486,236
2009-04,ASN00078013,-36.3986,141.8797,230
2009-04,ASN00078010,-36.4644,142.0327,234
2009-04,ASN00076109,-35.3678,141.0625,448
2009-04,ASN00076133,-34.1051,141.0166,308
2009-04,ASN00077001,-35.9809,143.6479,308
2009-04,ASN00077005,-35.6367,142.995,292
2009-04,ASN00077008,-35.9244,142.851,234
2009-04,ASN00077009,-35.5504,142.9207,354
2009-04,ASN00077010,-35.7151,142.3569,364
2009-04,ASN00077014,-35.717,143.1074,372
2009-04,ASN00077015,-35.5574,142.5432,212
2009-04,ASN00077023,-35.6692,143.3764,292
2009-04,ASN00077025,-35.4609,143.6286,204
2009-04,ASN00077028,-35.7955,142.8768,220
2009-04,ASN00077033,-35.3833,142.1869,328
2009-04,ASN00077034,-35.9296,143.4992,310
2009-04,ASN00077039,-35.5046,142.8493,260
2009-04,ASN00077040,-35.5254,142.7267,188
2009-04,ASN00077052,-35.6803,142.6664,90
2009-04,ASN00077079,-36.0086,143.3719,340
2009-04,ASN00077082,-35.9338,142.2805,272
2009-04,ASN00077088,-35.987,142.915,114
2009-04,ASN00077094,-35.3766,143.5416,250
2009-04,ASN00074217,-34.7565,147.3482,272
2009-04,ASN00074208,-35.6074,145.2012,274
2009-04,ASN00074205,-35.162,147.0274,314
2009-04,ASN00074202,-34.8504,146.9778,392
2009-04,ASN00072043,-35.778,148.0141,1450
2009-04,ASN00072044,-35.3194,148.2341,742
2009-04,ASN00072050,-36.0355,147.2707,870
2009-04,ASN00072053,-35.7542,147.8445,1340
2009-04,ASN00072056,-35.3947,148.247,1342
2009-04,ASN00072078,-35.6767,147.5178,927
2009-04,ASN00072080,-35.7226,147.9291,1394
2009-04,ASN00072089,-35.9784,148.0855,916
2009-04,ASN00072091,-35.9383,148.3842,1951
2009-04,ASN00072042,-35.2765,147.7362,628
2009-04,ASN00072098,-35.3448,148.3837,1066
2009-04,ASN00072141,-35.725,148.4915,1436
2009-04,ASN00072142,-35.72,147.3103,578
2009-04,ASN00072146,-36.0692,146.9534,830
2009-04,ASN00072150,-35.1583,147.4573,318
2009-04,ASN00072152,-35.317,148.433,0
2009-04,ASN00072156,-35.9333,147.7167,1428
2009-04,ASN00072159,-35.3019,147.9402,978
2009-04,ASN00072160,-36.069,146.9509,848
2009-04,ASN00072161,-35.9371,148.3779,1950
2009-04,ASN00072101,-35.7112,147.4859,932
2009-04,ASN00072023,-36.1039,147.0329,922
2009-04,ASN00072004,-35.5203,148.1453,1562
2009-04,ASN00071041,-36.5031,148.304,2146
2009-04,ASN00070278,-36.2318,149.1243,707
2009-04,ASN00070299,-36.1827,149.3467,772
2009-04,ASN00070307,-35.2459,149.1068,813
2009-04,ASN00070308,-35.3757,149.087,782
2009-04,ASN00070309,-36.9131,149.0372,306
2009-04,ASN00070326,-37.1475,149.1496,880
2009-04,ASN00070328,-37.0016,149.2336,498
2009-04,ASN00070330,-34.8085,149.7312,608
2009-04,ASN00070334,-35.1138,149.9624,464
2009-04,ASN00070335,-35.2,149.955,360
2009-04,ASN00070336,-36.5971,149.2974,565
2009-04,ASN00070339,-35.4184,149.0937,986
2009-04,ASN00070340,-35.1837,149.1122,774
2009-04,ASN00070346,-35.1889,149.251,562
2009-04,ASN00070348,-35.8618,149.1321,780
2009-04,ASN00070349,-35.5293,148.7721,1398
2009-04,ASN00071000,-35.9962,148.7693,910
2009-04,ASN00071005,-36.5029,148.835,425
2009-04,ASN00071019,-36.5067,148.8281,620
2009-04,ASN00071021,-36.4818,148.5873,614
2009-04,ASN00071032,-36.4917,148.2859,1308
2009-04,ASN00072162,-36.2304,148.1405,1230
2009-04,ASN00079075,-36.6287,142.6321,224
2009-04,ASN00072163,-35.899,148.1821,1156
2009-04,ASN00073000,-34.1442,147.386,339
2009-04,ASN00074005,-34.2849,146.5714,40
2009-04,ASN00074034,-35.9887,146.3574,406
2009-04,ASN00074037,-34.6223,146.4328,344
2009-04,ASN00074040,-34.8814,145.7595,370
2009-04,ASN00074042,-35.6408,145.5762,225
2009-04,ASN00074050,-34.738,146.7825,155
2009-04,ASN00074053,-35.5168,147.0344,490
2009-04,ASN00074055,-35.3475,145.7257,404
2009-04,ASN00074081,-35.9878,146.0061,30
2009-04,ASN00074002,-34.3479,147.2208,400
2009-04,ASN00074087,-35.3342,146.0342,444
2009-04,ASN00074104,-35.2683,147.1142,362
2009-04,ASN00074106,-35.817,145.6004,287
2009-04,ASN00074110,-35.3305,146.2652,4
2009-04,ASN00074118,-34.5139,146.1848,286
2009-04,ASN00074126,-35.385,147.0558,656
2009-04,ASN00074127,-35.1069,147.3636,350
2009-04,ASN00074129,-35.7228,144.7865,212
2009-04,ASN00074162,-34.9349,146.3031,382
2009-04,ASN00074188,-35.6724,147.0361,618
2009-04,ASN00074088,-35.5579,146.1653,610
2009-04,ASN00074000,-34.3567,146.9032,311
2009-04,ASN00073151,-34.4292,147.5111,530
2009-04,ASN00073150,-34.5307,147.8442,2600
2009-04,ASN00073007,-34.9997,148.5984,1011
2009-04,ASN00073014,-33.9029,148.1718,1180
2009-04,ASN00073017,-34.0824,148.365,760
2009-04,ASN00073019,-34.8456,147.5714,372
2009-04,ASN00073021,-34.0391,148.5552,660
2009-04,ASN00073022,-34.6479,148.1606,1182
2009-04,ASN00073025,-34.791,147.5592,378
2009-04,ASN00073029,-34.5495,148.3493,604
2009-04,ASN00073032,-34.0112,147.7937,500
2009-04,ASN00073043,-34.4918,148.1266,753
2009-04,ASN00073044,-35.0581,147.753,376
2009-04,ASN00073051,-34.2054,148.5533,612
2009-04,ASN00073054,-33.9262,147.2418,442
2009-04,ASN00073100,-33.9119,148.4383,1290
2009-04,ASN00073109,-34.425,148.5408,660
2009-04,ASN00073113,-34.1985,148.0047,610
2009-04,ASN00073115,-35.1687,148.2311,814
2009-04,ASN00073129,-34.1567,148.6857,740
2009-04,ASN00073138,-34.2493,148.2475,860
2009-04,ASN00073141,-35.0479,148.1075,725
2009-04,ASN00073142,-34.6299,148.0364,1042
2009-04,ASN00072169,-35.7108,148.0026,1698
2009-04,ASN00079078,-37.0607,141.9882,308
2009-04,ASN00079079,-36.7913,143.1207,228
2009-04,ASN00079097,-37.1169,141.8031,262
2009-04,ASN00083091,-37.3016,146.1489,1004
2009-04,ASN00084002,-37.1712,148.7228,438
2009-04,ASN00084003,-37.7073,147.8314,0
2009-04,ASN00084014,-37.106,148.6862,480
2009-04,ASN00084015,-37.3757,147.8373,302
2009-04,ASN00084016,-37.5679,149.9158,889
2009-04,ASN00084025,-37.8507,147.7664,566
2009-04,ASN00084035,-37.2618,147.7229,10
2009-04,ASN00084039,-37.0707,148.5906,393
2009-04,ASN00083090,-37.1017,147.6008,388
2009-04,ASN00084044,-37.0071,148.2666,350
2009-04,ASN00084084,-37.5976,149.7289,864
2009-04,ASN00084093,-37.7132,148.3954,372
2009-04,ASN00084096,-37.5455,148.1357,276
2009-04,ASN00084100,-37.8333,147.6206,22
2009-04,ASN00084107,-37.0826,148.2791,374
2009-04,ASN00084109,-37.5006,148.2717,100
2009-04,ASN00084118,-37.49,147.1658,604
2009-04,ASN00084122,-37.4772,149.6386,578
2009-04,ASN00084134,-37.3397,148.712,444
2009-04,ASN00084045,-37.8526,148.0638,584
2009-04,ASN00083085,-36.9767,147.1342,1468
2009-04,ASN00083084,-36.8708,147.2755,1482
2009-04,ASN00083083,-36.7396,146.4671,970
2009-04,ASN00082163,-36.6364,146.5547,838
2009-04,ASN00082165,-36.9502,146.0095,566
2009-04,ASN00082166,-36.4186,146.5572,446
2009-04,ASN00082167,-36.5344,146.2181,626
2009-04,ASN00082169,-36.1828,147.8938,804
2009-04,ASN00083000,-36.9064,146.2389,932
2009-04,ASN00083003,-36.9456,147.7407,420
2009-04,ASN00083010,-36.6344,146.8628,886
2009-04,ASN00083019,-37.0525,146.0872,58
2009-04,ASN00083024,-37.145,146.4394,1398
2009-04,ASN00083032,-36.8473,146.3225,1328
2009-04,ASN00083033,-37.5696,146.2541,1444
2009-04,ASN00083035,-36.9257,147.423,769
2009-04,ASN00083038,-36.6566,147.1283,1252
2009-04,ASN00083043,-36.8756,147.2886,92
2009-04,ASN00083057,-36.6074,146.7888,0
2009-04,ASN00083058,-36.8547,146.8581,1306
2009-04,ASN00083064,-36.941,147.7779,534
2009-04,ASN00083067,-36.7313,146.9614,150
2009-04,ASN00083077,-37.0322,146.3508,586
2009-04,ASN00083079,-36.7132,146.6717,1082
2009-04,ASN00084140,-37.7962,147.7559,596
2009-04,ASN00082162,-36.5775,146.8203,660
2009-04,ASN00084142,-37.22,148.2625,478
2009-04,ASN00084144,-37.6924,148.0908,406
2009-04,ASN00085163,-38.7915,146.1799,1010
2009-04,ASN00085166,-37.9582,147.0843,420
2009-04,ASN00085167,-38.0229,147.3511,566
2009-04,ASN00085168,-37.8345,147.0819,338
2009-04,ASN00085179,-38.1033,145.9718,894
2009-04,ASN00085195,-38.0654,146.1689,766
2009-04,ASN00085200,-38.4323,145.7919,984
2009-04,ASN00085227,-38.5215,146.2041,1040
2009-04,ASN00085238,-37.9532,146.3898,960
2009-04,ASN00085160,-38.4191,146.9656,476
2009-04,ASN00085270,-37.7647,147.3744,592
2009-04,ASN00085277,-37.9039,145.9719,950
2009-04,ASN00085279,-37.8817,147.5669,298
2009-04,ASN00085280,-38.2094,146.4747,600
2009-04,ASN00085281,-38.3245,146.5301,968
2009-04,ASN00085288,-37.4667,146.6883,628
2009-04,ASN00085289,-37.8514,146.555,620
2009-04,ASN00085291,-37.8383,146.2747,1894
2009-04,ASN00085292,-37.8897,145.9958,960
2009-04,ASN00085293,-38.8957,145.9355,802
2009-04,ASN00085276,-37.8039,146.8842,556
2009-04,ASN00085137,-38.7205,145.9011,906
2009-04,ASN00085096,-39.1297,146.4244,1250
2009-04,ASN00085085,-38.2181,146.1658,872
2009-04,ASN00084145,-37.6922,148.4667,460
2009-04,ASN00084147,-37.8164,147.5714,554
2009-04,ASN00084148,-37.8385,147.8312,384
2009-04,ASN00085007,-38.4307,146.5398,1146
2009-04,ASN00085009,-38.1951,146.5293,532
2009-04,ASN00085021,-37.7,146.5167,812
2009-04,ASN00085023,-38.1383,145.86,1157
2009-04,ASN00085028,-38.72,146.0633,1122
2009-04,ASN00085029,-38.652,146.1997,578
2009-04,ASN00085030,-38.4455,146.2699,1070
2009-04,ASN00085033,-38.4228,147.0864,405
2009-04,ASN00085034,-37.9085,146.8046,30
2009-04,ASN00085040,-38.6911,146.1486,998
2009-04,ASN00085042,-38.022,145.8884,1074
2009-04,ASN00085045,-38.435,145.8178,1074
2009-04,ASN00085049,-38.4842,145.9329,738
2009-04,ASN00085053,-38.506,146.5187,980
2009-04,ASN00085058,-37.5277,146.5458,660
2009-04,ASN00085063,-38.6079,146.3185,1006
2009-04,ASN00085072,-38.1156,147.1322,390
2009-04,ASN00085073,-38.3183,147.1752,562
2009-04,ASN00084143,-37.3417,149.0228,506
2009-04,ASN00070263,-34.7495,149.7034,690
2009-04,ASN00082158,-36.7478,146.5362,908
2009-04,ASN00082155,-36.8211,146.1278,950
2009-04,ASN00080128,-36.2847,143.3341,200
2009-04,ASN00081000,-37.0887,143.4747,62
2009-04,ASN00081007,-36.4565,145.6569,378
2009-04,ASN00081008,-36.5421,144.7751,342
2009-04,ASN00081016,-36.4963,144.6096,424
2009-04,ASN00081019,-36.718,145.1731,520
2009-04,ASN00081020,-36.5753,143.8695,22
2009-04,ASN00081033,-36.6436,145.4197,372
2009-04,ASN00081034,-36.3989,145.3448,274
2009-04,ASN00080126,-35.7175,143.9111,276
2009-04,ASN00081035,-36.6146,145.2143,72
2009-04,ASN00081046,-36.4436,144.9828,454
2009-04,ASN00081049,-36.4378,145.2672,74
2009-04,ASN00081063,-37.0833,143.4833,206
2009-04,ASN00081083,-36.8465,144.5273,220
2009-04,ASN00081085,-36.8589,143.7297,228
2009-04,ASN00081087,-36.2567,146.0433,482
2009-04,ASN00081090,-36.7446,143.6788,245
2009-04,ASN00081100,-36.7682,143.9866,160
2009-04,ASN00081115,-36.6284,144.8726,358
2009-04,ASN00081041,-36.534,144.208,242
2009-04,ASN00080125,-35.8876,145.3879,317
2009-04,ASN00080109,-35.9119,145.6447,58
2009-04,ASN00080103,-36.3794,144.2299,260
2009-04,ASN00079099,-37.0222,141.2657,278
2009-04,ASN00079100,-36.6697,142.1731,220
2009-04,ASN00079103,-37.295,142.6039,758
2009-04,ASN00079105,-37.068,142.7412,296
2009-04,ASN00079107,-36.8132,141.2599,290
2009-04,ASN00080002,-36.116,143.7229,326
2009-04,ASN00080004,-35.9741,143.8525,257
2009-04,ASN00080014,-36.1348,143.9186,290
2009-04,ASN00080015,-36.1647,144.7642,206
2009-04,ASN00080017,-36.0407,143.9403,260
2009-04,ASN00080020,-35.9661,144.3712,215
2009-04,ASN00080023,-35.7236,143.9197,272
2009-04,ASN00080024,-35.8674,143.8007,258
2009-04,ASN00080027,-36.3203,143.735,230
2009-04,ASN00080036,-35.9681,144.1073,252
2009-04,ASN00080044,-35.9977,144.4244,184
2009-04,ASN00080049,-36.3613,144.7108,360
2009-04,ASN00080056,-36.2497,144.9531,280
2009-04,ASN00080067,-36.2717,143.3453,232
2009-04,ASN00080091,-36.335,145.0638,366
2009-04,ASN00080101,-36.0918,145.4531,230
2009-04,ASN00081118,-36.8093,144.6203,240
2009-04,ASN00082156,-36.7903,146.28,1104
2009-04,ASN00081120,-36.5886,145.0198,398
2009-04,ASN00081124,-36.0294,146.0306,224
2009-04,ASN00082105,-36.8314,146.3982,986
2009-04,ASN00082109,-36.6133,146.1131,716
2009-04,ASN00082112,-36.6533,146.8567,944
2009-04,ASN00082116,-36.6083,146.3583,654
2009-04,ASN00082128,-36.5131,146.4483,500
2009-04,ASN00082134,-36.6936,145.8785,698
2009-04,ASN00082138,-36.4206,146.3056,402
2009-04,ASN00082139,-36.2136,147.5394,1230
2009-04,ASN00082140,-36.8542,145.9381,656
2009-04,ASN00082103,-36.0243,147.5475,896
2009-04,ASN00082142,-36.9461,146.2197,590
2009-04,ASN00082144,-36.8167,145.64,568
2009-04,ASN00082145,-36.8753,145.5783,570
2009-04,ASN00082146,-36.9322,145.5842,884
2009-04,ASN00082147,-36.9217,145.6769,556
2009-04,ASN00082148,-36.8278,145.8494,646
2009-04,ASN00082149,-36.7858,145.5683,510
2009-04,ASN00082151,-36.8628,145.7333,596
2009-04,ASN00082153,-36.8206,145.705,526
2009-04,ASN00082154,-36.8892,145.6814,798
2009-04,ASN00082143,-36.7861,145.6581,454
2009-04,ASN00082096,-36.9005,145.5228,942
2009-04,ASN00082090,-36.4793,147.0297,784
2009-04,ASN00082084,-36.7136,145.7603,696
2009-04,ASN00081125,-36.4289,145.3947,294
2009-04,ASN00082001,-36.3702,146.7132,804
2009-04,ASN00082009,-36.6085,146.5371,744
2009-04,ASN00082010,-36.1491,146.6106,434
2009-04,ASN00082015,-36.3084,146.5229,566
2009-04,ASN00082016,-36.7545,145.5727,124
2009-04,ASN00082018,-36.7691,147.6956,812
2009-04,ASN00082021,-36.0964,146.6008,841
2009-04,ASN00082029,-36.456,146.4299,476
2009-04,ASN00082033,-36.6975,146.2852,865
2009-04,ASN00082039,-36.1047,146.5094,492
2009-04,ASN00082041,-36.1859,146.4694,437
2009-04,ASN00082042,-36.8472,145.7308,568
2009-04,ASN00082043,-36.7872,145.8225,402
2009-04,ASN00082049,-36.6425,145.7234,426
2009-04,ASN00082052,-35.9645,147.7374,1278
2009-04,ASN00082057,-36.3025,146.7299,926
2009-04,ASN00082058,-36.3111,146.8381,982
2009-04,ASN00082068,-36.5293,147.3749,1018
2009-04,ASN00082076,-36.5353,147.4984,856
2009-04,ASN00082083,-36.804,145.418,752
2009-04,ASN00081123,-36.7395,144.3266,226
2009-04,ASN00041013,-28.2264,152.0661,394
2009-04,ASN00093046,-42.305,147.5708,252
2009-04,ASN00040980,-27.1822,153.0186,3300
2009-04,ASN00014719,-15.5789,135.4271,432
2009-04,ASN00014723,-16.0757,136.3041,0
2009-04,ASN00014729,-15.6293,136.3881,10
2009-04,ASN00014730,-14.1055,133.3422,34
2009-04,ASN00014816,-15.7372,131.5345,52
2009-04,ASN00014824,-16.1196,130.4282,0
2009-04,ASN00014825,-16.403,131.0145,46
2009-04,ASN00014829,-18.3325,130.6358,0
2009-04,ASN00014840,-17.3871,131.1166,18
2009-04,ASN00014704,-16.4423,136.076,8
2009-04,ASN00014847,-16.1176,130.9558,6
2009-04,ASN00014856,-18.3902,129.4299,0
2009-04,ASN00014857,-19.2798,129.9422,0
2009-04,ASN00014864,-16.3541,131.5147,0
2009-04,ASN00014866,-17.6129,130.0713,0
2009-04,ASN00014901,-13.8345,131.1872,0
2009-04,ASN00014909,-13.3275,133.0861,270
2009-04,ASN00014932,-14.5229,132.3826,0
2009-04,ASN00014947,-14.0106,132.2084,2
2009-04,ASN00014948,-14.2495,129.5282,556
2009-04,ASN00014853,-15.97,129.0407,0
2009-04,ASN00014949,-15.7442,131.9182,4
2009-04,ASN00014703,-15.7426,136.8192,192
2009-04,ASN00014652,-14.5264,132.8006,0
2009-04,ASN00014277,-12.635,130.3725,410
2009-04,ASN00014285,-12.3551,130.8857,552
2009-04,ASN00014401,-11.6502,133.3796,420
2009-04,ASN00014404,-12.0931,134.8919,320
2009-04,ASN00014405,-12.0569,134.2339,188
2009-04,ASN00014508,-12.2741,136.8203,1054
2009-04,ASN00014515,-12.5013,135.8001,1816
2009-04,ASN00014517,-11.9971,135.5726,958
2009-04,ASN00014518,-13.9747,136.4631,2324
2009-04,ASN00014654,-14.3295,133.1176,0
2009-04,ASN00014602,-14.1394,134.4742,64
2009-04,ASN00014621,-15.8087,134.1477,202
2009-04,ASN00014626,-16.2636,133.3782,2
2009-04,ASN00014627,-13.6714,134.3414,1176
2009-04,ASN00014639,-15.9179,132.3831,150
2009-04,ASN00014646,-14.8528,134.036,14
2009-04,ASN00014647,-15.2712,132.9127,0
2009-04,ASN00014648,-14.134,133.1094,24
2009-04,ASN00014650,-14.9147,133.127,16
2009-04,ASN00014651,-13.8269,133.3277,4
2009-04,ASN00014612,-15.5748,133.2138,28
2009-04,ASN00014950,-14.1243,132.6378,2
2009-04,ASN00014954,-14.9408,130.8092,0
2009-04,ASN00014955,-14.3202,132.4226,6
2009-04,ASN00015643,-22.4518,133.6377,10
2009-04,ASN00015652,-24.2914,131.5488,18
2009-04,ASN00015660,-25.3602,131.0196,102
2009-04,ASN00015661,-22.2109,134.1182,0
2009-04,ASN00015664,-23.27,129.38,34
2009-04,ASN00015666,-20.1824,130.0148,0
2009-04,ASN00015667,-23.6338,132.7311,60
2009-04,ASN00015673,-23.5312,134.3743,16
2009-04,ASN00016001,-31.1558,136.8054,28
2009-04,ASN00015641,-20.5476,130.3466,0
2009-04,ASN00016005,-32.3997,137.225,132
2009-04,ASN00016021,-31.2609,135.2374,0
2009-04,ASN00016028,-30.0047,136.0445,70
2009-04,ASN00016030,-30.1809,135.6629,66
2009-04,ASN00016031,-30.2406,133.9885,62
2009-04,ASN00016032,-32.5226,136.4926,198
2009-04,ASN00016034,-32.1572,135.0722,308
2009-04,ASN00016035,-30.4027,136.392,45
2009-04,ASN00016055,-32.3792,135.5247,294
2009-04,ASN00016056,-32.1232,137.1505,138
2009-04,ASN00016006,-29.9434,134.1506,35
2009-04,ASN00015635,-25.1896,130.9737,44
2009-04,ASN00015626,-22.3961,134.2335,10
2009-04,ASN00015618,-22.2747,137.9733,26
2009-04,ASN00014956,-13.9487,131.3191,0
2009-04,ASN00014962,-14.254,132.7357,16
2009-04,ASN00014965,-14.1882,132.3961,0
2009-04,ASN00014966,-14.3148,132.4248,0
2009-04,ASN00014967,-14.3055,132.0772,0
2009-04,ASN00015085,-18.637,135.945,0
2009-04,ASN00015088,-19.0579,136.7066,154
2009-04,ASN00015123,-18.8689,134.4991,0
2009-04,ASN00015131,-17.5521,133.5407,0
2009-04,ASN00015135,-19.6423,134.1833,10
2009-04,ASN00015139,-19.933,134.3548,0
2009-04,ASN00015501,-23.1273,133.836,0
2009-04,ASN00015511,-25.3139,131.7571,13
2009-04,ASN00015521,-23.2837,134.4229,4
2009-04,ASN00015548,-20.1883,130.0161,0
2009-04,ASN00015585,-21.7498,135.2382,0
2009-04,ASN00015590,-23.7951,133.889,0
2009-04,ASN00015594,-23.4564,134.6849,1
2009-04,ASN00015602,-22.9494,136.1442,0
2009-04,ASN00015607,-22.1305,132.0812,0
2009-04,ASN00015611,-22.7228,131.1685,0
2009-04,ASN00014275,-12.7164,131.8206,186
2009-04,ASN00014274,-11.0468,132.9791,526
2009-04,ASN00014272,-13.0545,131.0252,4
2009-04,ASN00014266,-12.4121,130.9669,839
2009-04,ASN00011019,-32.2464,126.3008,270
2009-04,ASN00011022,-31.7117,128.8867,12
2009-04,ASN00011052,-30.8453,128.1092,474
2009-04,ASN00012009,-32.2147,121.7547,24
2009-04,ASN00012011,-30.9869,119.1142,0
2009-04,ASN00012025,-27.9331,120.0575,305
2009-04,ASN00012029,-32.0339,122.8017,340
2009-04,ASN00012038,-30.7847,121.4533,128
2009-04,ASN00012043,-29.3361,121.4944,18
2009-04,ASN00011017,-32.4569,123.8653,413
2009-04,ASN00012044,-33.5547,120.6997,214
2009-04,ASN00012064,-31.3356,118.98,26
2009-04,ASN00012071,-32.9869,121.6239,4
2009-04,ASN00012072,-27.9875,119.2961,128
2009-04,ASN00012077,-32.8606,121.7081,26
2009-04,ASN00012079,-31.0381,119.3064,0
2009-04,ASN00012083,-31.3011,118.6922,52
2009-04,ASN00012092,-28.5606,119.0161,358
2009-04,ASN00012107,-33.4225,121.9894,200
2009-04,ASN00012117,-31.2186,121.6181,137
2009-04,ASN00012045,-28.6306,122.4072,564
2009-04,ASN00011008,-31.8433,127.8572,212
2009-04,ASN00011003,-31.6797,128.8792,22
2009-04,ASN00010917,-32.6722,116.6706,12
2009-04,ASN00010692,-33.1131,118.84,0
2009-04,ASN00010702,-32.1003,118.8058,0
2009-04,ASN00010704,-33.3281,117.5628,26
2009-04,ASN00010705,-32.3344,118.8492,30
2009-04,ASN00010729,-34.3439,118.6306,140
2009-04,ASN00010792,-34.1692,118.9444,212
2009-04,ASN00010799,-32.6339,118.0103,8
2009-04,ASN00010802,-33.4661,118.6361,36
2009-04,ASN00010831,-33.4836,117.61,52
2009-04,ASN00010866,-33.9317,117.3258,32
2009-04,ASN00010869,-33.5942,120.1833,130
2009-04,ASN00010872,-33.1722,118.2475,14
2009-04,ASN00010878,-33.5381,119.6564,125
2009-04,ASN00010893,-34.3078,117.4347,40
2009-04,ASN00010897,-34.2206,118.5042,134
2009-04,ASN00010904,-32.1717,118.6136,10
2009-04,ASN00010905,-33.8878,119.1092,192
2009-04,ASN00010908,-32.0294,116.8742,56
2009-04,ASN00010911,-33.1006,118.4647,0
2009-04,ASN00010912,-32.5878,117.6408,4
2009-04,ASN00010916,-33.6856,117.6064,62
2009-04,ASN00012141,-30.0242,119.28,492
2009-04,ASN00016065,-30.449,137.1692,64
2009-04,ASN00012152,-31.2617,120.0219,22
2009-04,ASN00012239,-28.4967,119.7436,284
2009-04,ASN00014142,-11.4022,130.4217,722
2009-04,ASN00014143,-12.8003,131.0507,169
2009-04,ASN00014144,-12.3962,130.8785,260
2009-04,ASN00014149,-12.4558,131.0505,208
2009-04,ASN00014153,-11.1538,132.143,466
2009-04,ASN00014163,-12.4396,130.8376,450
2009-04,ASN00014183,-12.8324,130.9713,224
2009-04,ASN00014198,-12.6594,132.8939,340
2009-04,ASN00014204,-13.7578,131.574,0
2009-04,ASN00014116,-12.4429,130.9325,624
2009-04,ASN00014219,-12.5491,131.0794,76
2009-04,ASN00014224,-13.8062,132.197,0
2009-04,ASN00014226,-12.5764,131.0829,216
2009-04,ASN00014227,-12.3887,130.9248,422
2009-04,ASN00014238,-12.4346,130.7491,796
2009-04,ASN00014246,-12.3784,130.9057,376
2009-04,ASN00014253,-13.1672,130.1225,52
2009-04,ASN00014260,-12.4819,130.8978,275
2009-04,ASN00014264,-12.7121,130.9889,60
2009-04,ASN00014265,-12.4126,130.9202,809
2009-04,ASN00014222,-12.6374,131.0763,56
2009-04,ASN00014112,-12.3786,130.8469,514
2009-04,ASN00014092,-13.2373,131.1042,20
2009-04,ASN00014062,-14.1435,132.1925,4
2009-04,ASN00012297,-33.4853,122.5867,106
2009-04,ASN00012305,-28.6133,122.4236,480
2009-04,ASN00012306,-33.5239,122.9469,183
2009-04,ASN00012308,-33.3356,122.0697,98
2009-04,ASN00012314,-27.8386,120.7031,280
2009-04,ASN00012320,-31.2353,119.3564,2
2009-04,ASN00013005,-26.2225,121.5561,154
2009-04,ASN00013006,-26.4006,120.9539,250
2009-04,ASN00013011,-26.1317,126.5839,230
2009-04,ASN00013015,-25.7964,122.9753,361
2009-04,ASN00013017,-25.0341,128.301,158
2009-04,ASN00013018,-26.1208,121.9403,145
2009-04,ASN00013024,-26.5172,122.8078,220
2009-04,ASN00013030,-21.7125,122.2281,2
2009-04,ASN00013032,-25.6361,121.3533,94
2009-04,ASN00013035,-27.0336,122.4439,246
2009-04,ASN00014015,-12.4239,130.8925,636
2009-04,ASN00014040,-12.4227,130.8844,677
2009-04,ASN00014041,-12.605,131.2988,512
2009-04,ASN00014055,-13.481,131.1173,0
2009-04,ASN00014059,-14.0829,131.8099,0
2009-04,ASN00012223,-33.2242,121.3544,120
2009-04,ASN00010647,-33.3075,117.3403,83
2009-04,ASN00016067,-32.4398,136.0671,204
2009-04,ASN00016090,-29.0347,134.7222,64
2009-04,ASN00020025,-33.5009,139.5154,100
2009-04,ASN00020028,-33.7622,140.1251,176
2009-04,ASN00020043,-33.1873,139.6209,48
2009-04,ASN00020049,-31.6382,140.513,174
2009-04,ASN00020053,-32.1698,140.7959,90
2009-04,ASN00020055,-31.7484,140.3426,126
2009-04,ASN00020059,-31.6619,140.6289,180
2009-04,ASN00020062,-32.5707,139.5645,36
2009-04,ASN00021001,-34.026,138.6846,714
2009-04,ASN00020022,-33.2458,140.0345,77
2009-04,ASN00021002,-34.1424,138.4225,178
2009-04,ASN00021004,-33.5643,138.7595,234
2009-04,ASN00021007,-33.6947,138.4057,481
2009-04,ASN00021010,-33.7459,138.5628,616
2009-04,ASN00021012,-33.8682,138.01,492
2009-04,ASN00021013,-33.1851,138.4968,436
2009-04,ASN00021015,-33.7045,138.2927,372
2009-04,ASN00021016,-33.353,138.2057,338
2009-04,ASN00021019,-33.8315,138.7917,498
2009-04,ASN00021020,-33.359,138.393,524
2009-04,ASN00021003,-33.845,138.4901,267
2009-04,ASN00021021,-33.2705,138.357,136
2009-04,ASN00020020,-32.6416,139.6496,50
2009-04,ASN00020013,-32.4292,139.9887,98
2009-04,ASN00019047,-32.6923,138.3247,128
2009-04,ASN00019048,-32.6521,138.1003,398
2009-04,ASN00019052,-33.0338,138.2686,417
2009-04,ASN00019053,-33.0856,138.2211,674
2009-04,ASN00019057,-32.552,138.8688,38
2009-04,ASN00019061,-32.0545,138.6427,140
2009-04,ASN00019062,-33.0287,138.7489,368
2009-04,ASN00019070,-31.5286,138.6093,420
2009-04,ASN00019078,-32.5172,137.8425,112
2009-04,ASN00020017,-32.4467,140.9233,118
2009-04,ASN00019106,-32.627,139.1923,93
2009-04,ASN00019112,-33.023,138.0698,200
2009-04,ASN00019113,-31.448,138.4531,110
2009-04,ASN00019114,-32.4295,138.8922,72
2009-04,ASN00019115,-33.0188,138.6153,432
2009-04,ASN00020000,-32.0498,140.162,184
2009-04,ASN00020001,-31.9695,140.5436,117
2009-04,ASN00020002,-32.076,140.9969,85
2009-04,ASN00020004,-31.6516,139.5491,100
2009-04,ASN00020010,-32.0646,139.382,54
2009-04,ASN00019111,-31.4763,139.1134,70
2009-04,ASN00021022,-33.4669,138.4424,506
2009-04,ASN00021024,-33.4595,138.7475,514
2009-04,ASN00021025,-33.8347,138.6532,946
2009-04,ASN00021133,-33.7676,138.2182,562
2009-04,ASN00022003,-34.6981,137.7116,500
2009-04,ASN00022008,-34.3745,137.6733,738
2009-04,ASN00022009,-34.7708,137.5952,222
2009-04,ASN00022011,-34.0672,137.5925,272
2009-04,ASN00022012,-34.0402,137.9004,671
2009-04,ASN00022013,-34.4951,137.4836,350
2009-04,ASN00022014,-34.7785,137.8579,132
2009-04,ASN00022015,-34.2971,138.0014,92
2009-04,ASN00021131,-33.8226,138.5933,686
2009-04,ASN00022017,-34.9122,137.7977,124
2009-04,ASN00022020,-33.9323,137.6282,351
2009-04,ASN00022022,-34.1447,138.0146,448
2009-04,ASN00022023,-35.0203,137.6064,180
2009-04,ASN00022031,-34.748,137.5276,352
2009-04,ASN00022033,-34.4724,137.885,514
2009-04,ASN00022036,-34.7477,137.6309,520
2009-04,ASN00022044,-34.239,137.9883,353
2009-04,ASN00022046,-35.1121,137.7395,410
2009-04,ASN00022049,-35.2795,136.9392,486
2009-04,ASN00022018,-34.9906,137.3995,372
2009-04,ASN00021130,-34.1002,138.631,610
2009-04,ASN00021127,-33.8828,138.6389,894
2009-04,ASN00021120,-33.2549,138.7867,560
2009-04,ASN00021027,-33.2036,138.6059,154
2009-04,ASN00021029,-33.5867,138.3343,432
2009-04,ASN00021031,-33.1851,138.3001,471
2009-04,ASN00021033,-33.9136,138.7195,586
2009-04,ASN00021034,-33.5592,138.903,412
2009-04,ASN00021042,-33.6029,137.9348,349
2009-04,ASN00021044,-34.1848,138.1478,240
2009-04,ASN00021045,-33.5407,138.2244,630
2009-04,ASN00021055,-33.2296,138.8844,338
2009-04,ASN00021057,-33.5707,138.4503,296
2009-04,ASN00021060,-33.2025,138.6024,132
2009-04,ASN00021062,-33.3041,138.7553,704
2009-04,ASN00021063,-34.1564,138.1827,198
2009-04,ASN00021072,-33.3265,138.3172,494
2009-04,ASN00021075,-33.7464,138.6058,588
2009-04,ASN00021076,-33.9309,138.814,524
2009-04,ASN00021077,-33.6781,138.9371,322
2009-04,ASN00021102,-33.35,138.102,500
2009-04,ASN00021104,-33.9943,138.4539,316
2009-04,ASN00021106,-33.953,138.3903,426
2009-04,ASN00021110,-33.7876,137.7068,282
2009-04,ASN00019046,-31.775,138.6529,60
2009-04,ASN00019043,-32.9495,138.5174,290
2009-04,ASN00019042,-32.8454,138.2116,352
2009-04,ASN00019038,-32.3538,138.0371,296
2009-04,ASN00018019,-34.3853,135.4697,552
2009-04,ASN00018022,-33.6772,136.9116,31
2009-04,ASN00018023,-34.2644,135.7266,204
2009-04,ASN00018024,-33.4678,136.2113,306
2009-04,ASN00018034,-32.7324,137.1505,45
2009-04,ASN00018040,-33.1414,136.4125,392
2009-04,ASN00018043,-34.4139,135.8224,115
2009-04,ASN00018044,-33.1332,135.5552,208
2009-04,ASN00018046,-33.5679,135.7571,226
2009-04,ASN00018014,-33.7011,136.4937,242
2009-04,ASN00018047,-32.0723,133.9401,264
2009-04,ASN00018060,-31.7782,132.2038,290
2009-04,ASN00018063,-31.932,133.0056,292
2009-04,ASN00018069,-33.6501,134.888,438
2009-04,ASN00018077,-32.3752,133.9353,274
2009-04,ASN00018079,-32.7963,134.2116,471
2009-04,ASN00018083,-33.043,135.4519,182
2009-04,ASN00018086,-34.3756,136.1026,168
2009-04,ASN00018091,-34.2617,136.2092,196
2009-04,ASN00018094,-32.4035,134.5323,266
2009-04,ASN00018054,-33.0314,134.7015,416
2009-04,ASN00018012,-32.1297,133.6976,188
2009-04,ASN00018001,-33.9118,136.5697,76
2009-04,ASN00017131,-29.9062,139.7345,162
2009-04,ASN00016095,-26.2085,133.8545,64
2009-04,ASN00016096,-30.4829,136.8772,42
2009-04,ASN00016097,-26.2635,132.1771,132
2009-04,ASN00016098,-30.7051,134.5786,86
2009-04,ASN00017014,-31.0939,138.6786,206
2009-04,ASN00017024,-30.066,138.2739,162
2009-04,ASN00017028,-27.724,140.7633,40
2009-04,ASN00017032,-30.9904,138.5787,210
2009-04,ASN00017037,-29.239,137.9058,232
2009-04,ASN00017041,-30.9372,138.8919,84
2009-04,ASN00017043,-27.5553,135.4456,64
2009-04,ASN00017054,-31.1278,138.9618,60
2009-04,ASN00017089,-27.7205,138.2548,51
2009-04,ASN00017098,-31.1881,138.2785,62
2009-04,ASN00017099,-30.311,139.3357,114
2009-04,ASN00017110,-30.5963,138.4219,124
2009-04,ASN00017115,-29.1266,140.9018,0
2009-04,ASN00017119,-30.8406,138.3224,126
2009-04,ASN00017123,-28.0997,140.1956,10
2009-04,ASN00017126,-29.6587,138.0684,238
2009-04,ASN00017130,-29.7138,137.9017,160
2009-04,ASN00018096,-33.6824,136.6831,202
2009-04,ASN00016086,-31.7646,135.6494,80
2009-04,ASN00018098,-32.9475,135.2754,205
2009-04,ASN00018107,-34.5911,135.7572,784
2009-04,ASN00018203,-34.344,136.0471,323
2009-04,ASN00018204,-33.5879,134.8859,336
2009-04,ASN00018205,-34.7405,135.845,500
2009-04,ASN00018209,-33.8189,135.4857,263
2009-04,ASN00018213,-33.7412,135.0804,480
2009-04,ASN00018214,-32.9232,136.4778,206
2009-04,ASN00019001,-33.0524,138.4277,262
2009-04,ASN00019002,-32.2507,137.9776,308
2009-04,ASN00019005,-32.8247,138.6907,282
2009-04,ASN00018201,-32.5091,137.7144,108
2009-04,ASN00019006,-32.881,138.3519,318
2009-04,ASN00019009,-32.4244,138.5304,200
2009-04,ASN00019010,-32.0695,138.4948,168
2009-04,ASN00019013,-32.5373,138.5626,206
2009-04,ASN00019017,-31.8846,138.435,178
2009-04,ASN00019024,-32.8294,138.1907,562
2009-04,ASN00019031,-32.8776,139.0578,198
2009-04,ASN00019032,-32.7335,138.6135,120
2009-04,ASN00019034,-32.9737,138.8375,198
2009-04,ASN00019037,-33.0216,138.0002,177
2009-04,ASN00019008,-32.4618,138.2004,162
2009-04,ASN00018198,-33.4138,136.5989,322
2009-04,ASN00018195,-32.8427,135.1515,246
2009-04,ASN00018193,-33.0267,136.3171,272
2009-04,ASN00018110,-30.6143,130.4136,164
2009-04,ASN00018113,-33.965,136.2472,206
2009-04,ASN00018114,-30.1591,131.579,227
2009-04,ASN00018115,-35.3365,136.1174,384
2009-04,ASN00018116,-33.7081,136.5026,164
2009-04,ASN00018120,-33.0539,137.5205,94
2009-04,ASN00018144,-34.5424,135.6997,464
2009-04,ASN00018164,-33.6993,135.9238,258
2009-04,ASN00018165,-33.5733,135.602,342
2009-04,ASN00018166,-32.2811,134.4714,350
2009-04,ASN00018171,-34.1361,135.3319,246
2009-04,ASN00018172,-32.921,135.9996,269
2009-04,ASN00018174,-33.7234,136.1511,114
2009-04,ASN00018176,-33.3416,136.7518,150
2009-04,ASN00018182,-31.9661,133.3316,316
2009-04,ASN00018184,-33.6125,136.3722,236
2009-04,ASN00018186,-32.5534,136.7123,82
2009-04,ASN00018188,-34.6252,135.4725,510
2009-04,ASN00018189,-33.7516,135.1863,318
2009-04,ASN00018190,-32.9004,136.1858,224
2009-04,ASN00018192,-34.5993,135.8784,336
2009-04,ASN00018106,-31.4492,130.8976,168
2009-04,ASN00010641,-33.375,116.9053,126
2009-04,ASN00010635,-33.7853,116.9064,42
2009-04,ASN00010633,-33.5803,120.0458,227
2009-04,ASN00008064,-30.6719,116.3078,44
2009-04,ASN00008066,-30.7008,117.0608,78
2009-04,ASN00008072,-29.7586,116.4444,64
2009-04,ASN00008077,-29.6006,115.9392,290
2009-04,ASN00008095,-28.5367,115.5142,0
2009-04,ASN00008100,-28.3456,114.6367,8
2009-04,ASN00008107,-29.4417,116.2875,72
2009-04,ASN00008113,-27.8325,114.7364,10
2009-04,ASN00008121,-29.5339,115.7628,86
2009-04,ASN00008060,-29.0364,115.5536,8
2009-04,ASN00008137,-30.8917,116.7186,130
2009-04,ASN00008146,-30.0706,116.2092,155
2009-04,ASN00008157,-28.8978,115.8628,0
2009-04,ASN00008200,-28.6936,115.0408,2
2009-04,ASN00008202,-30.6219,116.3794,56
2009-04,ASN00008237,-28.6857,115.2806,6
2009-04,ASN00008240,-28.8939,115.4539,0
2009-04,ASN00008251,-27.7119,114.165,0
2009-04,ASN00008254,-30.7092,116.7744,54
2009-04,ASN00008271,-28.8114,115.9675,0
2009-04,ASN00008143,-29.2872,115.6331,0
2009-04,ASN00008283,-30.1453,116.3844,66
2009-04,ASN00008057,-29.5486,115.0689,0
2009-04,ASN00008051,-28.7953,114.6975,12
2009-04,ASN00007103,-25.48,119.6492,48
2009-04,ASN00007139,-29.2708,117.6836,250
2009-04,ASN00007176,-23.4169,119.7989,82
2009-04,ASN00007177,-23.6042,117.6892,72
2009-04,ASN00007179,-24.4114,118.9408,100
2009-04,ASN00007180,-25.0386,120.0064,80
2009-04,ASN00007185,-23.1725,117.7494,84
2009-04,ASN00007197,-28.2817,118.3111,276
2009-04,ASN00007600,-28.1156,117.8425,94
2009-04,ASN00008052,-28.17,114.7614,8
2009-04,ASN00008002,-30.5967,116.7714,80
2009-04,ASN00008008,-30.5831,116.135,30
2009-04,ASN00008013,-29.3303,116.1433,44
2009-04,ASN00008014,-30.2192,116.7783,180
2009-04,ASN00008016,-30.445,117.0406,36
2009-04,ASN00008022,-30.2911,116.3306,262
2009-04,ASN00008025,-29.6889,115.8869,250
2009-04,ASN00008028,-28.5008,114.7897,0
2009-04,ASN00008037,-29.8819,116.0233,0
2009-04,ASN00008050,-28.7769,114.605,2
2009-04,ASN00008005,-30.7294,116.02,18
2009-04,ASN00008285,-28.3181,114.7614,0
2009-04,ASN00008286,-28.275,114.6761,12
2009-04,ASN00008290,-28.3008,113.5936,4
2009-04,ASN00009106,-32.0486,115.9839,52
2009-04,ASN00009111,-32.44,116.0744,18
2009-04,ASN00009112,-31.3928,116.0875,216
2009-04,ASN00009113,-32.1108,116.0953,64
2009-04,ASN00009131,-30.3081,115.0311,110
2009-04,ASN00009151,-31.9556,115.7928,51
2009-04,ASN00009168,-32.1189,116.1206,62
2009-04,ASN00009172,-32.1011,115.8794,46
2009-04,ASN00009178,-31.4628,115.8642,96
2009-04,ASN00009105,-31.7317,115.7931,50
2009-04,ASN00009193,-32.0069,115.5022,60
2009-04,ASN00009207,-32.0208,116.1167,74
2009-04,ASN00009215,-31.9558,115.7619,56
2009-04,ASN00009225,-31.9192,115.8728,50
2009-04,ASN00009240,-32.0056,116.1364,90
2009-04,ASN00009242,-32.3956,115.9744,8
2009-04,ASN00009243,-31.335,115.5722,170
2009-04,ASN00009248,-31.332,115.9513,122
2009-04,ASN00009252,-31.7683,116.2475,276
2009-04,ASN00009256,-32.2433,115.6839,246
2009-04,ASN00009199,-29.9486,114.9781,22
2009-04,ASN00009066,-31.7908,116.1975,136
2009-04,ASN00009053,-31.6669,116.0189,62
2009-04,ASN00009040,-31.1428,116.0539,64
2009-04,ASN00008294,-28.2094,115.285,0
2009-04,ASN00008296,-29.2039,116.0247,48
2009-04,ASN00008297,-30.2761,116.6714,154
2009-04,ASN00008298,-28.7597,114.937,8
2009-04,ASN00008299,-29.1103,115.3173,6
2009-04,ASN00008300,-29.0692,115.0915,12
2009-04,ASN00008304,-28.9571,114.9492,8
2009-04,ASN00008305,-29.2778,114.9464,4
2009-04,ASN00008307,-28.89,115.4397,4
2009-04,ASN00008308,-28.8,115.76,6
2009-04,ASN00008309,-29.3,115.6597,0
2009-04,ASN00008310,-29.0291,115.5548,2
2009-04,ASN00009009,-31.605,116.1114,252
2009-04,ASN00009015,-32.0892,116.125,72
2009-04,ASN00009018,-31.3461,115.9031,139
2009-04,ASN00009021,-31.9275,115.9764,68
2009-04,ASN00009024,-31.5608,116.0842,142
2009-04,ASN00009030,-31.8972,116.1575,132
2009-04,ASN00009033,-30.9719,116.2089,42
2009-04,ASN00009037,-30.3381,115.5394,28
2009-04,ASN00009039,-32.3536,116.005,12
2009-04,ASN00007101,-26.2822,118.6933,0
2009-04,ASN00007090,-28.8439,117.8317,240
2009-04,ASN00007083,-23.6239,118.6561,34
2009-04,ASN00007081,-28.8928,117.1333,200
2009-04,ASN00003001,-17.2767,122.5711,230
2009-04,ASN00003003,-17.9475,122.2353,0
2009-04,ASN00003014,-18.2914,125.5869,0
2009-04,ASN00003019,-17.3306,124.8167,0
2009-04,ASN00003027,-18.1386,125.7764,0
2009-04,ASN00003028,-19.2536,121.4861,0
2009-04,ASN00003030,-18.6844,121.7803,38
2009-04,ASN00003032,-17.3706,123.6611,40
2009-04,ASN00003040,-17.9903,124.1922,0
2009-04,ASN00002067,-15.9816,128.9991,0
2009-04,ASN00003041,-17.6925,122.7128,149
2009-04,ASN00003051,-16.7372,125.9086,16
2009-04,ASN00003052,-16.8206,124.9158,50
2009-04,ASN00003057,-16.4514,123.0086,0
2009-04,ASN00003066,-18.5175,121.8072,0
2009-04,ASN00003068,-18.5075,123.4561,0
2009-04,ASN00003073,-16.6872,123.8375,570
2009-04,ASN00003080,-17.5736,123.8217,0
2009-04,ASN00003084,-17.3436,123.6781,0
2009-04,ASN00003093,-18.1814,125.5619,0
2009-04,ASN00003048,-18.9158,125.5264,22
2009-04,ASN00002064,-16.6381,128.4517,0
2009-04,ASN00002056,-15.7814,128.71,4
2009-04,ASN00002049,-18.1947,127.8147,0
2009-04,ASN00041012,-26.6764,150.8992,320
2009-04,ASN00001006,-15.51,128.1503,0
2009-04,ASN00001010,-14.7883,126.4964,0
2009-04,ASN00001018,-16.4181,126.1025,3
2009-04,ASN00001019,-14.2964,126.6453,10
2009-04,ASN00001020,-14.09,126.3867,0
2009-04,ASN00001023,-16.0086,127.9806,0
2009-04,ASN00001025,-15.3797,126.3114,22
2009-04,ASN00001026,-15.7025,126.3786,0
2009-04,ASN00001031,-13.96,127.1964,0
2009-04,ASN00001035,-15.5969,128.2781,3
2009-04,ASN00002009,-16.4203,126.4411,2
2009-04,ASN00002012,-18.2292,127.6636,0
2009-04,ASN00002021,-18.3869,126.9892,0
2009-04,ASN00002022,-18.016,126.3033,0
2009-04,ASN00002023,-18.0308,128.8942,0
2009-04,ASN00002026,-18.5958,127.6419,0
2009-04,ASN00002029,-19.1625,128.1633,0
2009-04,ASN00002032,-17.0156,128.2175,4
2009-04,ASN00002043,-18.3368,126.1243,72
2009-04,ASN00002044,-16.1119,128.7414,0
2009-04,ASN00003098,-17.0549,125.7108,2
2009-04,ASN00009257,-32.1569,115.9275,38
2009-04,ASN00003100,-17.9503,124.2653,0
2009-04,ASN00004016,-20.7867,118.5972,0
2009-04,ASN00006011,-24.8878,113.67,2
2009-04,ASN00006022,-25.0544,115.21,24
2009-04,ASN00006034,-25.3656,114.3594,0
2009-04,ASN00006044,-25.9261,113.5319,0
2009-04,ASN00006058,-27.4278,115.5147,0
2009-04,ASN00006072,-23.0314,115.0414,80
2009-04,ASN00006097,-26.1203,113.3975,0
2009-04,ASN00006099,-26.8936,115.9561,32
2009-04,ASN00006105,-25.8925,113.5772,10
2009-04,ASN00006008,-25.0481,114.0294,0
2009-04,ASN00007007,-26.9844,116.5361,10
2009-04,ASN00007017,-27.4233,117.8994,105
2009-04,ASN00007019,-24.0019,119.5725,36
2009-04,ASN00007023,-25.6864,119.2258,73
2009-04,ASN00007030,-26.1142,117.5047,0
2009-04,ASN00007045,-26.6136,118.5372,8
2009-04,ASN00007059,-24.2297,118.2408,80
2009-04,ASN00007064,-27.3636,116.4261,0
2009-04,ASN00007068,-29.425,117.2906,150
2009-04,ASN00007078,-26.5597,118.5397,120
2009-04,ASN00007014,-27.2528,117.6525,0
2009-04,ASN00005095,-22.9367,116.9731,30
2009-04,ASN00005094,-20.875,115.4056,0
2009-04,ASN00005084,-21.4606,115.0197,28
2009-04,ASN00004019,-19.7419,120.8436,0
2009-04,ASN00004032,-20.3725,118.6317,0
2009-04,ASN00004038,-20.7483,118.8172,0
2009-04,ASN00004039,-20.9469,117.3733,14
2009-04,ASN00004041,-20.8503,120.695,0
2009-04,ASN00004068,-19.7789,120.6417,0
2009-04,ASN00004083,-20.7097,116.7742,0
2009-04,ASN00004090,-20.7594,117.1583,0
2009-04,ASN00004106,-21.1756,119.7497,0
2009-04,ASN00005001,-21.8047,117.8056,0
2009-04,ASN00005006,-22.9119,116.2903,124
2009-04,ASN00005007,-22.2406,114.0967,10
2009-04,ASN00005008,-21.1906,115.9797,22
2009-04,ASN00005012,-21.5906,117.0656,0
2009-04,ASN00005014,-21.7869,117.8647,0
2009-04,ASN00005017,-21.6689,115.1092,0
2009-04,ASN00005022,-21.975,116.0653,14
2009-04,ASN00005029,-21.6767,116.3928,0
2009-04,ASN00005036,-22.9367,115.9825,44
2009-04,ASN00005061,-20.7278,116.7483,4
2009-04,ASN00005069,-21.6392,116.3308,6
2009-04,ASN00004006,-22.1828,119.935,0
2009-04,ASN00009258,-32.2156,115.8758,48
2009-04,ASN00009260,-32.4697,116.2143,20
2009-04,ASN00009263,-31.8372,115.95,114
2009-04,ASN00010061,-31.1417,116.9558,40
2009-04,ASN00010064,-31.2747,116.5075,126
2009-04,ASN00010070,-30.3686,117.1133,176
2009-04,ASN00010073,-31.6183,117.7217,62
2009-04,ASN00010076,-31.0597,116.7319,78
2009-04,ASN00010082,-31.1125,117.9186,114
2009-04,ASN00010084,-30.1056,117.3597,48
2009-04,ASN00010091,-31.6322,117.0081,161
2009-04,ASN00010092,-31.4756,118.2789,60
2009-04,ASN00010060,-31.9886,118.5106,10
2009-04,ASN00010095,-31.5936,118.2347,52
2009-04,ASN00010111,-31.6508,116.6586,173
2009-04,ASN00010112,-31.1842,118.1006,46
2009-04,ASN00010118,-31.9917,118.0264,30
2009-04,ASN00010119,-31.795,118.3947,42
2009-04,ASN00010121,-31.6431,117.4872,98
2009-04,ASN00010124,-31.5136,118.1753,74
2009-04,ASN00010126,-31.1153,117.7942,202
2009-04,ASN00010134,-31.3119,116.515,108
2009-04,ASN00010135,-30.4869,118.1258,76
2009-04,ASN00010097,-30.6569,117.2625,88
2009-04,ASN00010058,-31.2994,116.8269,0
2009-04,ASN00010053,-31.7233,118.4372,64
2009-04,ASN00010043,-31.7661,116.9167,84
2009-04,ASN00009989,-33.6458,115.9553,4
2009-04,ASN00009990,-33.4775,115.7393,2
2009-04,ASN00009991,-33.5711,115.8383,2
2009-04,ASN00009992,-33.5435,115.5509,0
2009-04,ASN00009994,-33.3608,116.1717,4
2009-04,ASN00009997,-33.7647,115.8431,6
2009-04,ASN00009998,-34.9469,116.7222,92
2009-04,ASN00010000,-31.1675,117.0736,72
2009-04,ASN00010007,-30.8081,117.8603,234
2009-04,ASN00010009,-31.2744,116.5092,126
2009-04,ASN00010010,-30.9386,117.9642,276
2009-04,ASN00010011,-30.4731,118.3819,135
2009-04,ASN00010012,-31.5278,117.4361,280
2009-04,ASN00010019,-31.3958,118.4808,64
2009-04,ASN00010026,-30.0606,117.1417,198
2009-04,ASN00010031,-31.3742,117.5861,90
2009-04,ASN00010032,-30.9964,117.3953,236
2009-04,ASN00010039,-31.0072,117.2042,100
2009-04,ASN00010040,-31.6089,117.8775,56
2009-04,ASN00010041,-31.6192,117.4372,104
2009-04,ASN00010042,-31.1936,117.0311,0
2009-04,ASN00010136,-30.5892,118.1489,278
2009-04,ASN00009988,-33.6808,115.6242,2
2009-04,ASN00010143,-31.415,117.2664,54
2009-04,ASN00010149,-31.3361,117.8164,76
2009-04,ASN00010534,-32.4825,117.5647,14
2009-04,ASN00010536,-32.3292,117.8733,5
2009-04,ASN00010537,-34.2961,117.5533,165
2009-04,ASN00010541,-33.8594,118.8158,96
2009-04,ASN00010546,-33.3142,117.74,32
2009-04,ASN00010556,-32.4797,116.8167,52
2009-04,ASN00010558,-33.9372,118.0075,114
2009-04,ASN00010560,-32.5403,119.1122,0
2009-04,ASN00010565,-32.6744,119.4144,0
2009-04,ASN00010531,-33.7069,117.2411,236
2009-04,ASN00010568,-32.4419,118.8983,10
2009-04,ASN00010582,-33.83,117.159,16
2009-04,ASN00010584,-32.6719,118.1547,4
2009-04,ASN00010603,-32.4231,118.2003,0
2009-04,ASN00010611,-33.2761,119.7753,0
2009-04,ASN00010612,-32.0656,118.3956,15
2009-04,ASN00010614,-32.9342,117.1797,80
2009-04,ASN00010622,-33.9644,118.4889,108
2009-04,ASN00010626,-32.5336,117.0831,56
2009-04,ASN00010628,-32.0094,117.4014,61
2009-04,ASN00010571,-32.3789,116.8258,52
2009-04,ASN00010530,-33.9144,117.0994,24
2009-04,ASN00010527,-32.3756,117.5128,32
2009-04,ASN00010524,-32.3725,117.0072,56
2009-04,ASN00010150,-31.6358,116.7961,50
2009-04,ASN00010151,-31.5317,118.0986,64
2009-04,ASN00010155,-30.7686,117.1361,18
2009-04,ASN00010160,-31.4533,117.1194,76
2009-04,ASN00010163,-31.7711,117.1433,78
2009-04,ASN00010192,-30.5539,118.2828,192
2009-04,ASN00010286,-31.6219,117.2217,230
2009-04,ASN00010294,-31.5736,117.5097,132
2009-04,ASN00010304,-31.485,116.5383,218
2009-04,ASN00010307,-31.7936,116.6278,70
2009-04,ASN00010308,-31.55,116.4867,144
2009-04,ASN00010310,-31.7647,116.3464,100
2009-04,ASN00010311,-31.8997,116.765,54
2009-04,ASN00010502,-34.2553,118.2214,30
2009-04,ASN00010503,-32.0311,118.0947,40
2009-04,ASN00010508,-33.6361,117.9278,74
2009-04,ASN00010511,-32.8022,117.5025,0
2009-04,ASN00010513,-32.3869,118.2622,12
2009-04,ASN00010515,-32.1083,116.9247,54
2009-04,ASN00010518,-32.4006,118.6058,10
2009-04,ASN00010520,-33.6614,117.0539,164
2009-04,ASN00010145,-31.3756,117.5853,74
2009-04,ASN00022050,-33.9703,137.6628,430
2009-04,ASN00009987,-33.6414,115.7028,4
2009-04,ASN00009978,-33.7563,115.2096,18
2009-04,ASN00009594,-34.435,119.3628,372
2009-04,ASN00009600,-33.9525,115.1969,22
2009-04,ASN00009603,-33.6858,115.4008,0
2009-04,ASN00009611,-34.9761,116.7328,88
2009-04,ASN00009613,-34.1436,115.2261,68
2009-04,ASN00009615,-34.715,118.4692,390
2009-04,ASN00009616,-34.0911,116.6628,38
2009-04,ASN00009617,-33.9486,116.1311,20
2009-04,ASN00009619,-34.1519,116.2042,40
2009-04,ASN00009592,-34.4478,116.0433,174
2009-04,ASN00009626,-33.7106,121.5619,348
2009-04,ASN00009633,-34.8644,118.1122,558
2009-04,ASN00009635,-34.3633,117.0836,66
2009-04,ASN00009636,-33.8358,115.0747,864
2009-04,ASN00009642,-33.1336,115.8808,0
2009-04,ASN00009645,-33.7981,121.1503,270
2009-04,ASN00009647,-34.9506,117.2769,542
2009-04,ASN00009654,-34.3986,119.3778,240
2009-04,ASN00009678,-34.8772,117.6725,338
2009-04,ASN00009692,-34.2258,115.7622,55
2009-04,ASN00009628,-33.36,116.1467,0
2009-04,ASN00009590,-34.6339,116.1236,148
2009-04,ASN00009589,-34.9919,116.8206,134
2009-04,ASN00009587,-33.9967,116.4253,40
2009-04,ASN00009264,-31.7078,115.7242,50
2009-04,ASN00009500,-35.0289,117.8808,252
2009-04,ASN00009506,-34.4678,116.9169,76
2009-04,ASN00009507,-32.6836,116.5194,20
2009-04,ASN00009513,-33.2136,115.85,0
2009-04,ASN00009515,-33.6611,115.3456,10
2009-04,ASN00009518,-34.3728,115.1358,66
2009-04,ASN00009519,-33.5372,115.0189,38
2009-04,ASN00009527,-33.3969,115.7833,0
2009-04,ASN00009531,-34.9617,117.3567,240
2009-04,ASN00009532,-34.9528,117.3733,468
2009-04,ASN00009534,-33.5719,115.8247,10
2009-04,ASN00009538,-32.7103,116.0594,12
2009-04,ASN00009542,-33.6825,121.8275,348
2009-04,ASN00009547,-34.0717,115.0986,68
2009-04,ASN00009556,-33.9781,116.3336,144
2009-04,ASN00009573,-34.2508,116.145,64
2009-04,ASN00009574,-33.9592,115.0642,89
2009-04,ASN00009575,-32.8556,116.45,0
2009-04,ASN00009579,-33.7633,122.0675,220
2009-04,ASN00009584,-33.7422,121.995,330
2009-04,ASN00009738,-33.4531,116.3025,5
2009-04,ASN00009982,-33.3878,115.8538,2
2009-04,ASN00009739,-33.6789,122.3311,46
2009-04,ASN00009752,-34.7233,117.3494,224
2009-04,ASN00009897,-33.8536,123.0069,156
2009-04,ASN00009899,-34.8883,118.0789,500
2009-04,ASN00009904,-34.5967,116.1072,70
2009-04,ASN00009908,-34.2292,115.9294,54
2009-04,ASN00009912,-33.445,115.8508,0
2009-04,ASN00009914,-33.3197,116.6464,2
2009-04,ASN00009917,-33.7058,115.7878,4
2009-04,ASN00009927,-33.6028,116.0128,6
2009-04,ASN00009928,-34.8389,116.7211,104
2009-04,ASN00009894,-32.9183,115.9217,3
2009-04,ASN00009936,-32.6239,116.0603,24
2009-04,ASN00009958,-34.6625,117.8394,356
2009-04,ASN00009961,-33.9306,120.1283,394
2009-04,ASN00009964,-34.5714,117.0106,98
2009-04,ASN00009965,-33.3567,115.6447,0
2009-04,ASN00009967,-34.7772,117.6508,210
2009-04,ASN00009968,-34.5683,116.3367,84
2009-04,ASN00009971,-33.7844,115.4075,2
2009-04,ASN00009976,-32.6453,115.8644,2
2009-04,ASN00009977,-32.5219,115.7119,42
2009-04,ASN00009957,-35.0367,116.9247,64
2009-04,ASN00009877,-33.6033,115.4983,0
2009-04,ASN00009871,-34.8361,116.0308,66
2009-04,ASN00009868,-33.7078,120.8653,192
2009-04,ASN00009754,-34.5961,118.5519,314
2009-04,ASN00009766,-35.0597,117.8658,264
2009-04,ASN00009769,-32.5698,116.4385,30
2009-04,ASN00009771,-33.7411,115.4697,0
2009-04,ASN00009772,-33.7608,121.2156,292
2009-04,ASN00009776,-33.7931,115.3189,4
2009-04,ASN00009784,-34.9319,117.1606,260
2009-04,ASN00009789,-33.83,121.8925,502
2009-04,ASN00009801,-34.1597,115.1892,76
2009-04,ASN00009803,-33.7831,115.3447,6
2009-04,ASN00009804,-33.8811,122.2167,280
2009-04,ASN00009805,-34.9769,116.7286,95
2009-04,ASN00009813,-33.7297,122.755,128
2009-04,ASN00009815,-33.8819,122.5661,368
2009-04,ASN00009822,-33.7753,121.555,388
2009-04,ASN00009842,-33.7964,115.6658,12
2009-04,ASN00009843,-34.4417,116.9944,70
2009-04,ASN00009848,-34.7719,118.1317,478
2009-04,ASN00009850,-34.5378,117.7197,42
2009-04,ASN00009852,-34.8883,118.3958,278
2009-04,ASN00009865,-34.3997,118.8867,432
2009-04,ASN00009741,-34.9414,117.8022,494
2009-04,ASN00022054,-34.5552,137.8581,354
2009-04,ASN00001007,-13.7542,126.1485,0
2009-04,ASN00022056,-34.402,137.7185,448
2009-04,ASN00038049,-24.8519,142.6964,280
2009-04,ASN00038056,-25.6653,142.1086,126
2009-04,ASN00038060,-25.1806,142.6817,210
2009-04,ASN00038062,-24.6947,143.1275,440
2009-04,ASN00038063,-25.1494,142.9833,265
2009-04,ASN00039000,-25.1333,151.1292,442
2009-04,ASN00039009,-24.8408,152.2414,1620
2009-04,ASN00039018,-24.0222,151.7642,2180
2009-04,ASN00039035,-23.1375,149.9726,355
2009-04,ASN00038035,-25.5903,143.8917,880
2009-04,ASN00039036,-25.3706,151.1222,536
2009-04,ASN00039043,-23.5255,150.5078,548
2009-04,ASN00039054,-24.1967,150.3714,422
2009-04,ASN00039059,-24.1116,152.7161,550
2009-04,ASN00039066,-25.6167,151.6156,462
2009-04,ASN00039067,-23.5798,150.4044,416
2009-04,ASN00039068,-23.8104,150.9783,60
2009-04,ASN00039070,-25.1694,151.6375,506
2009-04,ASN00039071,-24.5722,149.9694,212
2009-04,ASN00039073,-25.5908,151.2986,568
2009-04,ASN00039040,-24.9933,151.9606,28
2009-04,ASN00039083,-23.3753,150.4775,486
2009-04,ASN00038026,-25.8975,139.3472,0
2009-04,ASN00038020,-25.79,139.5856,0
2009-04,ASN00036172,-21.9667,144.3333,0
2009-04,ASN00037000,-22.1542,142.49,124
2009-04,ASN00037003,-20.4661,138.4683,0
2009-04,ASN00037010,-19.9225,138.1214,108
2009-04,ASN00037025,-21.55,143.8031,52
2009-04,ASN00037030,-21.8886,143.6019,420
2009-04,ASN00037034,-21.8125,139.9267,60
2009-04,ASN00037036,-21.84,140.8925,58
2009-04,ASN00037039,-22.3617,143.0836,262
2009-04,ASN00038024,-25.4228,142.6564,132
2009-04,ASN00037046,-22.2903,142.4731,142
2009-04,ASN00037106,-21.8831,139.9728,27
2009-04,ASN00037112,-23.9686,143.3031,231
2009-04,ASN00037120,-21.8958,143.0967,224
2009-04,ASN00038000,-24.3597,139.4714,0
2009-04,ASN00038003,-22.9117,139.9039,20
2009-04,ASN00038004,-24.8522,143.6672,68
2009-04,ASN00038009,-24.7856,139.5919,0
2009-04,ASN00038010,-22.9144,138.8036,0
2009-04,ASN00038014,-23.365,139.6556,30
2009-04,ASN00037056,-22.2628,143.7447,56
2009-04,ASN00039085,-24.7298,153.2089,790
2009-04,ASN00039089,-24.4935,150.5709,431
2009-04,ASN00039092,-24.6792,152.1881,1166
2009-04,ASN00039290,-24.4131,150.5208,460
2009-04,ASN00039303,-25.2558,152.2819,736
2009-04,ASN00039313,-25.1367,151.98,770
2009-04,ASN00039314,-24.1542,151.8875,994
2009-04,ASN00039319,-25.1303,151.1297,390
2009-04,ASN00039321,-25.4,151.1,420
2009-04,ASN00039326,-23.8697,151.2214,952
2009-04,ASN00039332,-24.41,149.8356,388
2009-04,ASN00039334,-24.0213,150.9603,420
2009-04,ASN00039278,-24.8394,150.7444,730
2009-04,ASN00039338,-24.9822,152.0731,1616
2009-04,ASN00039340,-25.62,151.59,486
2009-04,ASN00039341,-25.5247,151.76,734
2009-04,ASN00039343,-25.5378,151.32,390
2009-04,ASN00039346,-25.695,151.3325,410
2009-04,ASN00040004,-27.6297,152.7111,420
2009-04,ASN00040020,-26.8848,152.1006,810
2009-04,ASN00040026,-25.5997,152.5925,2950
2009-04,ASN00040028,-25.6006,152.2614,788
2009-04,ASN00040042,-28.0142,153.1664,2050
2009-04,ASN00039339,-25.1475,151.6286,466
2009-04,ASN00039256,-25.1475,151.6286,392
2009-04,ASN00039255,-24.1664,151.5128,568
2009-04,ASN00039252,-24.2122,151.4219,736
2009-04,ASN00039095,-24.6342,152.0228,1335
2009-04,ASN00039097,-24.7158,152.0075,1070
2009-04,ASN00039102,-23.9078,150.1953,245
2009-04,ASN00039104,-24.8642,151.1247,785
2009-04,ASN00039106,-24.4081,150.7258,214
2009-04,ASN00039123,-23.8553,151.2628,808
2009-04,ASN00039128,-24.8885,152.3235,1162
2009-04,ASN00039129,-24.6156,151.105,318
2009-04,ASN00039135,-24.8036,152.4547,1228
2009-04,ASN00039142,-24.8139,149.9892,160
2009-04,ASN00039151,-24.8075,150.2197,242
2009-04,ASN00039158,-24.9472,150.0789,204
2009-04,ASN00039168,-25.1025,152.5603,914
2009-04,ASN00039175,-24.4167,151.2119,430
2009-04,ASN00039186,-24.9297,152.1983,1546
2009-04,ASN00039201,-24.3278,149.8556,230
2009-04,ASN00039205,-24.8725,150.8236,400
2009-04,ASN00039220,-24.6544,151.6311,396
2009-04,ASN00039241,-23.7583,151.3097,592
2009-04,ASN00039242,-23.4009,150.6238,676
2009-04,ASN00039251,-24.7275,151.4308,308
2009-04,ASN00036168,-24.9553,145.2489,1380
2009-04,ASN00036143,-24.4214,145.4672,891
2009-04,ASN00036127,-24.6017,143.8314,210
2009-04,ASN00036094,-24.4464,144.1094,292
2009-04,ASN00033301,-21.3228,148.835,980
2009-04,ASN00033302,-21.1772,148.8311,1490
2009-04,ASN00033303,-21.1397,149.1883,2230
2009-04,ASN00033306,-20.4103,148.2306,640
2009-04,ASN00033307,-19.4167,146.5364,1348
2009-04,ASN00033308,-22.7433,150.6578,868
2009-04,ASN00033310,-23.2,150.3978,390
2009-04,ASN00033313,-22.8264,150.3372,266
2009-04,ASN00034007,-20.7019,147.0175,374
2009-04,ASN00033300,-21.1439,149.0753,2180
2009-04,ASN00034010,-20.4328,146.0131,685
2009-04,ASN00034024,-22.0236,147.4158,390
2009-04,ASN00034027,-22.7744,148.81,542
2009-04,ASN00034044,-21.0767,146.5133,310
2009-04,ASN00034084,-20.0464,146.2708,597
2009-04,ASN00034094,-20.9994,146.4272,626
2009-04,ASN00034100,-22.2411,148.43,550
2009-04,ASN00035001,-23.5522,147.7461,409
2009-04,ASN00035015,-25.4025,149.1044,336
2009-04,ASN00035016,-23.0856,148.0236,239
2009-04,ASN00034015,-22.0656,147.7219,451
2009-04,ASN00033299,-21.2725,148.8203,1350
2009-04,ASN00033295,-19.4569,147.4833,1138
2009-04,ASN00033294,-23.1364,150.7506,1138
2009-04,ASN00033210,-22.3472,149.5242,304
2009-04,ASN00033247,-20.4925,148.555,1498
2009-04,ASN00033255,-20.3531,148.9508,1410
2009-04,ASN00033260,-23.16,150.96,226
2009-04,ASN00033263,-20.4186,148.1108,620
2009-04,ASN00033264,-20.0089,148.2044,690
2009-04,ASN00033265,-20.2886,148.1175,480
2009-04,ASN00033266,-20.2381,148.0311,320
2009-04,ASN00033267,-20.2197,148.1217,240
2009-04,ASN00033269,-20.3078,148.2181,520
2009-04,ASN00033270,-20.525,148.2125,350
2009-04,ASN00033277,-21.1789,148.8297,90
2009-04,ASN00033280,-19.6333,147.1103,920
2009-04,ASN00033285,-23.0883,150.11,400
2009-04,ASN00033286,-19.7586,147.2436,1210
2009-04,ASN00033287,-19.9717,147.2508,790
2009-04,ASN00033288,-19.6433,147.3972,900
2009-04,ASN00033289,-20.1425,147.5631,390
2009-04,ASN00033290,-20.2897,147.9019,260
2009-04,ASN00033291,-20.3089,147.2961,590
2009-04,ASN00033292,-20.5819,147.5981,240
2009-04,ASN00035026,-23.7139,149.6725,290
2009-04,ASN00040043,-27.0314,153.4661,1734
2009-04,ASN00035039,-26.3564,150.0464,252
2009-04,ASN00035049,-24.5608,145.7869,1194
2009-04,ASN00035221,-23.3039,148.1056,490
2009-04,ASN00035225,-24.2897,148.1053,462
2009-04,ASN00035242,-25.8986,150.1297,428
2009-04,ASN00035264,-23.5694,148.1756,292
2009-04,ASN00035274,-23.8467,148.1083,845
2009-04,ASN00035282,-25.6333,149.7833,490
2009-04,ASN00036004,-22.9717,145.245,4
2009-04,ASN00036006,-21.7117,144.3928,352
2009-04,ASN00036007,-23.5544,145.2883,249
2009-04,ASN00035211,-22.6217,147.6589,502
2009-04,ASN00036011,-22.2067,145.0083,54
2009-04,ASN00036026,-24.2591,144.4406,852
2009-04,ASN00036028,-22.1769,144.0486,0
2009-04,ASN00036031,-23.4372,144.2769,306
2009-04,ASN00036034,-24.4303,145.4306,986
2009-04,ASN00036036,-23.6239,145.6892,105
2009-04,ASN00036037,-22.595,144.5469,26
2009-04,ASN00036046,-21.6292,145.1167,66
2009-04,ASN00036050,-22.0231,145.9831,128
2009-04,ASN00036074,-22.3022,145.99,144
2009-04,ASN00036023,-21.5119,144.6339,436
2009-04,ASN00035207,-24.2236,148.0958,496
2009-04,ASN00035182,-25.6753,149.6331,652
2009-04,ASN00035165,-24.0717,146.6139,206
2009-04,ASN00035053,-23.1864,147.3539,542
2009-04,ASN00035063,-24.2111,148.7403,25
2009-04,ASN00035064,-24.4481,147.8986,454
2009-04,ASN00035065,-24.123,148.0856,636
2009-04,ASN00035068,-25.6103,148.9444,0
2009-04,ASN00035069,-24.8819,146.2564,996
2009-04,ASN00035070,-25.6408,149.7958,589
2009-04,ASN00035072,-24.8856,146.2781,1042
2009-04,ASN00035073,-25.3167,146.0194,1980
2009-04,ASN00035077,-24.9214,148.6006,425
2009-04,ASN00035079,-24.6217,147.4064,584
2009-04,ASN00035081,-26.2853,149.8283,414
2009-04,ASN00035088,-24.3339,147.9425,488
2009-04,ASN00035090,-24.9588,148.3743,710
2009-04,ASN00035094,-22.4831,147.5172,400
2009-04,ASN00035109,-22.8181,148.49,908
2009-04,ASN00035117,-25.3864,149.7842,346
2009-04,ASN00035131,-23.1331,148.5267,474
2009-04,ASN00035132,-23.4292,148.9272,322
2009-04,ASN00035135,-25.7583,149.4067,514
2009-04,ASN00035151,-25.2797,148.85,376
2009-04,ASN00035040,-25.5811,148.4811,0
2009-04,ASN00033195,-22.4703,150.1786,538
2009-04,ASN00040051,-26.7297,152.7169,1558
2009-04,ASN00040057,-26.1842,152.9136,4028
2009-04,ASN00040823,-27.1381,152.3294,960
2009-04,ASN00040824,-26.1711,152.5994,1640
2009-04,ASN00040825,-25.9,152.3497,420
2009-04,ASN00040827,-25.7167,151.8,290
2009-04,ASN00040829,-27.5439,152.1133,1130
2009-04,ASN00040830,-26.6278,152.7042,1620
2009-04,ASN00040832,-28.2033,152.77,700
2009-04,ASN00040833,-25.7683,152.525,2120
2009-04,ASN00040836,-27.6272,152.7461,1850
2009-04,ASN00040816,-27.6658,152.6989,1340
2009-04,ASN00040841,-28.1481,152.57,870
2009-04,ASN00040844,-28.135,153.1883,1650
2009-04,ASN00040845,-28.2006,153.1872,2170
2009-04,ASN00040846,-28.0017,153.3083,2410
2009-04,ASN00040848,-28.2083,153.27,2580
2009-04,ASN00040849,-27.9136,153.3657,3361
2009-04,ASN00040854,-27.6839,153.1947,2391
2009-04,ASN00040856,-25.9007,153.0891,2249
2009-04,ASN00040861,-26.6006,153.0903,3538
2009-04,ASN00040865,-28.0936,152.7158,774
2009-04,ASN00040842,-27.3917,153.1292,1908
2009-04,ASN00040867,-27.9406,152.6236,990
2009-04,ASN00040814,-26.5256,152.7428,2530
2009-04,ASN00040808,-27.2641,152.1959,794
2009-04,ASN00040715,-27.6473,153.1718,2592
2009-04,ASN00040717,-28.1681,153.5053,3630
2009-04,ASN00040722,-26.0942,151.4417,1050
2009-04,ASN00040738,-27.9114,153.1056,960
2009-04,ASN00040754,-28.2153,152.8681,520
2009-04,ASN00040761,-27.7828,153.1889,2010
2009-04,ASN00040762,-27.8336,152.9878,1490
2009-04,ASN00040763,-27.395,152.6097,1268
2009-04,ASN00040764,-27.939,153.4283,3856
2009-04,ASN00040811,-26.0833,152.2167,800
2009-04,ASN00040770,-27.5152,153.2492,2526
2009-04,ASN00040778,-26.3583,152.6283,1900
2009-04,ASN00040782,-26.3297,152.8136,5580
2009-04,ASN00040784,-27.615,153.0444,2500
2009-04,ASN00040785,-27.6017,152.9511,2700
2009-04,ASN00040788,-27.6583,153.0,1800
2009-04,ASN00040790,-27.5467,153.0717,1840
2009-04,ASN00040793,-27.7633,152.8367,1020
2009-04,ASN00040794,-27.6956,152.9333,2080
2009-04,ASN00040801,-26.3878,152.6842,0
2009-04,ASN00040777,-26.4572,152.6803,2330
2009-04,ASN00040876,-28.2372,152.4867,850
2009-04,ASN00040878,-27.6947,153.1364,1860
2009-04,ASN00040881,-27.9561,153.4233,3860
2009-04,ASN00040938,-27.9108,153.1047,1140
2009-04,ASN00040939,-27.9681,152.9861,1180
2009-04,ASN00040940,-27.8336,152.9878,1620
2009-04,ASN00040941,-28.0708,152.8558,1120
2009-04,ASN00040942,-28.3222,152.7697,830
2009-04,ASN00040943,-28.2453,152.8908,660
2009-04,ASN00040944,-28.1692,152.9833,980
2009-04,ASN00040945,-28.0708,152.9272,910
2009-04,ASN00040946,-28.2153,152.8681,680
2009-04,ASN00040937,-27.9978,153.1575,2240
2009-04,ASN00040947,-28.1481,152.57,980
2009-04,ASN00040949,-28.0033,152.6875,790
2009-04,ASN00040958,-27.2169,153.0922,2500
2009-04,ASN00040964,-27.6696,153.0442,1544
2009-04,ASN00040965,-27.2442,153.0867,2648
2009-04,ASN00040969,-27.0717,153.1058,4594
2009-04,ASN00040973,-27.7472,153.1919,1960
2009-04,ASN00040976,-27.4753,152.9753,2134
2009-04,ASN00040979,-27.1247,152.9356,3810
2009-04,ASN00022055,-34.6492,137.7272,548
2009-04,ASN00040948,-28.1461,152.7358,760
2009-04,ASN00040936,-28.0614,153.0408,1330
2009-04,ASN00040935,-27.7864,153.0161,2690
2009-04,ASN00040933,-28.27,153.0264,720
2009-04,ASN00040882,-28.1653,153.2161,2130
2009-04,ASN00040889,-26.4472,152.4869,370
2009-04,ASN00040891,-25.6022,152.2603,708
2009-04,ASN00040892,-25.9586,152.5753,196
2009-04,ASN00040893,-26.0642,152.7728,3790
2009-04,ASN00040896,-25.6517,152.6633,2940
2009-04,ASN00040902,-25.4969,152.3836,1020
2009-04,ASN00040903,-25.2386,152.5319,900
2009-04,ASN00040904,-25.2756,152.5089,910
2009-04,ASN00040905,-25.2928,152.4097,460
2009-04,ASN00040906,-25.4019,152.5317,620
2009-04,ASN00040907,-25.3289,152.5619,980
2009-04,ASN00040908,-26.3911,153.0403,3422
2009-04,ASN00040912,-27.7597,152.47,1480
2009-04,ASN00040913,-27.4808,153.0389,1952
2009-04,ASN00040914,-27.4942,152.4972,1180
2009-04,ASN00040922,-26.5737,151.8398,484
2009-04,ASN00040924,-26.9028,152.7664,2878
2009-04,ASN00040928,-27.5639,152.8208,1623
2009-04,ASN00040931,-28.2314,153.1356,1790
2009-04,ASN00040932,-28.2608,153.0917,960
2009-04,ASN00040714,-28.0708,152.9272,750
2009-04,ASN00040708,-26.0336,151.0603,1474
2009-04,ASN00040695,-26.6842,152.9589,4538
2009-04,ASN00040693,-27.3786,152.8164,2994
2009-04,ASN00040177,-26.1639,151.6014,726
2009-04,ASN00040184,-27.6322,152.5944,1466
2009-04,ASN00040189,-27.1147,152.555,1812
2009-04,ASN00040196,-28.14,153.4293,2889
2009-04,ASN00040197,-27.9695,153.1952,3078
2009-04,ASN00040199,-26.7433,151.8439,600
2009-04,ASN00040206,-26.325,152.7869,5238
2009-04,ASN00040209,-27.4361,153.5456,3278
2009-04,ASN00040211,-27.5717,153.0078,2148
2009-04,ASN00040170,-27.3042,152.0542,529
2009-04,ASN00040223,-27.4178,153.1142,1974
2009-04,ASN00040231,-27.4565,153.18,1788
2009-04,ASN00040246,-26.5539,151.4156,824
2009-04,ASN00040247,-26.8422,152.5803,1680
2009-04,ASN00040255,-26.41,151.815,1092
2009-04,ASN00040258,-26.8408,151.9806,58
2009-04,ASN00040259,-26.8933,151.8975,617
2009-04,ASN00040269,-27.6374,153.3735,3667
2009-04,ASN00040284,-26.9586,152.9619,3260
2009-04,ASN00040289,-27.1136,151.8517,500
2009-04,ASN00040224,-27.4193,153.0024,2366
2009-04,ASN00040169,-26.8425,152.8819,4049
2009-04,ASN00040167,-28.326,152.7696,868
2009-04,ASN00040162,-28.1634,153.2126,1839
2009-04,ASN00040068,-25.9319,153.1906,1654
2009-04,ASN00040071,-26.3828,151.1922,1256
2009-04,ASN00040075,-27.2397,152.4219,1240
2009-04,ASN00040078,-26.4769,152.945,4860
2009-04,ASN00040079,-27.5831,152.3806,702
2009-04,ASN00040082,-27.5436,152.3375,1202
2009-04,ASN00040083,-27.5428,152.2817,1600
2009-04,ASN00040089,-26.0564,152.7889,3690
2009-04,ASN00040093,-26.1831,152.6414,1884
2009-04,ASN00040094,-27.8117,152.6675,1176
2009-04,ASN00040104,-27.949,152.6235,917
2009-04,ASN00040106,-26.5956,152.7281,1263
2009-04,ASN00040118,-26.6234,152.684,993
2009-04,ASN00040120,-27.4617,152.5747,1372
2009-04,ASN00040123,-26.6225,152.8656,2860
2009-04,ASN00040126,-25.5161,152.7156,114
2009-04,ASN00040140,-27.1492,152.5781,1586
2009-04,ASN00040141,-27.6163,153.2039,2656
2009-04,ASN00040144,-25.7411,152.2364,1720
2009-04,ASN00040145,-27.0625,152.7789,2964
2009-04,ASN00040151,-25.605,152.5892,3316
2009-04,ASN00040290,-28.1725,152.72,804
2009-04,ASN00040056,-27.3914,152.5014,1538
2009-04,ASN00040301,-27.1882,151.9634,578
2009-04,ASN00040312,-27.7354,152.9443,1272
2009-04,ASN00040480,-27.2883,152.1239,992
2009-04,ASN00040485,-28.249,152.5232,1198
2009-04,ASN00040490,-28.2086,152.5389,1118
2009-04,ASN00040493,-27.78,152.5346,1423
2009-04,ASN00040500,-26.6403,151.9431,414
2009-04,ASN00040503,-27.6075,152.58,1340
2009-04,ASN00040516,-27.8429,153.3502,3070
2009-04,ASN00040517,-27.1953,152.7539,3202
2009-04,ASN00040534,-28.1629,153.2641,3010
2009-04,ASN00040478,-25.5047,153.1289,3370
2009-04,ASN00040537,-27.4973,153.4078,1648
2009-04,ASN00040607,-28.2031,153.2719,2710
2009-04,ASN00040609,-28.1178,153.4457,2910
2009-04,ASN00040635,-26.8369,152.4914,1654
2009-04,ASN00040659,-27.6956,152.9408,1348
2009-04,ASN00040671,-26.2839,151.1897,704
2009-04,ASN00040672,-27.5486,152.0236,1288
2009-04,ASN00040677,-28.1752,152.6557,780
2009-04,ASN00040686,-26.1842,152.8208,3380
2009-04,ASN00040688,-25.9575,152.4919,2700
2009-04,ASN00040550,-28.2452,153.2369,3888
2009-04,ASN00040469,-25.8694,152.3172,1996
2009-04,ASN00040463,-27.5797,152.9875,2743
2009-04,ASN00040458,-27.5314,153.1825,2228
2009-04,ASN00040320,-27.4174,153.1552,2189
2009-04,ASN00040334,-25.5097,152.0456,664
2009-04,ASN00040335,-27.9694,153.2133,3120
2009-04,ASN00040341,-27.8794,153.2139,2010
2009-04,ASN00040343,-27.0397,152.8678,3818
2009-04,ASN00040345,-27.8064,153.2072,2450
2009-04,ASN00040385,-26.5539,151.6678,955
2009-04,ASN00040388,-27.6342,152.2206,962
2009-04,ASN00040390,-25.65,152.6647,3060
2009-04,ASN00040394,-28.2321,152.7829,590
2009-04,ASN00040395,-27.7183,152.1211,528
2009-04,ASN00040396,-26.7778,152.8033,3698
2009-04,ASN00040405,-25.322,152.8817,418
2009-04,ASN00040407,-28.0557,153.033,1154
2009-04,ASN00040412,-25.2483,152.6636,554
2009-04,ASN00040416,-28.0017,153.3083,2160
2009-04,ASN00040417,-28.0686,153.4241,2636
2009-04,ASN00040424,-27.755,152.0814,478
2009-04,ASN00040430,-25.2825,152.8994,418
2009-04,ASN00040449,-27.5572,152.2308,497
2009-04,ASN00040455,-25.85,151.3667,448
2009-04,ASN00040307,-26.9664,151.7086,1100
2009-04,ASN00033175,-20.2144,147.7761,940
2009-04,ASN00040978,-27.0797,153.1803,3790
2009-04,ASN00033151,-19.5953,146.9342,2296
2009-04,ASN00024003,-34.1658,140.7541,332
2009-04,ASN00024008,-34.2579,140.6478,274
2009-04,ASN00024010,-34.2918,140.3632,226
2009-04,ASN00024013,-34.4442,140.4958,222
2009-04,ASN00024024,-34.439,140.5978,244
2009-04,ASN00024025,-34.2717,140.5964,30
2009-04,ASN00024029,-34.2159,140.186,242
2009-04,ASN00024031,-34.17,139.817,190
2009-04,ASN00024048,-34.1983,140.6766,342
2009-04,ASN00024001,-34.2591,140.4708,152
2009-04,ASN00024501,-34.0954,139.1543,294
2009-04,ASN00024504,-34.1233,139.3509,248
2009-04,ASN00024508,-35.125,139.0433,362
2009-04,ASN00024509,-34.3515,139.1289,480
2009-04,ASN00024511,-34.1754,139.0847,588
2009-04,ASN00024515,-35.2959,139.0328,144
2009-04,ASN00024518,-35.6902,139.3375,724
2009-04,ASN00024519,-35.4068,138.9701,346
2009-04,ASN00024521,-35.1234,139.2592,314
2009-04,ASN00024525,-34.853,139.1607,322
2009-04,ASN00024502,-34.6923,139.4396,222
2009-04,ASN00024528,-33.9888,139.08,387
2009-04,ASN00023905,-34.9695,138.741,1310
2009-04,ASN00023896,-34.8757,138.7103,848
2009-04,ASN00023860,-34.9499,138.6866,756
2009-04,ASN00023865,-34.8944,138.8099,1020
2009-04,ASN00023866,-35.0068,138.8033,936
2009-04,ASN00023867,-34.9342,138.7467,1404
2009-04,ASN00023871,-35.3175,138.4636,670
2009-04,ASN00023873,-34.9913,138.6937,1232
2009-04,ASN00023875,-35.5695,138.2864,952
2009-04,ASN00023876,-35.2276,138.5366,814
2009-04,ASN00023877,-34.7863,138.8651,992
2009-04,ASN00023897,-35.3159,138.6218,952
2009-04,ASN00023878,-34.7253,138.9273,906
2009-04,ASN00023880,-34.7595,138.9341,1252
2009-04,ASN00023881,-34.7742,139.0062,1024
2009-04,ASN00023882,-34.8713,138.9058,906
2009-04,ASN00023885,-35.1586,138.5057,702
2009-04,ASN00023887,-35.1712,138.6783,916
2009-04,ASN00023890,-35.0012,138.62,970
2009-04,ASN00023891,-34.9847,138.7404,1682
2009-04,ASN00023892,-34.8856,138.7562,1060
2009-04,ASN00023894,-35.5194,138.8177,406
2009-04,ASN00023879,-34.8476,138.8751,958
2009-04,ASN00024531,-34.5719,139.2961,348
2009-04,ASN00024536,-35.2546,139.4542,113
2009-04,ASN00024537,-35.619,139.4378,720
2009-04,ASN00025050,-34.6345,140.2432,212
2009-04,ASN00025051,-34.5876,140.0791,318
2009-04,ASN00025502,-35.379,139.5617,111
2009-04,ASN00025504,-35.6984,139.8633,522
2009-04,ASN00025506,-35.38,140.1588,512
2009-04,ASN00025507,-36.098,140.3556,460
2009-04,ASN00025512,-35.3805,140.2519,592
2009-04,ASN00025513,-35.3627,139.9503,84
2009-04,ASN00025514,-35.8806,140.0594,156
2009-04,ASN00025046,-35.0662,140.856,394
2009-04,ASN00025519,-36.3654,140.9096,374
2009-04,ASN00025557,-36.1058,140.3273,500
2009-04,ASN00025558,-35.4696,139.9461,465
2009-04,ASN00025560,-36.3098,140.74,180
2009-04,ASN00025561,-36.3994,140.8424,328
2009-04,ASN00025562,-35.3778,140.5378,446
2009-04,ASN00026000,-37.4861,140.0115,458
2009-04,ASN00026007,-36.7124,140.9552,302
2009-04,ASN00026012,-36.8309,139.8526,576
2009-04,ASN00026014,-37.6051,140.5793,428
2009-04,ASN00025523,-35.8597,139.5599,698
2009-04,ASN00025042,-35.244,139.8261,362
2009-04,ASN00025039,-35.0393,139.9844,350
2009-04,ASN00025036,-35.1524,140.288,498
2009-04,ASN00024551,-35.1093,139.0806,414
2009-04,ASN00024554,-35.1978,139.5871,350
2009-04,ASN00024555,-34.2571,139.0923,510
2009-04,ASN00024564,-34.3515,139.6153,192
2009-04,ASN00024572,-35.2828,139.2031,324
2009-04,ASN00024573,-34.4085,139.1274,576
2009-04,ASN00024575,-34.5444,139.193,468
2009-04,ASN00024576,-35.348,138.9771,318
2009-04,ASN00024577,-35.7344,139.2675,666
2009-04,ASN00024578,-34.0647,139.6605,150
2009-04,ASN00024579,-34.8788,138.974,664
2009-04,ASN00024580,-35.2836,138.8934,294
2009-04,ASN00024582,-35.1016,139.1426,403
2009-04,ASN00024584,-35.065,139.2273,354
2009-04,ASN00025000,-34.7314,140.5036,144
2009-04,ASN00025002,-34.8276,139.6673,280
2009-04,ASN00025006,-35.09,139.8972,324
2009-04,ASN00025013,-35.2977,140.6667,522
2009-04,ASN00025014,-34.7169,140.7352,140
2009-04,ASN00025015,-35.268,140.9075,518
2009-04,ASN00025018,-34.7884,140.5003,306
2009-04,ASN00033170,-22.3614,149.3747,529
2009-04,ASN00023846,-35.0028,138.6635,916
2009-04,ASN00023839,-35.0216,138.6097,820
2009-04,ASN00023825,-35.5288,138.8067,378
2009-04,ASN00023105,-34.9808,138.621,686
2009-04,ASN00023107,-34.601,138.7359,482
2009-04,ASN00023108,-35.0495,138.7259,1100
2009-04,ASN00023114,-34.9542,138.6586,814
2009-04,ASN00023115,-34.9473,138.5827,694
2009-04,ASN00023122,-34.5106,138.6763,482
2009-04,ASN00023128,-34.2015,138.597,510
2009-04,ASN00023129,-34.4611,138.5581,420
2009-04,ASN00023305,-34.4577,138.9277,680
2009-04,ASN00023101,-34.8925,138.6422,720
2009-04,ASN00023306,-34.1697,138.8095,666
2009-04,ASN00023310,-34.005,138.8142,498
2009-04,ASN00023314,-34.158,138.7483,702
2009-04,ASN00023318,-34.5169,138.9598,814
2009-04,ASN00023319,-34.2778,138.7725,524
2009-04,ASN00023348,-34.5103,138.835,554
2009-04,ASN00023349,-34.0936,138.7952,516
2009-04,ASN00023355,-34.207,138.7886,526
2009-04,ASN00023357,-34.4709,138.9991,518
2009-04,ASN00023365,-34.2318,138.6952,650
2009-04,ASN00023307,-34.3412,138.9155,178
2009-04,ASN00023096,-34.8564,138.6844,818
2009-04,ASN00023087,-34.5371,138.6049,308
2009-04,ASN00023085,-34.9222,138.6805,888
2009-04,ASN00022811,-35.5989,137.4386,586
2009-04,ASN00022803,-35.8426,138.1327,538
2009-04,ASN00022815,-35.7255,137.2591,788
2009-04,ASN00022823,-35.7549,136.5959,577
2009-04,ASN00022831,-35.7501,137.7217,422
2009-04,ASN00022835,-35.734,137.1212,1026
2009-04,ASN00022836,-35.8096,137.792,442
2009-04,ASN00022839,-35.9609,137.091,622
2009-04,ASN00022841,-35.7114,137.5231,520
2009-04,ASN00023005,-34.9464,138.6519,900
2009-04,ASN00023011,-34.9167,138.5956,687
2009-04,ASN00023013,-34.7977,138.6281,842
2009-04,ASN00023023,-34.7674,138.6434,391
2009-04,ASN00023024,-34.8978,138.5092,596
2009-04,ASN00023031,-34.9697,138.6331,485
2009-04,ASN00023034,-34.9524,138.5204,512
2009-04,ASN00023042,-34.9387,138.6607,836
2009-04,ASN00023043,-34.7607,138.6311,734
2009-04,ASN00023055,-34.9552,138.5356,488
2009-04,ASN00023076,-34.432,138.2587,448
2009-04,ASN00023083,-34.7111,138.6222,574
2009-04,ASN00023369,-34.4557,138.9222,702
2009-04,ASN00026016,-36.9731,140.3664,226
2009-04,ASN00023370,-34.3143,138.7293,478
2009-04,ASN00023373,-34.4761,139.0056,604
2009-04,ASN00023742,-35.5299,138.6896,374
2009-04,ASN00023747,-35.256,138.8901,334
2009-04,ASN00023750,-34.9563,138.7443,1406
2009-04,ASN00023752,-34.6717,138.8885,434
2009-04,ASN00023753,-35.2705,138.5591,262
2009-04,ASN00023754,-35.458,138.35,402
2009-04,ASN00023756,-34.6603,138.9262,1444
2009-04,ASN00023758,-34.7398,138.8715,1282
2009-04,ASN00023786,-34.8269,139.0086,734
2009-04,ASN00023741,-35.4519,138.3227,582
2009-04,ASN00023787,-35.0247,138.8578,932
2009-04,ASN00023799,-35.2183,138.7342,1222
2009-04,ASN00023801,-34.9482,138.8071,470
2009-04,ASN00023803,-34.9423,138.727,732
2009-04,ASN00023804,-35.5544,138.5997,390
2009-04,ASN00023806,-34.8067,138.7552,1030
2009-04,ASN00023810,-34.971,138.7042,106
2009-04,ASN00023817,-35.0221,138.7344,1432
2009-04,ASN00023820,-34.6805,138.8561,1350
2009-04,ASN00023822,-35.1802,139.0239,328
2009-04,ASN00023788,-34.9838,138.7179,1676
2009-04,ASN00023739,-35.0369,138.913,252
2009-04,ASN00023738,-35.39,138.4652,788
2009-04,ASN00023737,-34.7735,139.0501,904
2009-04,ASN00023374,-34.2523,139.0183,410
2009-04,ASN00023704,-35.0077,138.6498,1007
2009-04,ASN00023705,-34.8148,138.9474,993
2009-04,ASN00023707,-35.0102,138.7602,1384
2009-04,ASN00023709,-35.0611,138.6585,1094
2009-04,ASN00023710,-35.1087,138.6256,1042
2009-04,ASN00023714,-35.3736,138.806,270
2009-04,ASN00023718,-35.4987,138.7638,8
2009-04,ASN00023719,-34.8237,138.8859,1240
2009-04,ASN00023720,-35.0303,138.8148,834
2009-04,ASN00023721,-35.0608,138.5647,858
2009-04,ASN00023722,-34.9303,139.014,536
2009-04,ASN00023723,-35.4935,138.4575,740
2009-04,ASN00023725,-34.5569,139.1338,704
2009-04,ASN00023726,-34.9044,138.8742,394
2009-04,ASN00023727,-35.0484,138.7354,1182
2009-04,ASN00023731,-34.8331,138.8215,1278
2009-04,ASN00023732,-35.1351,138.5274,684
2009-04,ASN00023733,-35.0639,138.8509,757
2009-04,ASN00023734,-35.1213,138.6769,998
2009-04,ASN00023735,-35.3497,138.6223,358
2009-04,ASN00023372,-34.4534,139.0638,598
2009-04,ASN00026017,-36.501,140.3835,412
2009-04,ASN00023858,-34.763,138.7765,826
2009-04,ASN00026020,-37.8333,140.7833,677
2009-04,ASN00031210,-17.0672,145.4283,192
2009-04,ASN00031213,-14.9672,145.3106,798
2009-04,ASN00032001,-18.8828,146.17,3396
2009-04,ASN00032002,-18.5742,146.2225,2380
2009-04,ASN00032004,-18.2553,146.0197,1294
2009-04,ASN00032009,-17.835,146.0986,2818
2009-04,ASN00032019,-17.7214,145.9222,3078
2009-04,ASN00032020,-17.5556,145.9556,4450
2009-04,ASN00032023,-18.5819,146.2839,3887
2009-04,ASN00031209,-15.4461,145.1861,1346
2009-04,ASN00032031,-18.5406,146.3356,3128
2009-04,ASN00032033,-17.4608,145.8822,5074
2009-04,ASN00032037,-17.6053,145.9972,2988
2009-04,ASN00032040,-19.2483,146.7661,514
2009-04,ASN00032042,-17.9364,145.9253,4924
2009-04,ASN00032043,-18.7218,145.9237,1432
2009-04,ASN00032045,-18.6508,146.2047,2768
2009-04,ASN00032050,-19.2033,146.6131,818
2009-04,ASN00032064,-19.0074,146.2057,824
2009-04,ASN00032078,-18.6494,146.1769,2819
2009-04,ASN00032032,-18.5872,146.2508,2994
2009-04,ASN00031205,-16.9794,145.6747,1960
2009-04,ASN00031200,-17.5908,145.5294,1370
2009-04,ASN00031198,-17.3769,145.3803,310
2009-04,ASN00031119,-17.6758,145.2783,476
2009-04,ASN00031125,-17.3439,145.5028,710
2009-04,ASN00031131,-17.3394,144.6797,246
2009-04,ASN00031140,-17.27,145.8997,1500
2009-04,ASN00031141,-17.2639,145.8536,2060
2009-04,ASN00031147,-14.6683,145.4467,1433
2009-04,ASN00031158,-18.2531,145.1269,170
2009-04,ASN00031168,-17.5875,145.6,3046
2009-04,ASN00031180,-16.5319,145.1325,238
2009-04,ASN00031181,-17.545,145.7156,4120
2009-04,ASN00031182,-17.5875,145.5997,2820
2009-04,ASN00031183,-17.3594,145.5922,1260
2009-04,ASN00031184,-17.4442,145.5094,1050
2009-04,ASN00031185,-17.5175,145.6089,2410
2009-04,ASN00031186,-17.6803,145.6603,2040
2009-04,ASN00031187,-17.4694,145.7311,5080
2009-04,ASN00031188,-17.0039,145.4281,400
2009-04,ASN00031189,-16.6583,145.5672,1060
2009-04,ASN00031191,-18.1494,145.4803,0
2009-04,ASN00031196,-17.7047,145.1461,190
2009-04,ASN00031197,-18.0394,144.8856,160
2009-04,ASN00032094,-18.6156,146.1811,1916
2009-04,ASN00031108,-17.1347,145.4281,382
2009-04,ASN00032098,-19.0506,146.4058,2169
2009-04,ASN00032109,-18.1069,145.8053,1430
2009-04,ASN00033032,-19.6667,147.4147,26
2009-04,ASN00033038,-21.6256,149.2367,1652
2009-04,ASN00033041,-20.5392,148.6572,1688
2009-04,ASN00033045,-21.1706,149.1794,1914
2009-04,ASN00033051,-19.8789,146.6319,290
2009-04,ASN00033053,-21.0011,148.9364,2490
2009-04,ASN00033059,-21.4267,149.2164,1710
2009-04,ASN00033060,-21.1422,149.0381,2355
2009-04,ASN00033062,-20.0997,146.8892,314
2009-04,ASN00033013,-20.5534,147.8464,382
2009-04,ASN00033065,-22.3458,149.5356,292
2009-04,ASN00033073,-19.8314,147.13,765
2009-04,ASN00033076,-23.1333,150.3669,298
2009-04,ASN00033077,-23.0967,150.7342,986
2009-04,ASN00033080,-21.0003,148.7375,2100
2009-04,ASN00033095,-21.8031,149.3569,1160
2009-04,ASN00033096,-20.2081,148.13,250
2009-04,ASN00033106,-20.3658,148.9536,1432
2009-04,ASN00026018,-37.5872,140.3426,174
2009-04,ASN00033119,-21.1172,149.2169,2024
2009-04,ASN00033068,-21.1631,148.87,1949
2009-04,ASN00033008,-22.8461,150.6475,1250
2009-04,ASN00033002,-19.6169,147.3758,850
2009-04,ASN00033001,-19.5775,147.4075,0
2009-04,ASN00032117,-18.6867,146.2969,3072
2009-04,ASN00032155,-17.6094,145.9786,3400
2009-04,ASN00032160,-17.6089,145.9792,4230
2009-04,ASN00032161,-17.5967,145.9014,4850
2009-04,ASN00032162,-17.615,145.8011,4260
2009-04,ASN00032163,-17.5236,146.0325,2400
2009-04,ASN00032164,-17.6808,145.8878,4950
2009-04,ASN00032165,-17.5308,145.8464,5440
2009-04,ASN00032166,-17.5456,145.9325,4980
2009-04,ASN00032167,-17.9919,145.9425,2770
2009-04,ASN00032169,-18.1919,145.3325,170
2009-04,ASN00032170,-18.4125,145.7722,1360
2009-04,ASN00032171,-18.6347,146.1444,2070
2009-04,ASN00032172,-18.4606,145.7383,1530
2009-04,ASN00032173,-18.6797,145.9961,1840
2009-04,ASN00032174,-18.4889,145.9364,1060
2009-04,ASN00032176,-18.1439,145.61,750
2009-04,ASN00032183,-18.7497,146.115,1570
2009-04,ASN00032184,-18.4506,145.8294,1790
2009-04,ASN00032185,-18.5789,146.2803,3950
2009-04,ASN00032186,-18.8478,145.9067,910
2009-04,ASN00032101,-18.9558,146.2886,2474
2009-04,ASN00031104,-17.1644,145.8783,2770
2009-04,ASN00033111,-22.8131,149.89,4
2009-04,ASN00031069,-17.6697,145.2414,416
2009-04,ASN00027058,-10.5844,142.29,1558
2009-04,ASN00027061,-14.5181,142.0389,146
2009-04,ASN00027063,-13.4381,142.9417,248
2009-04,ASN00027064,-13.1325,142.7872,160
2009-04,ASN00027072,-12.0933,142.5589,600
2009-04,ASN00027073,-13.7606,143.1183,74
2009-04,ASN00027075,-12.6167,142.0869,732
2009-04,ASN00028000,-15.5581,144.4453,58
2009-04,ASN00028004,-16.0008,144.0758,174
2009-04,ASN00027045,-12.6778,141.9208,1314
2009-04,ASN00028008,-12.785,143.3047,1478
2009-04,ASN00028023,-14.9258,144.1994,180
2009-04,ASN00028031,-14.7317,143.5864,700
2009-04,ASN00028035,-14.7117,143.7303,750
2009-04,ASN00029000,-18.2952,139.2828,120
2009-04,ASN00029004,-17.7425,139.5475,90
2009-04,ASN00029008,-20.7089,140.5192,542
2009-04,ASN00029012,-18.2044,142.2447,588
2009-04,ASN00029030,-20.4247,141.4047,148
2009-04,ASN00029037,-17.3297,141.8797,570
2009-04,ASN00028013,-16.2217,144.7081,190
2009-04,ASN00027044,-13.0658,142.4511,316
2009-04,ASN00027042,-12.6267,141.8836,1450
2009-04,ASN00027038,-16.4231,143.1456,1122
2009-04,ASN00031075,-17.1694,145.5481,530
2009-04,ASN00026025,-37.3803,140.8379,316
2009-04,ASN00026026,-37.1628,139.756,560
2009-04,ASN00026058,-36.6064,140.7118,436
2009-04,ASN00026062,-36.9229,140.5809,422
2009-04,ASN00026067,-37.9594,140.7703,730
2009-04,ASN00026086,-37.3797,140.3294,668
2009-04,ASN00026091,-37.2906,140.8254,302
2009-04,ASN00026095,-36.9655,139.7164,468
2009-04,ASN00026098,-37.5422,140.8137,240
2009-04,ASN00026099,-36.9813,140.727,314
2009-04,ASN00026100,-36.6539,140.5212,376
2009-04,ASN00026101,-37.4003,140.3351,676
2009-04,ASN00026103,-37.134,140.7273,472
2009-04,ASN00026104,-36.8465,140.5592,402
2009-04,ASN00026105,-37.1776,139.8054,490
2009-04,ASN00026107,-36.437,140.3356,396
2009-04,ASN00026109,-37.3818,139.9454,538
2009-04,ASN00026110,-36.7746,140.0222,550
2009-04,ASN00027000,-13.3539,141.7208,1084
2009-04,ASN00027015,-12.4536,142.6389,908
2009-04,ASN00029038,-15.4818,141.7483,272
2009-04,ASN00029047,-19.6242,138.6386,360
2009-04,ASN00026021,-37.7473,140.7739,662
2009-04,ASN00029061,-18.9511,138.0531,110
2009-04,ASN00030115,-19.055,144.9594,321
2009-04,ASN00030124,-18.3039,143.5306,186
2009-04,ASN00030127,-20.9942,144.6433,54
2009-04,ASN00030137,-19.6347,145.7886,72
2009-04,ASN00030149,-21.0442,144.0992,0
2009-04,ASN00030158,-18.4564,143.2986,336
2009-04,ASN00030161,-20.7017,143.1167,170
2009-04,ASN00029058,-20.6672,141.7214,360
2009-04,ASN00031010,-16.9333,145.7833,1357
2009-04,ASN00030103,-18.2225,143.9697,0
2009-04,ASN00031011,-16.8736,145.7458,1340
2009-04,ASN00031024,-17.535,145.4822,1060
2009-04,ASN00031032,-17.4311,145.2028,134
2009-04,ASN00031036,-16.8178,145.6383,1530
2009-04,ASN00031037,-16.3842,145.5592,1890
2009-04,ASN00031040,-17.0692,145.7742,470
2009-04,ASN00031044,-16.4569,145.3775,2620
2009-04,ASN00031046,-17.677,145.115,196
2009-04,ASN00031051,-17.3442,144.9306,170
2009-04,ASN00031062,-16.3906,145.3511,3538
2009-04,ASN00031012,-16.0969,145.4575,3280
2009-04,ASN00030088,-19.3769,144.1156,464
2009-04,ASN00031004,-17.3436,145.9217,2474
2009-04,ASN00030072,-20.0969,144.9875,294
2009-04,ASN00029063,-17.6872,141.0733,60
2009-04,ASN00030082,-19.7037,144.3775,178
2009-04,ASN00029069,-17.3383,138.2508,174
2009-04,ASN00029077,-17.7483,139.5356,30
2009-04,ASN00029092,-19.8392,140.9336,0
2009-04,ASN00029121,-20.5958,139.6939,140
2009-04,ASN00029126,-20.7361,139.4817,278
2009-04,ASN00029127,-20.6778,139.4875,78
2009-04,ASN00029129,-21.215,140.2333,60
2009-04,ASN00029131,-20.02,139.8433,790
2009-04,ASN00029065,-18.7881,139.7119,150
2009-04,ASN00029136,-21.3661,140.4986,730
2009-04,ASN00029132,-20.6556,142.1006,0
2009-04,ASN00030048,-18.6242,144.5739,6
2009-04,ASN00030019,-19.2647,143.6741,167
2009-04,ASN00029167,-18.7569,138.7056,900
2009-04,ASN00030022,-20.8192,144.2333,0
2009-04,ASN00029152,-18.7036,138.4839,736
2009-04,ASN00029150,-20.8422,141.4292,88
2009-04,ASN00029141,-20.6664,140.505,36
2009-04,ASN00029139,-17.1142,139.5981,1062
2009-04,ASN00029154,-18.4306,141.2686,0
2009-05,ASN00061288,-32.3322,151.4595,744
2009-05,ASN00061334,-33.0488,150.2325,376
2009-05,ASN00061294,-33.4666,151.4126,1948
2009-05,ASN00061295,-32.8108,151.3396,580
2009-05,ASN00061306,-31.8988,150.658,180
2009-05,ASN00061309,-32.6881,150.9728,540
2009-05,ASN00061327,-32.8248,151.2613,780
2009-05,ASN00061329,-32.8323,151.3085,678
2009-05,ASN00061336,-33.1556,150.6847,570
2009-05,ASN00061363,-32.0335,150.8264,88
2009-05,ASN00061346,-31.8626,151.4398,2330
2009-05,ASN00061349,-32.5667,151.6083,575
2009-05,ASN00061350,-32.1714,151.5942,1286
2009-05,ASN00061360,-32.05,150.8528,30
2009-05,ASN00061366,-33.2815,151.5766,2078
2009-05,ASN00061372,-31.8017,150.925,192
2009-05,ASN00061373,-31.9583,150.8567,40
2009-05,ASN00061374,-32.2199,150.9193,70
2009-05,ASN00061375,-33.2894,151.2107,1030
2009-05,ASN00061339,-32.5584,151.8043,1180
2009-05,ASN00061287,-32.1852,150.1737,138
2009-05,ASN00061106,-32.3564,151.8059,1074
2009-05,ASN00061250,-32.6296,151.5919,643
2009-05,ASN00061100,-32.7667,151.0872,544
2009-05,ASN00061110,-32.8736,150.7936,100
2009-05,ASN00061119,-33.385,150.9856,1090
2009-05,ASN00061130,-32.5113,150.7968,270
2009-05,ASN00061135,-32.1018,151.2333,835
2009-05,ASN00061143,-32.654,151.021,444
2009-05,ASN00061151,-32.2426,151.683,1116
2009-05,ASN00061152,-32.9995,151.2908,1300
2009-05,ASN00061162,-32.8446,150.8398,678
2009-05,ASN00061170,-32.2809,151.7948,1072
2009-05,ASN00061191,-32.6126,150.9761,342
2009-05,ASN00061192,-32.2092,150.7365,222
2009-05,ASN00061196,-31.7069,151.2131,622
2009-05,ASN00061201,-33.0259,151.1882,1226
2009-05,ASN00061205,-33.0297,151.1401,900
2009-05,ASN00061209,-32.9597,150.675,538
2009-05,ASN00061211,-33.3588,150.7058,1057
2009-05,ASN00061216,-33.4176,151.159,1562
2009-05,ASN00061217,-33.2904,150.9708,424
2009-05,ASN00061220,-33.2381,151.3003,810
2009-05,ASN00061226,-32.936,151.1393,770
2009-05,ASN00061260,-32.7886,151.3377,784
2009-05,ASN00061376,-33.0759,151.5382,1066
2009-05,ASN00063005,-33.4289,149.5559,48
2009-05,ASN00061381,-33.4036,151.3928,1230
2009-05,ASN00063039,-33.7122,150.3087,2464
2009-05,ASN00063043,-33.5343,150.6338,1596
2009-05,ASN00063049,-33.6094,150.0856,786
2009-05,ASN00063061,-33.8222,149.3244,172
2009-05,ASN00063063,-33.6774,149.8374,464
2009-05,ASN00063073,-33.6896,149.5633,204
2009-05,ASN00063076,-33.0807,149.6901,80
2009-05,ASN00063081,-33.6956,150.5408,1460
2009-05,ASN00063093,-34.3093,149.9677,334
2009-05,ASN00063036,-33.8199,150.0227,1132
2009-05,ASN00063113,-33.5497,148.91,88
2009-05,ASN00063117,-33.6739,149.0471,127
2009-05,ASN00063118,-33.5156,150.4892,1858
2009-05,ASN00063119,-34.2347,149.265,112
2009-05,ASN00063132,-33.3808,150.0818,450
2009-05,ASN00063142,-33.577,149.8591,372
2009-05,ASN00063146,-33.5544,150.0526,696
2009-05,ASN00063214,-33.3561,149.4058,86
2009-05,ASN00061097,-31.9201,151.2355,290
2009-05,ASN00063229,-33.6773,148.6115,296
2009-05,ASN00063114,-33.3439,149.1617,150
2009-05,ASN00063035,-33.0362,149.4146,132
2009-05,ASN00063029,-33.744,149.1046,204
2009-05,ASN00063028,-33.6929,150.5291,1550
2009-05,ASN00061382,-33.1681,151.2181,720
2009-05,ASN00061383,-33.2528,151.3164,690
2009-05,ASN00061385,-33.0789,151.3403,1140
2009-05,ASN00061387,-33.245,151.5119,1414
2009-05,ASN00061392,-31.7416,150.7937,140
2009-05,ASN00061394,-33.2177,151.1251,623
2009-05,ASN00061405,-32.6753,151.6219,698
2009-05,ASN00061406,-33.0831,151.6511,2120
2009-05,ASN00062003,-32.6657,149.1016,129
2009-05,ASN00062009,-31.9963,149.9856,244
2009-05,ASN00062013,-32.3634,149.5329,46
2009-05,ASN00062021,-32.5956,149.5956,48
2009-05,ASN00062032,-32.3592,149.9484,138
2009-05,ASN00062075,-32.4753,149.5151,60
2009-05,ASN00062089,-32.8936,149.3808,138
2009-05,ASN00062093,-32.7236,149.7702,86
2009-05,ASN00062099,-32.8366,148.9963,131
2009-05,ASN00062100,-32.7244,150.229,758
2009-05,ASN00062101,-32.5628,149.6149,38
2009-05,ASN00062102,-32.5204,150.0817,96
2009-05,ASN00063013,-33.5366,150.4413,2214
2009-05,ASN00061377,-33.0933,151.6317,1628
2009-05,ASN00061096,-32.5997,151.618,540
2009-05,ASN00059139,-30.1014,153.0009,4706
2009-05,ASN00061093,-33.3653,151.3264,1174
2009-05,ASN00058206,-28.7231,153.3614,3880
2009-05,ASN00058208,-28.8775,153.052,3576
2009-05,ASN00058212,-29.183,153.3964,1850
2009-05,ASN00058214,-28.8343,153.2616,1606
2009-05,ASN00058216,-28.6399,153.6358,1126
2009-05,ASN00058220,-28.705,152.8414,2656
2009-05,ASN00058222,-29.7847,153.2639,3120
2009-05,ASN00059002,-30.65,152.8486,3829
2009-05,ASN00059006,-30.1619,153.0982,4266
2009-05,ASN00058204,-28.3217,153.3467,3380
2009-05,ASN00059007,-31.0711,152.7717,1956
2009-05,ASN00059019,-30.3641,152.4061,4820
2009-05,ASN00059030,-30.9225,153.087,2198
2009-05,ASN00059040,-30.3107,153.1187,1880
2009-05,ASN00059047,-31.1802,152.9681,1542
2009-05,ASN00059070,-30.4508,152.6231,5130
2009-05,ASN00059107,-30.566,152.6528,5476
2009-05,ASN00059110,-30.6688,152.7638,4252
2009-05,ASN00059113,-30.3098,152.7636,8202
2009-05,ASN00059118,-30.2493,152.463,4442
2009-05,ASN00059009,-30.2358,153.0163,3999
2009-05,ASN00059122,-30.8217,152.5067,2840
2009-05,ASN00058202,-28.7406,153.075,3470
2009-05,ASN00058199,-28.7364,153.1634,2402
2009-05,ASN00058079,-29.7619,153.1047,3472
2009-05,ASN00058080,-29.87,153.2653,2384
2009-05,ASN00058097,-29.1514,153.2792,3520
2009-05,ASN00058099,-29.2822,152.9888,3270
2009-05,ASN00058102,-29.737,152.7852,3094
2009-05,ASN00058113,-28.4738,153.0861,4682
2009-05,ASN00058127,-28.7319,153.4065,3215
2009-05,ASN00058147,-28.6696,153.2789,4101
2009-05,ASN00058148,-28.5276,153.1519,3818
2009-05,ASN00058201,-28.7967,153.2386,3200
2009-05,ASN00058158,-28.3395,153.3809,3280
2009-05,ASN00058162,-28.7278,153.4622,4610
2009-05,ASN00058165,-28.6229,153.409,5380
2009-05,ASN00058167,-28.4147,153.3339,4410
2009-05,ASN00058171,-28.9263,153.4178,2900
2009-05,ASN00058180,-28.6069,153.2083,3600
2009-05,ASN00058186,-28.3283,153.4,3230
2009-05,ASN00058193,-28.3538,153.293,1530
2009-05,ASN00058194,-28.3811,152.7174,2126
2009-05,ASN00058198,-28.8353,153.5585,2720
2009-05,ASN00058161,-29.7583,153.0297,3148
2009-05,ASN00059124,-29.9806,152.7222,3130
2009-05,ASN00059128,-30.9783,152.5106,0
2009-05,ASN00059138,-30.6639,152.6528,6530
2009-05,ASN00060130,-31.2936,152.3121,3703
2009-05,ASN00060137,-31.7683,151.8889,1706
2009-05,ASN00060139,-31.4336,152.8655,2150
2009-05,ASN00060141,-31.8896,152.512,1191
2009-05,ASN00060144,-32.3796,152.5062,1026
2009-05,ASN00060146,-31.9572,152.585,576
2009-05,ASN00060147,-31.7361,152.3989,268
2009-05,ASN00060148,-32.1625,152.2614,1760
2009-05,ASN00061007,-32.0332,150.5836,106
2009-05,ASN00060128,-31.5833,151.3167,808
2009-05,ASN00061010,-32.5879,151.7813,1268
2009-05,ASN00061014,-32.6385,151.4173,473
2009-05,ASN00061017,-32.4022,151.7582,786
2009-05,ASN00061031,-32.7756,151.735,1190
2009-05,ASN00061041,-33.0955,151.5506,1260
2009-05,ASN00061054,-32.7103,152.1612,1915
2009-05,ASN00061055,-32.9185,151.7985,1584
2009-05,ASN00061071,-32.4027,151.9664,1110
2009-05,ASN00061078,-32.7932,151.8359,1530
2009-05,ASN00061092,-32.5932,151.3335,496
2009-05,ASN00061012,-33.0853,151.4633,1138
2009-05,ASN00060122,-31.8922,152.2739,1552
2009-05,ASN00060121,-31.5667,152.2401,2744
2009-05,ASN00060118,-31.7753,152.0778,2165
2009-05,ASN00059140,-30.3442,152.7187,9337
2009-05,ASN00060002,-32.4129,152.2079,1062
2009-05,ASN00060015,-32.0063,151.9597,708
2009-05,ASN00060017,-31.7004,152.5833,2270
2009-05,ASN00060024,-31.7816,152.6684,1364
2009-05,ASN00060031,-31.3364,152.7852,1994
2009-05,ASN00060036,-31.862,152.3444,1460
2009-05,ASN00060042,-32.1532,151.9511,1216
2009-05,ASN00060046,-31.6877,152.2688,2808
2009-05,ASN00060065,-32.2942,152.3047,1200
2009-05,ASN00060075,-31.95,151.7923,1890
2009-05,ASN00060085,-31.3865,152.2482,5150
2009-05,ASN00060090,-31.3422,152.341,3778
2009-05,ASN00060095,-32.375,152.3808,1440
2009-05,ASN00060096,-32.2583,152.1208,460
2009-05,ASN00060099,-32.4436,152.1561,1150
2009-05,ASN00060104,-31.4138,151.598,2176
2009-05,ASN00060106,-31.6647,152.0637,2474
2009-05,ASN00060112,-32.0525,151.9147,1392
2009-05,ASN00060116,-31.4367,152.4633,3170
2009-05,ASN00060117,-31.8833,152.15,880
2009-05,ASN00061095,-32.1939,151.0932,40
2009-05,ASN00063234,-33.6708,148.8565,90
2009-05,ASN00070237,-36.5902,149.3824,376
2009-05,ASN00063246,-33.5105,150.3711,2470
2009-05,ASN00069002,-36.6884,149.838,186
2009-05,ASN00069003,-36.6278,149.5705,218
2009-05,ASN00069006,-35.7011,149.7896,520
2009-05,ASN00069010,-35.4489,149.799,254
2009-05,ASN00069013,-36.7677,149.6951,74
2009-05,ASN00069014,-36.3881,149.8882,294
2009-05,ASN00069015,-37.0557,149.9053,122
2009-05,ASN00069017,-36.2519,150.2275,162
2009-05,ASN00069018,-35.9093,150.1532,136
2009-05,ASN00068255,-34.4875,150.4014,1030
2009-05,ASN00069019,-36.8402,149.5257,598
2009-05,ASN00069023,-35.6488,150.1454,358
2009-05,ASN00069029,-37.3623,149.6984,168
2009-05,ASN00069033,-35.9017,149.9611,370
2009-05,ASN00069035,-35.7564,149.815,440
2009-05,ASN00069036,-36.0876,150.0508,306
2009-05,ASN00069041,-35.2514,149.9158,200
2009-05,ASN00069042,-35.7661,149.9416,82
2009-05,ASN00069048,-35.7581,149.8252,472
2009-05,ASN00069049,-35.1165,150.0847,502
2009-05,ASN00069022,-36.2144,150.1358,177
2009-05,ASN00069050,-36.2967,149.843,404
2009-05,ASN00068249,-34.9636,150.0967,530
2009-05,ASN00068247,-34.7679,150.562,820
2009-05,ASN00068125,-34.0904,150.5052,1138
2009-05,ASN00068151,-35.0936,150.8049,660
2009-05,ASN00068160,-34.0542,150.8772,1180
2009-05,ASN00068181,-34.7275,150.5208,650
2009-05,ASN00068192,-34.0391,150.689,822
2009-05,ASN00068200,-34.2075,150.7095,766
2009-05,ASN00068202,-34.6033,150.5487,1030
2009-05,ASN00068213,-34.8667,150.605,200
2009-05,ASN00068215,-34.4167,150.1967,560
2009-05,ASN00068248,-34.6625,150.4333,730
2009-05,ASN00068216,-34.1194,150.7402,750
2009-05,ASN00068224,-34.5858,150.6264,980
2009-05,ASN00068228,-34.3691,150.9291,1090
2009-05,ASN00068229,-35.2439,150.5098,432
2009-05,ASN00068233,-34.8517,150.3883,410
2009-05,ASN00068239,-34.5253,150.4217,1008
2009-05,ASN00068241,-34.5638,150.79,230
2009-05,ASN00068243,-34.5776,150.5118,1208
2009-05,ASN00068245,-34.9528,150.7019,247
2009-05,ASN00068246,-34.5707,150.8383,302
2009-05,ASN00068217,-34.6866,150.5253,470
2009-05,ASN00069052,-35.7343,150.0508,252
2009-05,ASN00069054,-36.2967,149.51,536
2009-05,ASN00069062,-35.9446,149.5876,456
2009-05,ASN00070060,-35.1559,149.7725,212
2009-05,ASN00070061,-35.5646,149.7406,440
2009-05,ASN00070071,-34.6514,149.5024,184
2009-05,ASN00070077,-34.9031,149.67,136
2009-05,ASN00070080,-34.4048,149.8197,754
2009-05,ASN00070084,-36.9325,148.9393,74
2009-05,ASN00070106,-36.8439,149.3897,326
2009-05,ASN00070112,-34.7226,149.1816,42
2009-05,ASN00070117,-34.7169,149.1207,42
2009-05,ASN00070054,-36.2009,149.0602,64
2009-05,ASN00070124,-34.3024,149.8767,1120
2009-05,ASN00070143,-34.6389,149.9541,222
2009-05,ASN00070144,-34.4084,149.8836,866
2009-05,ASN00070147,-34.5604,149.7381,384
2009-05,ASN00070161,-36.425,149.1139,122
2009-05,ASN00070165,-36.3541,149.198,42
2009-05,ASN00070214,-35.6311,149.5,344
2009-05,ASN00070217,-36.2939,148.9725,84
2009-05,ASN00070231,-35.3266,149.0492,40
2009-05,ASN00070242,-35.2572,149.0742,28
2009-05,ASN00070131,-34.545,149.6245,280
2009-05,ASN00070045,-35.1548,149.057,84
2009-05,ASN00070043,-34.7823,149.2681,50
2009-05,ASN00070032,-35.2274,148.9139,56
2009-05,ASN00069065,-36.5676,149.7511,274
2009-05,ASN00069066,-36.9296,149.646,442
2009-05,ASN00069068,-36.6036,149.9984,285
2009-05,ASN00069088,-36.1935,149.4735,519
2009-05,ASN00069114,-36.5404,149.8229,326
2009-05,ASN00069121,-35.4411,150.2857,800
2009-05,ASN00069132,-35.4253,149.7835,208
2009-05,ASN00069133,-36.6631,149.5139,186
2009-05,ASN00069134,-35.7234,150.1872,261
2009-05,ASN00069137,-37.2622,150.0504,212
2009-05,ASN00069138,-35.3635,150.4827,536
2009-05,ASN00069139,-36.6722,149.8191,194
2009-05,ASN00069140,-36.4948,149.7434,212
2009-05,ASN00069142,-35.924,150.0362,296
2009-05,ASN00069145,-35.9775,149.8611,660
2009-05,ASN00069147,-36.9077,149.8989,30
2009-05,ASN00069148,-35.9004,150.1437,156
2009-05,ASN00069150,-35.3785,150.0032,908
2009-05,ASN00070005,-36.9113,149.2379,122
2009-05,ASN00070016,-35.5889,149.4478,300
2009-05,ASN00070025,-34.4578,149.4693,90
2009-05,ASN00068110,-34.4829,150.8555,488
2009-05,ASN00068088,-35.0938,150.6228,568
2009-05,ASN00068083,-34.9282,150.7484,253
2009-05,ASN00068080,-34.9158,150.7312,296
2009-05,ASN00065000,-32.4975,148.7488,80
2009-05,ASN00065010,-33.2869,148.7396,70
2009-05,ASN00065013,-33.4278,148.3721,48
2009-05,ASN00065019,-33.6146,148.435,210
2009-05,ASN00065020,-33.183,148.6941,42
2009-05,ASN00065022,-33.1628,148.5879,58
2009-05,ASN00065023,-33.0866,148.8598,35
2009-05,ASN00065030,-32.5192,148.5187,116
2009-05,ASN00065034,-32.5635,148.9503,94
2009-05,ASN00064054,-31.7914,149.6705,186
2009-05,ASN00065041,-33.0956,148.8692,28
2009-05,ASN00065068,-33.1281,148.2428,68
2009-05,ASN00065070,-32.2206,148.5753,100
2009-05,ASN00065084,-33.3711,148.5917,58
2009-05,ASN00065096,-33.2682,148.3945,96
2009-05,ASN00065098,-32.6833,148.9167,12
2009-05,ASN00065099,-32.3778,148.8741,74
2009-05,ASN00065103,-33.3627,147.9205,64
2009-05,ASN00065106,-32.0358,148.6552,174
2009-05,ASN00065111,-33.8449,148.6497,124
2009-05,ASN00065051,-32.9283,148.7547,34
2009-05,ASN00064050,-31.646,149.6209,154
2009-05,ASN00064029,-32.0156,149.3925,92
2009-05,ASN00064027,-31.3125,149.2048,288
2009-05,ASN00063254,-33.3211,149.0828,176
2009-05,ASN00063271,-34.0417,149.3611,162
2009-05,ASN00063283,-33.7,150.0278,1030
2009-05,ASN00063287,-33.4111,149.5861,60
2009-05,ASN00063290,-33.4983,150.5215,1506
2009-05,ASN00063291,-33.412,149.654,64
2009-05,ASN00063292,-33.6185,150.2741,2324
2009-05,ASN00063293,-33.74,149.8822,380
2009-05,ASN00063295,-33.6297,150.2803,2340
2009-05,ASN00063297,-33.5728,149.9128,150
2009-05,ASN00063298,-33.6144,149.6981,60
2009-05,ASN00063302,-33.8275,149.6033,220
2009-05,ASN00063303,-33.3813,149.127,136
2009-05,ASN00063304,-33.7181,149.5106,200
2009-05,ASN00064008,-31.2712,149.2714,322
2009-05,ASN00064009,-32.0159,149.3964,130
2009-05,ASN00064010,-32.1141,149.0365,242
2009-05,ASN00064015,-31.8227,149.1217,154
2009-05,ASN00064017,-31.3304,149.2699,278
2009-05,ASN00064024,-31.5622,148.9547,212
2009-05,ASN00064025,-31.8231,149.72,34
2009-05,ASN00065112,-33.4818,148.2608,92
2009-05,ASN00063245,-33.6492,149.0759,92
2009-05,ASN00066011,-33.8,151.2,1120
2009-05,ASN00066034,-33.8507,151.1295,1265
2009-05,ASN00067026,-33.7704,150.9318,971
2009-05,ASN00067027,-33.8902,150.5934,472
2009-05,ASN00067033,-33.6022,150.7794,829
2009-05,ASN00067094,-33.4383,150.8917,1024
2009-05,ASN00067104,-33.6617,150.9,650
2009-05,ASN00067105,-33.6004,150.7761,816
2009-05,ASN00067108,-33.8969,150.7281,1136
2009-05,ASN00067109,-33.7678,150.9814,1045
2009-05,ASN00067110,-33.7858,150.9236,935
2009-05,ASN00067023,-33.4972,151.0931,1678
2009-05,ASN00067111,-33.7931,151.0167,855
2009-05,ASN00067113,-33.7195,150.6783,834
2009-05,ASN00067114,-33.8667,150.8611,850
2009-05,ASN00067119,-33.8511,150.8567,770
2009-05,ASN00068000,-34.5712,150.7761,94
2009-05,ASN00068007,-34.0254,150.6455,703
2009-05,ASN00068024,-34.2272,150.9111,1808
2009-05,ASN00068035,-34.6642,150.7586,300
2009-05,ASN00068044,-34.4474,150.4568,1244
2009-05,ASN00068072,-34.9469,150.5353,268
2009-05,ASN00067112,-33.7672,151.0186,1190
2009-05,ASN00067021,-33.6165,150.7477,508
2009-05,ASN00067019,-33.8193,150.9127,914
2009-05,ASN00067017,-33.8136,150.9392,38
2009-05,ASN00066036,-33.9186,151.1402,1150
2009-05,ASN00066037,-33.9465,151.1731,1330
2009-05,ASN00066048,-33.8483,151.1105,1048
2009-05,ASN00066052,-33.9096,151.2419,2321
2009-05,ASN00066058,-33.9942,151.1292,1350
2009-05,ASN00066059,-33.6908,151.2253,1828
2009-05,ASN00066073,-33.9105,151.2276,2066
2009-05,ASN00066078,-34.0517,150.98,946
2009-05,ASN00066080,-33.7809,151.2044,1175
2009-05,ASN00066098,-33.8809,151.2658,1972
2009-05,ASN00066124,-33.7917,151.0181,958
2009-05,ASN00066128,-33.5965,151.3221,780
2009-05,ASN00066137,-33.9181,150.9864,1200
2009-05,ASN00066142,-33.6761,151.1818,1804
2009-05,ASN00066148,-33.97,151.0638,1270
2009-05,ASN00066156,-33.7791,151.1121,1092
2009-05,ASN00066176,-34.0658,151.0567,1500
2009-05,ASN00066188,-33.7402,151.2173,1346
2009-05,ASN00066194,-33.9057,151.1134,1294
2009-05,ASN00066204,-34.0009,151.0738,1274
2009-05,ASN00067002,-33.6667,150.6696,1022
2009-05,ASN00066013,-33.8523,151.0985,998
2009-05,ASN00058077,-29.6224,152.9605,1436
2009-05,ASN00048047,-29.1509,148.6252,802
2009-05,ASN00058068,-29.4133,153.0153,4126
2009-05,ASN00043095,-27.3867,149.3878,882
2009-05,ASN00043099,-26.82,148.0244,244
2009-05,ASN00043101,-27.3117,148.8267,390
2009-05,ASN00043102,-26.49,147.9792,180
2009-05,ASN00043105,-26.4083,148.7833,0
2009-05,ASN00043106,-26.5089,148.1314,322
2009-05,ASN00043108,-25.96,148.3867,144
2009-05,ASN00043109,-28.0489,148.5942,622
2009-05,ASN00043112,-26.7997,148.5989,446
2009-05,ASN00043093,-26.6064,148.5372,394
2009-05,ASN00044010,-28.0336,147.4803,463
2009-05,ASN00044026,-28.0706,145.6808,38
2009-05,ASN00044038,-27.02,147.1536,260
2009-05,ASN00044040,-26.1108,144.8728,146
2009-05,ASN00044041,-25.9719,146.6189,164
2009-05,ASN00044044,-26.3453,147.1258,320
2009-05,ASN00044045,-27.4133,147.4314,112
2009-05,ASN00044047,-26.44,147.6942,352
2009-05,ASN00044050,-26.4156,147.1131,224
2009-05,ASN00044054,-28.8061,147.1194,568
2009-05,ASN00044021,-26.4139,146.2558,116
2009-05,ASN00044056,-26.4458,147.5453,230
2009-05,ASN00043091,-26.5442,148.7778,480
2009-05,ASN00043065,-27.7683,148.7147,420
2009-05,ASN00042023,-26.6581,150.1844,356
2009-05,ASN00042025,-26.5519,150.6322,0
2009-05,ASN00042034,-27.1689,150.0019,876
2009-05,ASN00042035,-26.6439,149.6278,672
2009-05,ASN00042078,-26.9186,150.4722,790
2009-05,ASN00042100,-27.7644,150.0694,1080
2009-05,ASN00042104,-28.3839,149.6747,974
2009-05,ASN00042112,-26.6569,150.1819,340
2009-05,ASN00042115,-28.0697,149.9794,746
2009-05,ASN00043080,-27.2275,148.7411,466
2009-05,ASN00042116,-28.23,149.5617,780
2009-05,ASN00043020,-26.4888,147.9777,216
2009-05,ASN00043035,-27.159,149.0703,332
2009-05,ASN00043037,-26.2094,149.0894,360
2009-05,ASN00043043,-26.6133,149.3878,442
2009-05,ASN00043045,-28.0944,148.9731,1504
2009-05,ASN00043051,-26.2625,149.2389,322
2009-05,ASN00043052,-27.0006,149.4969,536
2009-05,ASN00043060,-26.0756,147.9044,301
2009-05,ASN00043061,-25.9847,148.5567,327
2009-05,ASN00043015,-25.8428,148.5669,240
2009-05,ASN00044057,-25.4992,146.5442,56
2009-05,ASN00044070,-26.375,147.0394,125
2009-05,ASN00044075,-27.265,148.0814,202
2009-05,ASN00046128,-31.0867,141.7017,84
2009-05,ASN00046129,-30.8517,143.0742,56
2009-05,ASN00047013,-32.9669,143.1071,128
2009-05,ASN00047016,-34.0398,141.2652,223
2009-05,ASN00047019,-32.3937,142.4173,84
2009-05,ASN00047022,-32.4757,143.9409,118
2009-05,ASN00047029,-33.3856,142.5696,78
2009-05,ASN00047033,-33.4268,142.5719,62
2009-05,ASN00047040,-33.9297,142.3572,64
2009-05,ASN00046126,-29.4448,142.0567,52
2009-05,ASN00047046,-33.2552,141.7984,98
2009-05,ASN00047049,-32.0682,141.1097,66
2009-05,ASN00047053,-34.1065,141.9189,112
2009-05,ASN00047056,-32.419,141.5525,80
2009-05,ASN00047058,-32.3902,142.4164,92
2009-05,ASN00047078,-33.2714,141.5962,70
2009-05,ASN00047093,-33.7492,142.2205,116
2009-05,ASN00047104,-32.804,141.5096,78
2009-05,ASN00047106,-32.9703,142.3855,76
2009-05,ASN00047107,-34.3206,142.3645,126
2009-05,ASN00047048,-32.0012,141.4694,86
2009-05,ASN00046124,-29.8718,142.434,12
2009-05,ASN00046052,-29.4089,143.3808,62
2009-05,ASN00046043,-31.5631,143.3747,126
2009-05,ASN00044111,-25.8517,146.1894,232
2009-05,ASN00044137,-27.8717,148.0344,316
2009-05,ASN00044142,-27.6844,147.6981,324
2009-05,ASN00044153,-28.1631,145.0431,0
2009-05,ASN00044154,-28.3875,148.3111,810
2009-05,ASN00044174,-27.62,145.8281,65
2009-05,ASN00044181,-28.9972,144.4094,92
2009-05,ASN00044194,-28.3544,148.8217,1244
2009-05,ASN00044208,-26.1394,145.6639,184
2009-05,ASN00044211,-25.3353,147.3,122
2009-05,ASN00044223,-25.4536,147.3031,122
2009-05,ASN00045007,-26.1133,144.1333,206
2009-05,ASN00045009,-27.4008,141.8114,20
2009-05,ASN00045015,-26.6125,144.2578,230
2009-05,ASN00045025,-27.9867,143.815,154
2009-05,ASN00045029,-28.0722,141.5317,0
2009-05,ASN00046002,-29.7656,143.1142,0
2009-05,ASN00046006,-29.0885,141.2033,24
2009-05,ASN00046012,-31.5194,143.385,140
2009-05,ASN00046015,-31.4459,142.1352,130
2009-05,ASN00046022,-31.4469,143.6548,260
2009-05,ASN00042022,-27.3236,149.8828,1168
2009-05,ASN00042016,-27.3411,150.0619,1174
2009-05,ASN00042002,-27.2067,150.2828,1282
2009-05,ASN00041551,-26.9669,151.4847,780
2009-05,ASN00041145,-26.8397,151.165,656
2009-05,ASN00041162,-28.2694,150.8106,516
2009-05,ASN00041166,-27.6764,151.6022,610
2009-05,ASN00041170,-27.5433,151.6383,726
2009-05,ASN00041175,-28.6217,151.9533,1640
2009-05,ASN00041182,-27.1667,151.5697,822
2009-05,ASN00041191,-27.2627,151.3747,694
2009-05,ASN00041208,-28.3542,152.3392,2114
2009-05,ASN00041229,-28.0775,152.2625,1212
2009-05,ASN00041134,-28.3128,152.4025,2564
2009-05,ASN00041230,-28.7208,151.1825,1064
2009-05,ASN00041250,-27.7894,151.4133,698
2009-05,ASN00041276,-27.9292,152.1606,836
2009-05,ASN00041277,-26.7675,151.2075,536
2009-05,ASN00041314,-27.7578,151.4483,666
2009-05,ASN00041323,-28.0187,152.2861,1742
2009-05,ASN00041338,-28.8,151.8433,1128
2009-05,ASN00041339,-27.2131,151.1856,590
2009-05,ASN00041344,-28.2075,151.5608,470
2009-05,ASN00041348,-28.1667,150.6444,426
2009-05,ASN00041240,-27.1858,151.1419,502
2009-05,ASN00041128,-28.4997,150.5928,856
2009-05,ASN00041120,-28.1897,152.2064,846
2009-05,ASN00041116,-28.9231,151.9306,1576
2009-05,ASN00041034,-28.4039,151.4703,636
2009-05,ASN00070246,-35.3098,149.1269,32
2009-05,ASN00041037,-27.3072,151.8506,63
2009-05,ASN00041047,-28.4147,151.0828,828
2009-05,ASN00041050,-26.7797,151.1111,442
2009-05,ASN00041052,-26.6928,151.0964,438
2009-05,ASN00041053,-27.3675,151.5897,866
2009-05,ASN00041056,-28.3344,152.2953,1442
2009-05,ASN00041072,-27.4831,151.6003,832
2009-05,ASN00041082,-27.7156,151.6333,620
2009-05,ASN00041083,-28.0694,151.7797,470
2009-05,ASN00041085,-28.3253,152.3942,2428
2009-05,ASN00041086,-26.6653,151.3969,846
2009-05,ASN00041090,-26.5392,151.1347,324
2009-05,ASN00041091,-26.8086,151.0806,496
2009-05,ASN00041095,-28.6617,151.9339,1387
2009-05,ASN00041096,-27.5094,151.9547,1333
2009-05,ASN00041098,-28.2858,152.2425,1092
2009-05,ASN00041100,-28.8544,151.1681,986
2009-05,ASN00041106,-27.9651,152.0752,668
2009-05,ASN00041112,-28.4033,150.0517,580
2009-05,ASN00041359,-27.4034,151.7413,734
2009-05,ASN00048015,-29.9614,146.8651,590
2009-05,ASN00041365,-28.6514,151.6336,782
2009-05,ASN00041370,-28.1236,150.5431,510
2009-05,ASN00041510,-27.4722,151.9481,1118
2009-05,ASN00041512,-27.3825,151.9244,676
2009-05,ASN00041519,-28.5767,150.845,850
2009-05,ASN00041522,-27.1605,151.2634,566
2009-05,ASN00041525,-28.2061,152.1003,808
2009-05,ASN00041528,-27.0481,151.6314,732
2009-05,ASN00041529,-27.5425,151.9134,494
2009-05,ASN00041530,-28.2006,152.2156,750
2009-05,ASN00041531,-28.1167,152.0642,630
2009-05,ASN00041509,-27.6783,150.3483,630
2009-05,ASN00041532,-28.3558,151.9967,610
2009-05,ASN00041534,-28.2111,152.0275,730
2009-05,ASN00041535,-28.3731,152.14,970
2009-05,ASN00041536,-28.2883,152.1053,640
2009-05,ASN00041537,-28.3394,152.2944,1080
2009-05,ASN00041540,-29.1694,151.3414,498
2009-05,ASN00041543,-28.0719,151.1861,496
2009-05,ASN00041545,-27.6539,150.9136,610
2009-05,ASN00041547,-28.9236,151.9289,1634
2009-05,ASN00041548,-28.8675,151.1611,0
2009-05,ASN00041533,-28.2292,152.2269,630
2009-05,ASN00041508,-27.7267,150.6453,300
2009-05,ASN00041507,-28.6656,150.445,778
2009-05,ASN00041506,-28.6561,150.6653,798
2009-05,ASN00041371,-28.4572,151.6817,720
2009-05,ASN00041388,-28.055,151.3297,628
2009-05,ASN00041391,-28.3611,151.1464,690
2009-05,ASN00041397,-28.1422,150.1319,618
2009-05,ASN00041404,-27.9592,151.6664,721
2009-05,ASN00041405,-27.7952,151.7387,610
2009-05,ASN00041415,-28.2367,151.5347,538
2009-05,ASN00041445,-28.2144,151.9194,730
2009-05,ASN00041456,-28.0621,152.3675,1926
2009-05,ASN00041457,-28.4225,151.2131,858
2009-05,ASN00041464,-28.1553,152.33,1436
2009-05,ASN00041469,-27.0289,151.0947,400
2009-05,ASN00041473,-28.1022,151.8119,624
2009-05,ASN00041486,-26.9575,150.8633,476
2009-05,ASN00041489,-28.3011,150.2936,484
2009-05,ASN00041490,-26.9,150.7833,590
2009-05,ASN00041491,-28.4333,151.4667,0
2009-05,ASN00041493,-27.4967,150.4539,404
2009-05,ASN00041495,-28.4828,151.2831,860
2009-05,ASN00041503,-28.2167,152.05,760
2009-05,ASN00041504,-27.7358,151.4117,680
2009-05,ASN00041369,-27.5233,151.8819,714
2009-05,ASN00058070,-28.6384,153.4128,5126
2009-05,ASN00048025,-29.3513,146.8126,182
2009-05,ASN00048031,-29.5407,148.5818,738
2009-05,ASN00055313,-31.2717,150.9167,44
2009-05,ASN00055319,-30.6126,150.5862,306
2009-05,ASN00055322,-31.3908,151.4019,774
2009-05,ASN00055325,-31.0742,150.8362,70
2009-05,ASN00055331,-30.7299,150.5784,266
2009-05,ASN00055335,-31.5347,151.1806,494
2009-05,ASN00056001,-29.7183,151.355,474
2009-05,ASN00056008,-29.4421,151.8483,1310
2009-05,ASN00056010,-30.9406,151.7078,816
2009-05,ASN00055311,-31.2171,150.8185,42
2009-05,ASN00056013,-29.6953,151.6936,1164
2009-05,ASN00056023,-28.3933,152.4157,1920
2009-05,ASN00056028,-30.7338,151.5105,336
2009-05,ASN00056032,-29.0479,152.0172,1759
2009-05,ASN00056034,-30.6437,151.4906,358
2009-05,ASN00056037,-30.5264,151.6697,876
2009-05,ASN00056052,-29.0988,151.7416,762
2009-05,ASN00056057,-30.0867,151.3909,360
2009-05,ASN00056077,-31.0678,151.5022,340
2009-05,ASN00056094,-29.5488,151.9942,2598
2009-05,ASN00056018,-29.7752,151.0819,264
2009-05,ASN00056098,-29.5817,151.9483,2196
2009-05,ASN00055309,-31.1472,151.2306,20
2009-05,ASN00055282,-31.4753,150.5439,36
2009-05,ASN00055053,-31.346,149.8285,226
2009-05,ASN00055057,-31.7731,150.2856,66
2009-05,ASN00055065,-31.166,150.5441,88
2009-05,ASN00055066,-31.6218,150.8437,114
2009-05,ASN00055075,-31.1224,150.6957,130
2009-05,ASN00055105,-30.7967,150.8647,142
2009-05,ASN00055122,-30.8415,150.9097,120
2009-05,ASN00055136,-30.9672,151.3451,123
2009-05,ASN00055157,-31.0853,150.658,138
2009-05,ASN00055303,-30.8098,150.7524,188
2009-05,ASN00055164,-31.1805,151.3031,48
2009-05,ASN00055181,-31.2547,151.1208,29
2009-05,ASN00055183,-31.2962,150.8606,36
2009-05,ASN00055190,-31.3658,150.8357,26
2009-05,ASN00055202,-30.9537,150.2494,254
2009-05,ASN00055220,-30.9585,150.1505,272
2009-05,ASN00055254,-30.7902,150.629,190
2009-05,ASN00055257,-31.2208,150.8213,36
2009-05,ASN00055262,-31.3505,151.3177,242
2009-05,ASN00055276,-30.8828,150.4928,280
2009-05,ASN00055176,-31.2573,151.0842,16
2009-05,ASN00056100,-29.6315,151.5561,818
2009-05,ASN00056111,-29.7799,151.3503,392
2009-05,ASN00056141,-28.8867,152.1144,2872
2009-05,ASN00057103,-30.0093,152.0101,2056
2009-05,ASN00057104,-31.2739,151.9655,2860
2009-05,ASN00057114,-29.1967,152.595,3362
2009-05,ASN00057119,-30.889,151.8547,2160
2009-05,ASN00057123,-29.7603,152.2057,2648
2009-05,ASN00057124,-30.4833,152.398,4028
2009-05,ASN00057125,-30.3969,152.358,6584
2009-05,ASN00058005,-28.3981,153.1731,1010
2009-05,ASN00058007,-28.6369,153.588,4424
2009-05,ASN00057095,-28.7551,152.4507,3614
2009-05,ASN00058012,-29.4333,153.3633,3278
2009-05,ASN00058020,-28.2886,153.3651,3438
2009-05,ASN00058023,-28.7908,153.3958,3824
2009-05,ASN00058027,-29.4227,153.2533,4546
2009-05,ASN00058036,-28.31,153.2228,3280
2009-05,ASN00058040,-28.5451,153.4948,4690
2009-05,ASN00058044,-28.5966,153.2233,4032
2009-05,ASN00058045,-29.9691,152.7265,182
2009-05,ASN00058056,-28.2025,153.5502,3206
2009-05,ASN00058059,-29.6309,153.0286,4434
2009-05,ASN00058019,-28.5314,153.3151,6050
2009-05,ASN00057093,-29.5101,152.4897,5124
2009-05,ASN00057091,-30.7167,151.8531,2178
2009-05,ASN00057035,-31.1333,152.1253,2040
2009-05,ASN00056161,-30.1575,151.8774,752
2009-05,ASN00056176,-30.1369,151.2581,234
2009-05,ASN00056202,-28.9776,152.1552,2640
2009-05,ASN00056205,-29.8995,151.965,2730
2009-05,ASN00056207,-28.5417,151.9909,1688
2009-05,ASN00056229,-30.2126,151.6787,790
2009-05,ASN00056234,-30.9874,151.5855,562
2009-05,ASN00056236,-31.0109,151.6246,698
2009-05,ASN00056237,-29.8025,151.2726,336
2009-05,ASN00056238,-30.5273,151.6158,800
2009-05,ASN00056239,-28.7014,152.0974,3246
2009-05,ASN00056240,-30.3358,151.7367,460
2009-05,ASN00056242,-29.7796,151.1121,276
2009-05,ASN00056243,-29.678,151.694,1560
2009-05,ASN00057003,-28.737,152.6228,2804
2009-05,ASN00057005,-28.9279,152.3759,2614
2009-05,ASN00057014,-29.5577,152.1388,3360
2009-05,ASN00057018,-28.8914,152.5663,2124
2009-05,ASN00057023,-30.2892,152.1701,1872
2009-05,ASN00057024,-28.3879,152.6083,2135
2009-05,ASN00057028,-30.5644,151.907,1365
2009-05,ASN00055049,-31.5086,150.6792,43
2009-05,ASN00055046,-31.5271,150.4296,36
2009-05,ASN00055041,-31.4605,151.1275,112
2009-05,ASN00055016,-30.9963,151.2292,102
2009-05,ASN00050045,-33.8486,146.8261,62
2009-05,ASN00050052,-33.0664,147.2283,142
2009-05,ASN00050108,-32.5724,147.2162,176
2009-05,ASN00050110,-32.6358,148.058,94
2009-05,ASN00050117,-32.8952,148.2811,586
2009-05,ASN00050119,-32.9365,148.2452,28
2009-05,ASN00050137,-33.0682,147.2133,146
2009-05,ASN00050139,-32.5613,148.3353,120
2009-05,ASN00050141,-33.055,147.4427,82
2009-05,ASN00050037,-32.6309,147.5659,174
2009-05,ASN00051008,-32.4581,148.1491,102
2009-05,ASN00051026,-31.5629,146.7181,564
2009-05,ASN00051033,-31.8576,147.1343,414
2009-05,ASN00051034,-31.4986,147.6865,640
2009-05,ASN00051042,-30.9252,147.869,596
2009-05,ASN00051049,-31.9861,147.9489,236
2009-05,ASN00051057,-30.6998,147.2232,504
2009-05,ASN00051066,-31.9478,148.62,276
2009-05,ASN00051122,-31.5558,148.5981,230
2009-05,ASN00051133,-31.2294,148.8861,246
2009-05,ASN00051018,-31.7055,148.6625,236
2009-05,ASN00050035,-32.2435,147.3545,174
2009-05,ASN00050031,-32.7235,148.1902,97
2009-05,ASN00050017,-33.9382,147.1962,86
2009-05,ASN00048079,-29.7029,144.1482,90
2009-05,ASN00048115,-31.424,145.2539,688
2009-05,ASN00048168,-29.1173,147.8993,662
2009-05,ASN00048237,-31.5389,145.7964,304
2009-05,ASN00048238,-30.1749,146.9724,748
2009-05,ASN00048243,-29.431,147.9722,497
2009-05,ASN00048245,-30.0362,145.9521,194
2009-05,ASN00049000,-32.8831,144.3088,60
2009-05,ASN00049002,-34.6398,143.561,68
2009-05,ASN00049023,-34.4523,142.9109,75
2009-05,ASN00049045,-34.5594,143.0754,80
2009-05,ASN00049055,-34.1953,143.7916,105
2009-05,ASN00049061,-32.3884,144.7456,390
2009-05,ASN00049063,-33.052,144.1444,150
2009-05,ASN00049092,-33.6959,144.2757,112
2009-05,ASN00049103,-32.1698,144.2007,120
2009-05,ASN00049105,-32.5187,146.2819,210
2009-05,ASN00049132,-33.1898,145.3067,359
2009-05,ASN00049133,-33.516,144.7651,206
2009-05,ASN00050010,-33.5159,147.2541,58
2009-05,ASN00050014,-33.0818,147.1524,120
2009-05,ASN00051160,-31.7069,148.6358,0
2009-05,ASN00048027,-31.484,145.8294,378
2009-05,ASN00051161,-30.9776,148.3798,532
2009-05,ASN00052020,-28.9786,148.9899,712
2009-05,ASN00054074,-29.6613,151.0196,370
2009-05,ASN00054076,-29.64,151.4297,624
2009-05,ASN00054078,-29.6754,151.1527,314
2009-05,ASN00054082,-29.6382,151.4055,544
2009-05,ASN00054102,-30.3735,150.6723,246
2009-05,ASN00054104,-29.3899,151.2448,340
2009-05,ASN00054114,-30.0977,151.0089,56
2009-05,ASN00054117,-30.2244,150.723,198
2009-05,ASN00054124,-29.2743,150.2658,498
2009-05,ASN00054073,-29.6448,151.2362,368
2009-05,ASN00054125,-30.1312,150.1462,410
2009-05,ASN00054141,-29.5833,150.37,375
2009-05,ASN00054146,-29.2333,151.3833,495
2009-05,ASN00054149,-30.1872,149.8642,392
2009-05,ASN00054151,-30.2838,150.1666,0
2009-05,ASN00054160,-29.1199,151.2942,540
2009-05,ASN00055000,-30.9113,150.8579,122
2009-05,ASN00055002,-31.2342,149.8345,314
2009-05,ASN00055006,-31.6405,150.2356,98
2009-05,ASN00055007,-30.7056,150.0458,424
2009-05,ASN00054128,-29.8866,150.8951,226
2009-05,ASN00054049,-29.405,150.9012,462
2009-05,ASN00054046,-29.3992,151.4107,604
2009-05,ASN00054038,-30.3154,149.8302,384
2009-05,ASN00052023,-30.3515,148.8843,325
2009-05,ASN00052067,-29.8136,148.9104,405
2009-05,ASN00052088,-30.0372,148.1223,458
2009-05,ASN00053002,-30.9469,149.0654,160
2009-05,ASN00053003,-29.9182,149.7919,298
2009-05,ASN00053018,-28.9917,150.017,690
2009-05,ASN00053033,-29.4748,150.1359,452
2009-05,ASN00053034,-30.1187,149.3232,320
2009-05,ASN00053035,-29.8401,149.3207,442
2009-05,ASN00053041,-28.8697,150.0903,632
2009-05,ASN00053044,-30.2257,149.4452,246
2009-05,ASN00053073,-30.7632,149.0008,308
2009-05,ASN00053081,-30.8043,149.1246,258
2009-05,ASN00053085,-28.9665,149.6721,428
2009-05,ASN00053115,-29.4914,149.8458,460
2009-05,ASN00054003,-30.3781,150.6096,291
2009-05,ASN00054004,-29.8673,150.5715,336
2009-05,ASN00054013,-29.654,150.8291,306
2009-05,ASN00054023,-30.2948,150.8103,156
2009-05,ASN00054027,-29.5581,150.8871,414
2009-05,ASN00054029,-29.5416,150.5754,390
2009-05,ASN00052016,-30.6088,148.972,300
2009-05,ASN00070247,-35.2776,149.1095,152
2009-05,ASN00085293,-38.8957,145.9355,642
2009-05,ASN00070263,-34.7495,149.7034,204
2009-05,ASN00089022,-37.6472,142.2309,478
2009-05,ASN00089025,-37.6854,143.3654,184
2009-05,ASN00089033,-37.6901,142.7253,562
2009-05,ASN00089034,-37.5483,142.7393,118
2009-05,ASN00089043,-37.3909,141.9194,632
2009-05,ASN00089048,-37.517,143.9275,298
2009-05,ASN00089068,-37.9324,143.7864,50
2009-05,ASN00089074,-37.9477,143.2222,338
2009-05,ASN00089084,-37.9333,143.8667,74
2009-05,ASN00089019,-37.4043,142.3843,542
2009-05,ASN00089085,-37.2775,142.9811,538
2009-05,ASN00089106,-37.4152,143.6718,296
2009-05,ASN00089107,-37.3494,143.2956,506
2009-05,ASN00089109,-37.3598,143.1961,332
2009-05,ASN00089111,-37.5174,143.7791,258
2009-05,ASN00089112,-37.7067,142.9378,412
2009-05,ASN00090001,-38.7481,143.6635,572
2009-05,ASN00090005,-38.1954,143.6399,265
2009-05,ASN00090008,-38.3372,143.7844,222
2009-05,ASN00090010,-37.8595,141.7708,528
2009-05,ASN00089103,-37.9708,143.2189,290
2009-05,ASN00090013,-38.3215,141.406,468
2009-05,ASN00089018,-37.9543,143.3437,242
2009-05,ASN00089011,-37.6467,142.3419,511
2009-05,ASN00088067,-37.2177,145.4211,106
2009-05,ASN00088071,-37.4181,144.2133,136
2009-05,ASN00088103,-37.4958,145.7475,252
2009-05,ASN00088108,-37.1566,144.2079,222
2009-05,ASN00088109,-36.8886,145.1859,72
2009-05,ASN00088110,-37.0809,144.2392,200
2009-05,ASN00088113,-37.3387,143.9861,196
2009-05,ASN00088119,-37.3167,145.7167,174
2009-05,ASN00088121,-37.1425,144.9264,96
2009-05,ASN00089016,-37.711,142.8395,518
2009-05,ASN00088123,-37.25,144.4378,104
2009-05,ASN00088130,-37.4234,145.7085,267
2009-05,ASN00088137,-37.1644,143.5532,202
2009-05,ASN00088138,-37.2348,144.9962,136
2009-05,ASN00088162,-37.3807,144.9654,178
2009-05,ASN00088164,-37.2091,145.8423,140
2009-05,ASN00089002,-37.5127,143.7911,200
2009-05,ASN00089003,-37.2472,141.8415,554
2009-05,ASN00089009,-37.5267,142.0414,518
2009-05,ASN00089010,-38.0297,143.6331,188
2009-05,ASN00088126,-37.0213,145.1091,154
2009-05,ASN00090015,-38.8556,143.5128,478
2009-05,ASN00090021,-38.3291,143.0779,472
2009-05,ASN00090022,-38.2798,143.6613,274
2009-05,ASN00090180,-38.4583,144.0883,336
2009-05,ASN00090181,-38.241,143.1393,369
2009-05,ASN00090182,-37.583,141.3339,368
2009-05,ASN00090183,-38.6286,143.7306,1208
2009-05,ASN00090184,-38.4306,141.5437,394
2009-05,ASN00090185,-38.5497,143.8594,1048
2009-05,ASN00090186,-38.2867,142.4522,596
2009-05,ASN00090187,-38.4115,143.9771,708
2009-05,ASN00090188,-38.4831,143.9142,760
2009-05,ASN00090176,-38.0737,142.7744,478
2009-05,ASN00091000,-41.5211,146.7158,260
2009-05,ASN00091011,-40.6842,144.7181,568
2009-05,ASN00091019,-41.8142,147.0922,214
2009-05,ASN00091029,-41.4978,146.535,520
2009-05,ASN00091032,-41.7244,147.3208,96
2009-05,ASN00091034,-40.8842,145.2161,966
2009-05,ASN00091039,-41.1839,146.4817,198
2009-05,ASN00091041,-41.2383,146.9953,176
2009-05,ASN00091053,-41.25,147.2169,200
2009-05,ASN00091055,-41.5406,146.1364,1120
2009-05,ASN00091001,-41.2025,146.8156,192
2009-05,ASN00090175,-38.3906,142.2347,628
2009-05,ASN00090173,-37.6486,142.0636,542
2009-05,ASN00090171,-38.3148,141.4705,518
2009-05,ASN00090024,-37.6044,141.6853,375
2009-05,ASN00090026,-37.3443,141.6861,540
2009-05,ASN00090033,-37.3563,141.2103,378
2009-05,ASN00090035,-38.2333,143.7925,200
2009-05,ASN00090036,-37.9695,141.3077,442
2009-05,ASN00090045,-38.1059,142.3216,396
2009-05,ASN00090055,-38.0339,141.9998,266
2009-05,ASN00090060,-38.4699,142.7502,712
2009-05,ASN00090061,-38.421,143.8348,362
2009-05,ASN00090062,-37.8824,142.4235,438
2009-05,ASN00090063,-37.875,142.2895,446
2009-05,ASN00090067,-38.6196,142.9944,607
2009-05,ASN00090070,-38.3846,141.6074,229
2009-05,ASN00090076,-38.6771,143.6826,1000
2009-05,ASN00090077,-38.2362,142.9166,574
2009-05,ASN00090093,-38.7553,143.5103,694
2009-05,ASN00090105,-37.7417,141.0657,289
2009-05,ASN00090147,-38.3427,143.5848,188
2009-05,ASN00090153,-38.255,143.1256,356
2009-05,ASN00090165,-38.5582,143.1663,714
2009-05,ASN00090167,-38.243,143.9887,274
2009-05,ASN00088064,-37.1225,144.8561,142
2009-05,ASN00091060,-40.905,145.3492,1242
2009-05,ASN00088061,-37.3449,144.5365,325
2009-05,ASN00088056,-37.1714,143.701,176
2009-05,ASN00086223,-38.3391,145.0288,334
2009-05,ASN00086224,-37.9785,145.2235,164
2009-05,ASN00086232,-37.8303,144.9767,116
2009-05,ASN00086265,-38.3142,145.1756,335
2009-05,ASN00086281,-38.3343,145.6696,268
2009-05,ASN00086282,-37.6655,144.8321,112
2009-05,ASN00086299,-38.0222,145.3561,296
2009-05,ASN00086303,-37.8886,145.1928,160
2009-05,ASN00086305,-37.6369,144.9072,156
2009-05,ASN00086213,-38.3781,144.8997,330
2009-05,ASN00086314,-38.1992,145.4933,314
2009-05,ASN00086358,-37.8586,145.6532,186
2009-05,ASN00086361,-38.3646,145.1785,308
2009-05,ASN00086364,-37.6594,145.4457,102
2009-05,ASN00086369,-37.9535,145.1655,166
2009-05,ASN00086373,-38.4612,145.3101,228
2009-05,ASN00086374,-37.4652,145.2637,208
2009-05,ASN00086377,-37.4225,145.0752,208
2009-05,ASN00086379,-37.7917,145.2433,203
2009-05,ASN00086383,-37.7239,145.4094,108
2009-05,ASN00086350,-37.4187,144.977,174
2009-05,ASN00086393,-38.4617,144.9019,370
2009-05,ASN00086142,-37.572,145.5014,154
2009-05,ASN00086127,-38.6078,145.5965,523
2009-05,ASN00085304,-37.4967,146.8575,286
2009-05,ASN00085305,-37.8758,146.0833,231
2009-05,ASN00086020,-37.9551,145.0782,108
2009-05,ASN00086035,-37.7011,145.1547,128
2009-05,ASN00086038,-37.7276,144.9066,100
2009-05,ASN00086039,-37.7915,144.9067,98
2009-05,ASN00086063,-38.2656,145.5692,232
2009-05,ASN00086068,-37.7408,145.0972,150
2009-05,ASN00086074,-37.8219,145.1906,182
2009-05,ASN00086131,-37.5552,145.1259,136
2009-05,ASN00086076,-37.8019,145.3675,220
2009-05,ASN00086079,-38.2358,145.0667,164
2009-05,ASN00086088,-37.9142,145.0935,200
2009-05,ASN00086090,-37.7089,145.7855,206
2009-05,ASN00086096,-37.7214,145.0059,96
2009-05,ASN00086104,-37.871,145.2561,124
2009-05,ASN00086105,-38.4282,145.0412,362
2009-05,ASN00086111,-37.9445,145.1764,155
2009-05,ASN00086117,-37.477,145.1513,168
2009-05,ASN00086119,-38.4836,145.1766,266
2009-05,ASN00086077,-37.98,145.0964,176
2009-05,ASN00087006,-37.6018,144.2295,210
2009-05,ASN00087007,-37.743,144.1406,158
2009-05,ASN00087014,-37.5512,143.9322,280
2009-05,ASN00087171,-37.5223,144.4779,288
2009-05,ASN00087173,-37.294,144.7066,216
2009-05,ASN00087175,-37.2732,144.5974,330
2009-05,ASN00087176,-37.7569,144.7511,106
2009-05,ASN00087178,-38.2504,144.5104,110
2009-05,ASN00088002,-36.893,145.2316,104
2009-05,ASN00088009,-36.9886,143.9747,152
2009-05,ASN00088010,-37.2531,144.8614,196
2009-05,ASN00088015,-37.3049,143.7776,164
2009-05,ASN00087168,-37.9075,144.1303,102
2009-05,ASN00088020,-37.3432,144.1575,342
2009-05,ASN00088023,-37.2313,145.9124,274
2009-05,ASN00088029,-36.9579,144.6935,234
2009-05,ASN00088031,-37.0695,145.4177,230
2009-05,ASN00088032,-37.0856,143.9977,140
2009-05,ASN00088037,-37.2535,144.3825,306
2009-05,ASN00088042,-37.1965,144.3742,268
2009-05,ASN00088043,-37.056,143.732,202
2009-05,ASN00088048,-37.105,144.0638,192
2009-05,ASN00088051,-37.0194,144.5203,234
2009-05,ASN00088021,-37.1995,144.0141,188
2009-05,ASN00087162,-38.1435,144.1872,118
2009-05,ASN00087161,-37.6292,144.5026,121
2009-05,ASN00087160,-38.3404,144.3101,240
2009-05,ASN00087016,-37.7654,144.1048,134
2009-05,ASN00087017,-37.4701,144.3069,360
2009-05,ASN00087021,-37.8233,144.2078,192
2009-05,ASN00087029,-37.2698,144.723,42
2009-05,ASN00087031,-37.8565,144.7566,98
2009-05,ASN00087033,-37.991,144.4943,124
2009-05,ASN00087036,-37.4155,144.5569,10
2009-05,ASN00087040,-37.7451,144.5687,74
2009-05,ASN00087042,-37.8539,144.11,170
2009-05,ASN00087043,-37.8197,144.1492,150
2009-05,ASN00087046,-37.6719,143.94,324
2009-05,ASN00087048,-37.8958,144.4387,94
2009-05,ASN00087068,-37.645,144.0411,158
2009-05,ASN00087075,-37.4964,144.5028,298
2009-05,ASN00087095,-37.6111,144.3,194
2009-05,ASN00087113,-38.0287,144.4783,118
2009-05,ASN00087118,-37.3508,144.6067,302
2009-05,ASN00087119,-38.3687,144.0843,344
2009-05,ASN00087121,-37.6831,144.6664,79
2009-05,ASN00087124,-38.2504,144.0854,254
2009-05,ASN00087135,-38.2832,144.4784,134
2009-05,ASN00088060,-37.4475,145.2143,294
2009-05,ASN00091072,-41.4678,147.1628,68
2009-05,ASN00091077,-41.575,147.4508,94
2009-05,ASN00091086,-41.2439,147.7353,320
2009-05,ASN00094175,-42.9725,147.0342,790
2009-05,ASN00094177,-42.7572,147.3817,314
2009-05,ASN00094179,-43.0,146.928,552
2009-05,ASN00094182,-42.5572,147.4033,422
2009-05,ASN00094185,-43.0336,147.2128,812
2009-05,ASN00094191,-43.2006,146.7683,832
2009-05,ASN00094192,-43.4086,146.9567,636
2009-05,ASN00094195,-42.4544,147.4614,414
2009-05,ASN00094198,-43.4886,147.1444,544
2009-05,ASN00094172,-42.6531,147.3589,184
2009-05,ASN00094204,-42.6525,147.3578,336
2009-05,ASN00094213,-43.1456,147.9617,600
2009-05,ASN00094214,-42.7033,147.1261,582
2009-05,ASN00094219,-43.1547,147.0539,636
2009-05,ASN00094220,-42.9858,147.0742,716
2009-05,ASN00094221,-42.8514,147.6211,118
2009-05,ASN00094222,-42.9742,147.295,584
2009-05,ASN00094223,-42.97,147.3303,484
2009-05,ASN00094231,-42.9639,147.2022,806
2009-05,ASN00094232,-42.8367,147.1931,610
2009-05,ASN00094212,-42.6867,147.4258,326
2009-05,ASN00094233,-42.6933,147.2617,278
2009-05,ASN00094169,-43.0433,147.8667,218
2009-05,ASN00094151,-42.9742,147.1692,672
2009-05,ASN00094025,-42.8494,147.2547,560
2009-05,ASN00094027,-43.4144,146.8731,1114
2009-05,ASN00094029,-42.8897,147.3278,532
2009-05,ASN00094030,-42.8667,147.3322,419
2009-05,ASN00094039,-43.3583,147.2342,592
2009-05,ASN00094040,-43.1983,147.0658,586
2009-05,ASN00094041,-43.6578,146.2711,884
2009-05,ASN00094043,-43.2319,147.2547,650
2009-05,ASN00094048,-42.9981,147.4056,348
2009-05,ASN00094155,-43.2397,148.0025,592
2009-05,ASN00094061,-42.9264,147.5203,134
2009-05,ASN00094068,-43.1547,147.2386,628
2009-05,ASN00094071,-43.0153,147.9117,254
2009-05,ASN00094082,-42.8569,147.4386,402
2009-05,ASN00094087,-42.8967,147.235,530
2009-05,ASN00094097,-42.5436,147.5664,432
2009-05,ASN00094111,-42.9519,147.3496,146
2009-05,ASN00094125,-43.0239,147.255,666
2009-05,ASN00094130,-42.7469,147.5511,306
2009-05,ASN00094143,-42.5272,147.1236,590
2009-05,ASN00094064,-42.7619,147.6197,324
2009-05,ASN00094236,-43.3692,147.3442,968
2009-05,ASN00094237,-42.9372,147.1378,938
2009-05,ASN00094239,-42.9639,147.2428,780
2009-05,ASN00097054,-41.8822,145.3358,2592
2009-05,ASN00097072,-42.155,145.2908,1332
2009-05,ASN00097080,-42.985,145.5022,970
2009-05,ASN00097083,-43.0425,146.2722,1616
2009-05,ASN00097085,-41.8444,145.5419,5288
2009-05,ASN00097091,-42.0961,145.5456,3042
2009-05,ASN00098000,-40.0092,144.1111,588
2009-05,ASN00098004,-39.9097,144.0986,741
2009-05,ASN00098011,-39.9283,143.8525,566
2009-05,ASN00097047,-41.4892,145.2083,1900
2009-05,ASN00098017,-39.88,143.8831,444
2009-05,ASN00099005,-40.0911,148.0024,375
2009-05,ASN00099014,-40.0194,148.1825,420
2009-05,ASN00099021,-40.1558,148.1853,4
2009-05,ASN00099023,-40.1883,148.1178,520
2009-05,ASN00099025,-40.2319,148.19,674
2009-05,ASN00109501,-32.938,116.024,724
2009-05,ASN00109505,-33.5958,115.8186,818
2009-05,ASN00109507,-33.444,115.8536,632
2009-05,ASN00041025,-27.5742,151.0839,1040
2009-05,ASN00098023,-39.9647,144.0772,576
2009-05,ASN00097024,-43.0609,146.704,1958
2009-05,ASN00097020,-42.0056,145.5419,982
2009-05,ASN00097000,-42.1986,145.17,794
2009-05,ASN00095001,-42.3883,147.0061,482
2009-05,ASN00095003,-42.7097,146.8983,392
2009-05,ASN00095012,-42.4814,146.7114,406
2009-05,ASN00095016,-42.3367,146.7475,632
2009-05,ASN00095046,-42.3811,147.0036,442
2009-05,ASN00095047,-42.3961,146.4897,280
2009-05,ASN00095048,-42.4842,146.7106,378
2009-05,ASN00095069,-42.8069,147.1144,380
2009-05,ASN00095072,-42.8033,146.9878,518
2009-05,ASN00095074,-42.7414,147.0489,348
2009-05,ASN00095075,-42.6803,146.7756,418
2009-05,ASN00095077,-42.6894,146.7122,358
2009-05,ASN00095079,-42.8458,147.0294,734
2009-05,ASN00096002,-42.1419,146.4931,733
2009-05,ASN00096033,-41.8997,146.6694,632
2009-05,ASN00096038,-42.0572,147.286,348
2009-05,ASN00096046,-41.9822,146.7228,584
2009-05,ASN00096069,-42.1289,146.2156,1086
2009-05,ASN00096070,-42.2558,146.8753,6
2009-05,ASN00096071,-42.1178,146.1772,1734
2009-05,ASN00096077,-41.5958,145.9311,2352
2009-05,ASN00094022,-43.0431,147.4133,406
2009-05,ASN00094020,-43.3167,147.0075,520
2009-05,ASN00094010,-43.4892,147.1453,706
2009-05,ASN00094008,-42.8339,147.5033,316
2009-05,ASN00091263,-41.4889,147.2326,112
2009-05,ASN00091266,-41.3972,146.4953,296
2009-05,ASN00091267,-41.6494,146.6154,612
2009-05,ASN00091271,-41.3959,147.3006,208
2009-05,ASN00091286,-41.1208,146.8275,148
2009-05,ASN00091288,-41.6706,146.7278,586
2009-05,ASN00091290,-41.6308,146.7,656
2009-05,ASN00091291,-41.3886,146.3219,600
2009-05,ASN00091292,-40.8347,145.0847,768
2009-05,ASN00091262,-41.1333,146.8461,96
2009-05,ASN00091293,-41.0556,146.7856,114
2009-05,ASN00091304,-41.1164,145.8619,752
2009-05,ASN00091305,-41.3144,147.3803,378
2009-05,ASN00091306,-41.7256,147.0794,214
2009-05,ASN00091311,-41.5492,147.2144,140
2009-05,ASN00091312,-41.4406,146.1228,614
2009-05,ASN00091315,-41.51,147.0511,160
2009-05,ASN00091317,-41.5136,147.2028,108
2009-05,ASN00091321,-41.3961,145.9342,1588
2009-05,ASN00091332,-41.3528,146.4164,566
2009-05,ASN00091299,-41.2431,147.4436,319
2009-05,ASN00091260,-41.4883,146.9047,202
2009-05,ASN00091259,-41.1492,145.1517,1462
2009-05,ASN00091255,-41.2339,146.9294,152
2009-05,ASN00091090,-41.4475,146.8744,284
2009-05,ASN00091100,-40.4472,144.84,466
2009-05,ASN00091107,-40.9972,145.7292,936
2009-05,ASN00091109,-41.1428,145.7058,1090
2009-05,ASN00091118,-41.5664,147.2444,140
2009-05,ASN00091121,-40.9431,147.5922,94
2009-05,ASN00091126,-41.1708,146.4267,205
2009-05,ASN00091150,-41.6419,146.5244,590
2009-05,ASN00091153,-41.3356,146.2797,561
2009-05,ASN00091156,-41.4717,146.6456,378
2009-05,ASN00091161,-41.3886,146.5861,422
2009-05,ASN00091171,-41.2708,146.5481,308
2009-05,ASN00091186,-41.2039,146.265,370
2009-05,ASN00091197,-41.4864,147.4386,124
2009-05,ASN00091198,-41.3917,147.4242,530
2009-05,ASN00091219,-41.1708,147.4883,176
2009-05,ASN00091223,-40.9089,144.7094,802
2009-05,ASN00091227,-41.5267,146.6583,460
2009-05,ASN00091236,-41.5128,146.8303,212
2009-05,ASN00091237,-41.4194,147.1222,132
2009-05,ASN00091245,-40.6828,144.69,488
2009-05,ASN00091340,-41.3592,147.01,190
2009-05,ASN00085303,-37.5325,147.0053,280
2009-05,ASN00091341,-41.3428,146.8964,181
2009-05,ASN00092001,-41.9525,148.1839,120
2009-05,ASN00092123,-40.7292,148.125,130
2009-05,ASN00092124,-42.6619,148.0181,150
2009-05,ASN00092129,-41.0458,148.2592,118
2009-05,ASN00092134,-41.1256,147.8617,164
2009-05,ASN00093002,-42.3958,147.3042,268
2009-05,ASN00093007,-42.2664,147.5281,202
2009-05,ASN00093014,-42.3006,147.3711,316
2009-05,ASN00093023,-42.4031,147.3908,340
2009-05,ASN00093033,-41.9347,147.4931,118
2009-05,ASN00092120,-41.3381,148.2792,64
2009-05,ASN00093040,-42.3075,147.1672,436
2009-05,ASN00093046,-42.305,147.5708,190
2009-05,ASN00093049,-42.3696,147.4631,338
2009-05,ASN00093051,-42.0317,147.4907,92
2009-05,ASN00093052,-42.163,147.5805,68
2009-05,ASN00093053,-42.025,147.4953,122
2009-05,ASN00093055,-41.8658,147.4494,90
2009-05,ASN00093059,-41.9311,147.4256,112
2009-05,ASN00094001,-42.4158,147.1347,528
2009-05,ASN00094005,-42.7433,147.2372,346
2009-05,ASN00093044,-41.8172,147.5664,76
2009-05,ASN00092114,-41.9953,148.2794,66
2009-05,ASN00092113,-41.4136,148.2744,30
2009-05,ASN00092111,-41.4342,147.7192,60
2009-05,ASN00092002,-41.7792,147.7225,92
2009-05,ASN00092003,-41.8739,148.3036,120
2009-05,ASN00092005,-42.8122,147.8289,276
2009-05,ASN00092008,-42.0117,148.0747,54
2009-05,ASN00092010,-42.5844,148.0636,139
2009-05,ASN00092011,-40.9589,148.0086,136
2009-05,ASN00092014,-41.5308,148.1969,274
2009-05,ASN00092017,-42.7856,147.8086,312
2009-05,ASN00092019,-42.0067,147.7975,204
2009-05,ASN00092020,-41.82,147.9551,126
2009-05,ASN00092024,-41.4703,147.8919,128
2009-05,ASN00092027,-42.5519,147.8753,151
2009-05,ASN00092028,-42.5853,147.9142,116
2009-05,ASN00092030,-41.0825,147.9353,154
2009-05,ASN00092045,-40.9928,148.3467,98
2009-05,ASN00092047,-42.2708,147.6942,164
2009-05,ASN00092051,-41.27,147.9492,268
2009-05,ASN00092064,-41.5633,148.1414,248
2009-05,ASN00092067,-40.8586,148.0178,98
2009-05,ASN00092079,-42.2133,147.7831,70
2009-05,ASN00092099,-42.7153,147.7525,346
2009-05,ASN00091346,-41.2336,147.2064,202
2009-05,ASN00085298,-38.1072,147.1317,258
2009-05,ASN00085297,-37.9722,146.9856,74
2009-05,ASN00085296,-37.7481,147.1428,162
2009-05,ASN00075071,-35.2119,144.816,84
2009-05,ASN00075072,-33.9376,146.6062,96
2009-05,ASN00075079,-34.2502,146.1897,68
2009-05,ASN00075140,-34.1533,145.1409,78
2009-05,ASN00075142,-33.9247,145.5205,214
2009-05,ASN00075163,-33.3476,145.8703,166
2009-05,ASN00076000,-34.85,142.7811,164
2009-05,ASN00076012,-35.1702,143.0001,160
2009-05,ASN00076017,-35.1945,143.04,134
2009-05,ASN00075062,-34.8096,144.1654,38
2009-05,ASN00076018,-35.1136,142.9194,142
2009-05,ASN00076037,-34.1928,141.5996,134
2009-05,ASN00076038,-35.2628,141.1789,148
2009-05,ASN00076043,-34.9272,142.1765,262
2009-05,ASN00076044,-35.1759,143.37,46
2009-05,ASN00076046,-35.167,143.2781,50
2009-05,ASN00076047,-35.0694,142.3158,198
2009-05,ASN00076050,-35.2555,143.3683,90
2009-05,ASN00076051,-34.362,141.9038,90
2009-05,ASN00076064,-35.1201,142.004,116
2009-05,ASN00076031,-34.2358,142.0867,94
2009-05,ASN00076067,-34.3883,141.5954,314
2009-05,ASN00075054,-35.2849,145.2098,144
2009-05,ASN00075046,-35.0885,144.0349,63
2009-05,ASN00074208,-35.6074,145.2012,122
2009-05,ASN00074217,-34.7565,147.3482,80
2009-05,ASN00074234,-35.0371,147.1933,34
2009-05,ASN00074249,-34.8016,145.8904,92
2009-05,ASN00074258,-35.5575,144.9458,102
2009-05,ASN00074261,-34.531,146.9806,56
2009-05,ASN00074262,-35.7861,144.6002,138
2009-05,ASN00074264,-35.4091,147.2479,110
2009-05,ASN00074267,-33.9956,146.7683,88
2009-05,ASN00075049,-34.4456,144.1728,20
2009-05,ASN00075004,-35.2847,144.5334,80
2009-05,ASN00075012,-35.4201,144.6002,93
2009-05,ASN00075016,-33.9871,145.3904,134
2009-05,ASN00075017,-33.17,146.642,100
2009-05,ASN00075026,-34.442,145.5612,260
2009-05,ASN00075032,-33.4915,145.5249,114
2009-05,ASN00075039,-33.2833,146.3707,113
2009-05,ASN00075041,-34.2487,146.0695,40
2009-05,ASN00075042,-34.476,144.3013,82
2009-05,ASN00075044,-33.8192,145.6235,188
2009-05,ASN00075007,-33.8436,144.9073,139
2009-05,ASN00076069,-34.9536,142.7392,214
2009-05,ASN00076103,-35.189,142.3725,256
2009-05,ASN00076105,-34.7164,143.1506,126
2009-05,ASN00078029,-36.46,142.5858,440
2009-05,ASN00078038,-36.2705,142.2165,612
2009-05,ASN00078040,-36.2882,141.7347,508
2009-05,ASN00078072,-36.3697,142.9709,416
2009-05,ASN00078086,-36.14,141.9878,602
2009-05,ASN00079002,-36.9532,143.1976,320
2009-05,ASN00079003,-36.6994,143.1594,448
2009-05,ASN00079008,-36.9389,141.8714,542
2009-05,ASN00079015,-36.8721,142.6308,593
2009-05,ASN00078015,-36.3092,141.6486,308
2009-05,ASN00079016,-36.7281,142.7303,516
2009-05,ASN00079019,-37.1847,142.8553,374
2009-05,ASN00079028,-36.6722,142.2991,604
2009-05,ASN00079031,-36.9865,143.2727,292
2009-05,ASN00079032,-36.8612,142.9332,396
2009-05,ASN00079036,-36.7416,141.9429,586
2009-05,ASN00079037,-36.9,143.1137,420
2009-05,ASN00079039,-36.9065,143.3384,290
2009-05,ASN00079040,-36.6189,143.2631,230
2009-05,ASN00079046,-37.0936,142.4344,884
2009-05,ASN00079017,-36.7181,141.4729,314
2009-05,ASN00078013,-36.3986,141.8797,674
2009-05,ASN00078010,-36.4644,142.0327,552
2009-05,ASN00077094,-35.3766,143.5416,100
2009-05,ASN00076106,-35.2484,141.0808,154
2009-05,ASN00076107,-35.2848,141.4949,294
2009-05,ASN00076109,-35.3678,141.0625,134
2009-05,ASN00076133,-34.1051,141.0166,86
2009-05,ASN00077001,-35.9809,143.6479,112
2009-05,ASN00077005,-35.6367,142.995,176
2009-05,ASN00077008,-35.9244,142.851,252
2009-05,ASN00077009,-35.5504,142.9207,85
2009-05,ASN00077010,-35.7151,142.3569,266
2009-05,ASN00077014,-35.717,143.1074,162
2009-05,ASN00077015,-35.5574,142.5432,219
2009-05,ASN00077025,-35.4609,143.6286,86
2009-05,ASN00077028,-35.7955,142.8768,150
2009-05,ASN00077033,-35.3833,142.1869,366
2009-05,ASN00077034,-35.9296,143.4992,144
2009-05,ASN00077039,-35.5046,142.8493,216
2009-05,ASN00077040,-35.5254,142.7267,194
2009-05,ASN00077052,-35.6803,142.6664,194
2009-05,ASN00077079,-36.0086,143.3719,136
2009-05,ASN00077082,-35.9338,142.2805,412
2009-05,ASN00077088,-35.987,142.915,240
2009-05,ASN00074205,-35.162,147.0274,96
2009-05,ASN00074202,-34.8504,146.9778,32
2009-05,ASN00074188,-35.6724,147.0361,96
2009-05,ASN00074162,-34.9349,146.3031,58
2009-05,ASN00072042,-35.2765,147.7362,152
2009-05,ASN00072043,-35.778,148.0141,174
2009-05,ASN00072044,-35.3194,148.2341,118
2009-05,ASN00072050,-36.0355,147.2707,166
2009-05,ASN00072053,-35.7542,147.8445,250
2009-05,ASN00072056,-35.3947,148.247,218
2009-05,ASN00072078,-35.6767,147.5178,173
2009-05,ASN00072080,-35.7226,147.9291,240
2009-05,ASN00072089,-35.9784,148.0855,108
2009-05,ASN00072023,-36.1039,147.0329,84
2009-05,ASN00072091,-35.9383,148.3842,467
2009-05,ASN00072101,-35.7112,147.4859,140
2009-05,ASN00072141,-35.725,148.4915,158
2009-05,ASN00072142,-35.72,147.3103,126
2009-05,ASN00072146,-36.0692,146.9534,56
2009-05,ASN00072150,-35.1583,147.4573,82
2009-05,ASN00072152,-35.317,148.433,0
2009-05,ASN00072156,-35.9333,147.7167,114
2009-05,ASN00072159,-35.3019,147.9402,100
2009-05,ASN00072160,-36.069,146.9509,68
2009-05,ASN00072098,-35.3448,148.3837,228
2009-05,ASN00072004,-35.5203,148.1453,536
2009-05,ASN00071041,-36.5031,148.304,506
2009-05,ASN00071032,-36.4917,148.2859,382
2009-05,ASN00070269,-34.6653,149.9888,302
2009-05,ASN00070278,-36.2318,149.1243,23
2009-05,ASN00070299,-36.1827,149.3467,142
2009-05,ASN00070307,-35.2459,149.1068,20
2009-05,ASN00070308,-35.3757,149.087,58
2009-05,ASN00070309,-36.9131,149.0372,2
2009-05,ASN00070326,-37.1475,149.1496,306
2009-05,ASN00070328,-37.0016,149.2336,122
2009-05,ASN00070330,-34.8085,149.7312,174
2009-05,ASN00070334,-35.1138,149.9624,308
2009-05,ASN00070335,-35.2,149.955,260
2009-05,ASN00070336,-36.5971,149.2974,126
2009-05,ASN00070339,-35.4184,149.0937,50
2009-05,ASN00070340,-35.1837,149.1122,42
2009-05,ASN00070346,-35.1889,149.251,57
2009-05,ASN00070348,-35.8618,149.1321,52
2009-05,ASN00070349,-35.5293,148.7721,290
2009-05,ASN00071000,-35.9962,148.7693,92
2009-05,ASN00071005,-36.5029,148.835,51
2009-05,ASN00071019,-36.5067,148.8281,26
2009-05,ASN00071021,-36.4818,148.5873,24
2009-05,ASN00072161,-35.9371,148.3779,470
2009-05,ASN00079050,-37.3162,142.6975,758
2009-05,ASN00072162,-36.2304,148.1405,200
2009-05,ASN00072169,-35.7108,148.0026,313
2009-05,ASN00074000,-34.3567,146.9032,136
2009-05,ASN00074002,-34.3479,147.2208,196
2009-05,ASN00074005,-34.2849,146.5714,88
2009-05,ASN00074034,-35.9887,146.3574,46
2009-05,ASN00074037,-34.6223,146.4328,46
2009-05,ASN00074040,-34.8814,145.7595,50
2009-05,ASN00074042,-35.6408,145.5762,175
2009-05,ASN00074050,-34.738,146.7825,40
2009-05,ASN00074053,-35.5168,147.0344,74
2009-05,ASN00073151,-34.4292,147.5111,68
2009-05,ASN00074055,-35.3475,145.7257,40
2009-05,ASN00074087,-35.3342,146.0342,44
2009-05,ASN00074088,-35.5579,146.1653,58
2009-05,ASN00074104,-35.2683,147.1142,146
2009-05,ASN00074106,-35.817,145.6004,274
2009-05,ASN00074110,-35.3305,146.2652,34
2009-05,ASN00074118,-34.5139,146.1848,69
2009-05,ASN00074126,-35.385,147.0558,84
2009-05,ASN00074127,-35.1069,147.3636,60
2009-05,ASN00074129,-35.7228,144.7865,98
2009-05,ASN00074081,-35.9878,146.0061,96
2009-05,ASN00073150,-34.5307,147.8442,540
2009-05,ASN00073142,-34.6299,148.0364,130
2009-05,ASN00073141,-35.0479,148.1075,74
2009-05,ASN00073000,-34.1442,147.386,56
2009-05,ASN00073007,-34.9997,148.5984,160
2009-05,ASN00073014,-33.9029,148.1718,93
2009-05,ASN00073017,-34.0824,148.365,156
2009-05,ASN00073019,-34.8456,147.5714,66
2009-05,ASN00073021,-34.0391,148.5552,68
2009-05,ASN00073022,-34.6479,148.1606,84
2009-05,ASN00073025,-34.791,147.5592,86
2009-05,ASN00073029,-34.5495,148.3493,32
2009-05,ASN00073032,-34.0112,147.7937,98
2009-05,ASN00073043,-34.4918,148.1266,76
2009-05,ASN00073044,-35.0581,147.753,110
2009-05,ASN00073051,-34.2054,148.5533,86
2009-05,ASN00073054,-33.9262,147.2418,84
2009-05,ASN00073100,-33.9119,148.4383,110
2009-05,ASN00073109,-34.425,148.5408,54
2009-05,ASN00073110,-33.9462,148.0775,146
2009-05,ASN00073113,-34.1985,148.0047,30
2009-05,ASN00073115,-35.1687,148.2311,94
2009-05,ASN00073129,-34.1567,148.6857,125
2009-05,ASN00073138,-34.2493,148.2475,76
2009-05,ASN00072163,-35.899,148.1821,68
2009-05,ASN00070261,-35.6904,149.5869,392
2009-05,ASN00079075,-36.6287,142.6321,450
2009-05,ASN00079079,-36.7913,143.1207,474
2009-05,ASN00083090,-37.1017,147.6008,112
2009-05,ASN00083091,-37.3016,146.1489,408
2009-05,ASN00084002,-37.1712,148.7228,126
2009-05,ASN00084003,-37.7073,147.8314,116
2009-05,ASN00084014,-37.106,148.6862,76
2009-05,ASN00084015,-37.3757,147.8373,136
2009-05,ASN00084016,-37.5679,149.9158,314
2009-05,ASN00084025,-37.8507,147.7664,236
2009-05,ASN00084035,-37.2618,147.7229,60
2009-05,ASN00083085,-36.9767,147.1342,972
2009-05,ASN00084039,-37.0707,148.5906,50
2009-05,ASN00084045,-37.8526,148.0638,152
2009-05,ASN00084084,-37.5976,149.7289,194
2009-05,ASN00084093,-37.7132,148.3954,348
2009-05,ASN00084096,-37.5455,148.1357,266
2009-05,ASN00084100,-37.8333,147.6206,68
2009-05,ASN00084107,-37.0826,148.2791,122
2009-05,ASN00084109,-37.5006,148.2717,140
2009-05,ASN00084118,-37.49,147.1658,126
2009-05,ASN00084122,-37.4772,149.6386,204
2009-05,ASN00084044,-37.0071,148.2666,100
2009-05,ASN00084134,-37.3397,148.712,180
2009-05,ASN00083084,-36.8708,147.2755,604
2009-05,ASN00083079,-36.7132,146.6717,556
2009-05,ASN00082163,-36.6364,146.5547,350
2009-05,ASN00082165,-36.9502,146.0095,264
2009-05,ASN00082166,-36.4186,146.5572,228
2009-05,ASN00082167,-36.5344,146.2181,216
2009-05,ASN00082169,-36.1828,147.8938,100
2009-05,ASN00083000,-36.9064,146.2389,320
2009-05,ASN00083003,-36.9456,147.7407,70
2009-05,ASN00083010,-36.6344,146.8628,392
2009-05,ASN00083019,-37.0525,146.0872,78
2009-05,ASN00083083,-36.7396,146.4671,369
2009-05,ASN00083024,-37.145,146.4394,302
2009-05,ASN00083033,-37.5696,146.2541,350
2009-05,ASN00083035,-36.9257,147.423,140
2009-05,ASN00083038,-36.6566,147.1283,414
2009-05,ASN00083043,-36.8756,147.2886,232
2009-05,ASN00083057,-36.6074,146.7888,382
2009-05,ASN00083058,-36.8547,146.8581,150
2009-05,ASN00083064,-36.941,147.7779,24
2009-05,ASN00083067,-36.7313,146.9614,434
2009-05,ASN00083077,-37.0322,146.3508,264
2009-05,ASN00083032,-36.8473,146.3225,498
2009-05,ASN00084140,-37.7962,147.7559,204
2009-05,ASN00084142,-37.22,148.2625,118
2009-05,ASN00084143,-37.3417,149.0228,240
2009-05,ASN00085160,-38.4191,146.9656,218
2009-05,ASN00085163,-38.7915,146.1799,386
2009-05,ASN00085166,-37.9582,147.0843,108
2009-05,ASN00085167,-38.0229,147.3511,187
2009-05,ASN00085168,-37.8345,147.0819,84
2009-05,ASN00085179,-38.1033,145.9718,346
2009-05,ASN00085195,-38.0654,146.1689,222
2009-05,ASN00085200,-38.4323,145.7919,398
2009-05,ASN00085227,-38.5215,146.2041,366
2009-05,ASN00085137,-38.7205,145.9011,488
2009-05,ASN00085238,-37.9532,146.3898,192
2009-05,ASN00085276,-37.8039,146.8842,84
2009-05,ASN00085277,-37.9039,145.9719,262
2009-05,ASN00085279,-37.8817,147.5669,150
2009-05,ASN00085280,-38.2094,146.4747,200
2009-05,ASN00085281,-38.3245,146.5301,516
2009-05,ASN00085288,-37.4667,146.6883,130
2009-05,ASN00085289,-37.8514,146.555,252
2009-05,ASN00085291,-37.8383,146.2747,610
2009-05,ASN00085292,-37.8897,145.9958,218
2009-05,ASN00085270,-37.7647,147.3744,230
2009-05,ASN00085096,-39.1297,146.4244,598
2009-05,ASN00085085,-38.2181,146.1658,444
2009-05,ASN00085073,-38.3183,147.1752,208
2009-05,ASN00084144,-37.6924,148.0908,316
2009-05,ASN00084145,-37.6922,148.4667,352
2009-05,ASN00084147,-37.8164,147.5714,132
2009-05,ASN00084148,-37.8385,147.8312,146
2009-05,ASN00085007,-38.4307,146.5398,920
2009-05,ASN00085009,-38.1951,146.5293,232
2009-05,ASN00085021,-37.7,146.5167,342
2009-05,ASN00085023,-38.1383,145.86,325
2009-05,ASN00085028,-38.72,146.0633,592
2009-05,ASN00085029,-38.652,146.1997,335
2009-05,ASN00085030,-38.4455,146.2699,520
2009-05,ASN00085033,-38.4228,147.0864,176
2009-05,ASN00085034,-37.9085,146.8046,91
2009-05,ASN00085040,-38.6911,146.1486,614
2009-05,ASN00085042,-38.022,145.8884,358
2009-05,ASN00085045,-38.435,145.8178,454
2009-05,ASN00085049,-38.4842,145.9329,256
2009-05,ASN00085053,-38.506,146.5187,454
2009-05,ASN00085058,-37.5277,146.5458,74
2009-05,ASN00085063,-38.6079,146.3185,440
2009-05,ASN00085072,-38.1156,147.1322,238
2009-05,ASN00082162,-36.5775,146.8203,424
2009-05,ASN00082158,-36.7478,146.5362,362
2009-05,ASN00082156,-36.7903,146.28,642
2009-05,ASN00082155,-36.8211,146.1278,440
2009-05,ASN00080128,-36.2847,143.3341,184
2009-05,ASN00081000,-37.0887,143.4747,192
2009-05,ASN00081007,-36.4565,145.6569,106
2009-05,ASN00081008,-36.5421,144.7751,98
2009-05,ASN00081016,-36.4963,144.6096,130
2009-05,ASN00081019,-36.718,145.1731,112
2009-05,ASN00081020,-36.5753,143.8695,146
2009-05,ASN00081033,-36.6436,145.4197,100
2009-05,ASN00081034,-36.3989,145.3448,130
2009-05,ASN00080126,-35.7175,143.9111,123
2009-05,ASN00081035,-36.6146,145.2143,132
2009-05,ASN00081046,-36.4436,144.9828,132
2009-05,ASN00081049,-36.4378,145.2672,122
2009-05,ASN00081063,-37.0833,143.4833,202
2009-05,ASN00081083,-36.8465,144.5273,158
2009-05,ASN00081085,-36.8589,143.7297,220
2009-05,ASN00081087,-36.2567,146.0433,174
2009-05,ASN00081090,-36.7446,143.6788,220
2009-05,ASN00081100,-36.7682,143.9866,184
2009-05,ASN00081115,-36.6284,144.8726,128
2009-05,ASN00081041,-36.534,144.208,200
2009-05,ASN00080125,-35.8876,145.3879,98
2009-05,ASN00080109,-35.9119,145.6447,242
2009-05,ASN00080101,-36.0918,145.4531,102
2009-05,ASN00079097,-37.1169,141.8031,496
2009-05,ASN00079099,-37.0222,141.2657,268
2009-05,ASN00079100,-36.6697,142.1731,598
2009-05,ASN00079103,-37.295,142.6039,1254
2009-05,ASN00079105,-37.068,142.7412,612
2009-05,ASN00079107,-36.8132,141.2599,366
2009-05,ASN00080002,-36.116,143.7229,128
2009-05,ASN00080004,-35.9741,143.8525,73
2009-05,ASN00080014,-36.1348,143.9186,104
2009-05,ASN00080015,-36.1647,144.7642,132
2009-05,ASN00080017,-36.0407,143.9403,118
2009-05,ASN00080020,-35.9661,144.3712,86
2009-05,ASN00080023,-35.7236,143.9197,116
2009-05,ASN00080024,-35.8674,143.8007,82
2009-05,ASN00080027,-36.3203,143.735,188
2009-05,ASN00080036,-35.9681,144.1073,146
2009-05,ASN00080044,-35.9977,144.4244,54
2009-05,ASN00080049,-36.3613,144.7108,114
2009-05,ASN00080056,-36.2497,144.9531,110
2009-05,ASN00080067,-36.2717,143.3453,188
2009-05,ASN00080091,-36.335,145.0638,184
2009-05,ASN00081118,-36.8093,144.6203,166
2009-05,ASN00079078,-37.0607,141.9882,618
2009-05,ASN00081120,-36.5886,145.0198,116
2009-05,ASN00081124,-36.0294,146.0306,114
2009-05,ASN00082105,-36.8314,146.3982,344
2009-05,ASN00082109,-36.6133,146.1131,290
2009-05,ASN00082112,-36.6533,146.8567,548
2009-05,ASN00082116,-36.6083,146.3583,300
2009-05,ASN00082128,-36.5131,146.4483,174
2009-05,ASN00082134,-36.6936,145.8785,270
2009-05,ASN00082138,-36.4206,146.3056,162
2009-05,ASN00082139,-36.2136,147.5394,672
2009-05,ASN00082140,-36.8542,145.9381,266
2009-05,ASN00082103,-36.0243,147.5475,130
2009-05,ASN00082142,-36.9461,146.2197,230
2009-05,ASN00082144,-36.8167,145.64,192
2009-05,ASN00082145,-36.8753,145.5783,208
2009-05,ASN00082146,-36.9322,145.5842,194
2009-05,ASN00082147,-36.9217,145.6769,226
2009-05,ASN00082148,-36.8278,145.8494,338
2009-05,ASN00082149,-36.7858,145.5683,154
2009-05,ASN00082151,-36.8628,145.7333,262
2009-05,ASN00082153,-36.8206,145.705,254
2009-05,ASN00082154,-36.8892,145.6814,404
2009-05,ASN00082143,-36.7861,145.6581,142
2009-05,ASN00082096,-36.9005,145.5228,216
2009-05,ASN00082090,-36.4793,147.0297,266
2009-05,ASN00082084,-36.7136,145.7603,280
2009-05,ASN00081125,-36.4289,145.3947,96
2009-05,ASN00082001,-36.3702,146.7132,304
2009-05,ASN00082009,-36.6085,146.5371,280
2009-05,ASN00082010,-36.1491,146.6106,47
2009-05,ASN00082015,-36.3084,146.5229,86
2009-05,ASN00082016,-36.7545,145.5727,140
2009-05,ASN00082018,-36.7691,147.6956,204
2009-05,ASN00082021,-36.0964,146.6008,60
2009-05,ASN00082029,-36.456,146.4299,130
2009-05,ASN00082033,-36.6975,146.2852,326
2009-05,ASN00082039,-36.1047,146.5094,26
2009-05,ASN00082041,-36.1859,146.4694,65
2009-05,ASN00082042,-36.8472,145.7308,298
2009-05,ASN00082043,-36.7872,145.8225,394
2009-05,ASN00082049,-36.6425,145.7234,163
2009-05,ASN00082052,-35.9645,147.7374,194
2009-05,ASN00082057,-36.3025,146.7299,138
2009-05,ASN00082058,-36.3111,146.8381,290
2009-05,ASN00082068,-36.5293,147.3749,320
2009-05,ASN00082076,-36.5353,147.4984,230
2009-05,ASN00082083,-36.804,145.418,140
2009-05,ASN00081123,-36.7395,144.3266,200
2009-05,ASN00041024,-27.2067,151.8467,1022
2009-05,ASN00097061,-42.7428,145.9811,232
2009-05,ASN00041018,-27.9317,151.9058,776
2009-05,ASN00014847,-16.1176,130.9558,0
2009-05,ASN00014853,-15.97,129.0407,0
2009-05,ASN00014856,-18.3902,129.4299,26
2009-05,ASN00014857,-19.2798,129.9422,220
2009-05,ASN00014864,-16.3541,131.5147,0
2009-05,ASN00014866,-17.6129,130.0713,68
2009-05,ASN00014901,-13.8345,131.1872,0
2009-05,ASN00014902,-14.4589,132.2572,20
2009-05,ASN00014909,-13.3275,133.0861,0
2009-05,ASN00014840,-17.3871,131.1166,6
2009-05,ASN00014932,-14.5229,132.3826,0
2009-05,ASN00014948,-14.2495,129.5282,0
2009-05,ASN00014949,-15.7442,131.9182,0
2009-05,ASN00014954,-14.9408,130.8092,0
2009-05,ASN00014955,-14.3202,132.4226,0
2009-05,ASN00014956,-13.9487,131.3191,0
2009-05,ASN00014967,-14.3055,132.0772,0
2009-05,ASN00015085,-18.637,135.945,0
2009-05,ASN00015088,-19.0579,136.7066,0
2009-05,ASN00015123,-18.8689,134.4991,0
2009-05,ASN00014947,-14.0106,132.2084,0
2009-05,ASN00015131,-17.5521,133.5407,0
2009-05,ASN00014829,-18.3325,130.6358,20
2009-05,ASN00014816,-15.7372,131.5345,0
2009-05,ASN00014285,-12.3551,130.8857,23
2009-05,ASN00014401,-11.6502,133.3796,42
2009-05,ASN00014404,-12.0931,134.8919,1368
2009-05,ASN00014405,-12.0569,134.2339,186
2009-05,ASN00014508,-12.2741,136.8203,3372
2009-05,ASN00014515,-12.5013,135.8001,1958
2009-05,ASN00014517,-11.9971,135.5726,996
2009-05,ASN00014518,-13.9747,136.4631,268
2009-05,ASN00014612,-15.5748,133.2138,0
2009-05,ASN00014825,-16.403,131.0145,0
2009-05,ASN00014626,-16.2636,133.3782,0
2009-05,ASN00014639,-15.9179,132.3831,0
2009-05,ASN00014646,-14.8528,134.036,0
2009-05,ASN00014647,-15.2712,132.9127,0
2009-05,ASN00014652,-14.5264,132.8006,0
2009-05,ASN00014703,-15.7426,136.8192,2
2009-05,ASN00014704,-16.4423,136.076,0
2009-05,ASN00014723,-16.0757,136.3041,0
2009-05,ASN00014729,-15.6293,136.3881,0
2009-05,ASN00014730,-14.1055,133.3422,0
2009-05,ASN00014627,-13.6714,134.3414,80
2009-05,ASN00015135,-19.6423,134.1833,20
2009-05,ASN00015139,-19.933,134.3548,48
2009-05,ASN00015501,-23.1273,133.836,590
2009-05,ASN00016001,-31.1558,136.8054,220
2009-05,ASN00016005,-32.3997,137.225,230
2009-05,ASN00016006,-29.9434,134.1506,260
2009-05,ASN00016021,-31.2609,135.2374,220
2009-05,ASN00016028,-30.0047,136.0445,220
2009-05,ASN00016030,-30.1809,135.6629,157
2009-05,ASN00016031,-30.2406,133.9885,248
2009-05,ASN00016032,-32.5226,136.4926,0
2009-05,ASN00016034,-32.1572,135.0722,216
2009-05,ASN00015673,-23.5312,134.3743,420
2009-05,ASN00016035,-30.4027,136.392,152
2009-05,ASN00016056,-32.1232,137.1505,270
2009-05,ASN00016065,-30.449,137.1692,112
2009-05,ASN00016067,-32.4398,136.0671,358
2009-05,ASN00016086,-31.7646,135.6494,261
2009-05,ASN00016090,-29.0347,134.7222,94
2009-05,ASN00016095,-26.2085,133.8545,160
2009-05,ASN00016096,-30.4829,136.8772,186
2009-05,ASN00016097,-26.2635,132.1771,432
2009-05,ASN00016098,-30.7051,134.5786,294
2009-05,ASN00016055,-32.3792,135.5247,196
2009-05,ASN00015667,-23.6338,132.7311,168
2009-05,ASN00015666,-20.1824,130.0148,228
2009-05,ASN00015664,-23.27,129.38,0
2009-05,ASN00015511,-25.3139,131.7571,92
2009-05,ASN00015521,-23.2837,134.4229,456
2009-05,ASN00015548,-20.1883,130.0161,211
2009-05,ASN00015585,-21.7498,135.2382,204
2009-05,ASN00015590,-23.7951,133.889,212
2009-05,ASN00015594,-23.4564,134.6849,424
2009-05,ASN00015602,-22.9494,136.1442,170
2009-05,ASN00015607,-22.1305,132.0812,228
2009-05,ASN00015611,-22.7228,131.1685,360
2009-05,ASN00015617,-24.1313,134.3737,280
2009-05,ASN00015618,-22.2747,137.9733,42
2009-05,ASN00015623,-23.6938,134.0354,270
2009-05,ASN00015626,-22.3961,134.2335,290
2009-05,ASN00015633,-24.0636,132.7444,217
2009-05,ASN00015635,-25.1896,130.9737,174
2009-05,ASN00015641,-20.5476,130.3466,302
2009-05,ASN00015643,-22.4518,133.6377,324
2009-05,ASN00015652,-24.2914,131.5488,225
2009-05,ASN00015653,-22.9689,134.2415,154
2009-05,ASN00015660,-25.3602,131.0196,245
2009-05,ASN00015661,-22.2109,134.1182,248
2009-05,ASN00014277,-12.635,130.3725,0
2009-05,ASN00017014,-31.0939,138.6786,70
2009-05,ASN00014275,-12.7164,131.8206,158
2009-05,ASN00014272,-13.0545,131.0252,160
2009-05,ASN00010912,-32.5878,117.6408,140
2009-05,ASN00010916,-33.6856,117.6064,196
2009-05,ASN00010917,-32.6722,116.6706,114
2009-05,ASN00011003,-31.6797,128.8792,8
2009-05,ASN00011008,-31.8433,127.8572,112
2009-05,ASN00011017,-32.4569,123.8653,33
2009-05,ASN00011019,-32.2464,126.3008,248
2009-05,ASN00011022,-31.7117,128.8867,4
2009-05,ASN00011052,-30.8453,128.1092,8
2009-05,ASN00010911,-33.1006,118.4647,54
2009-05,ASN00012009,-32.2147,121.7547,56
2009-05,ASN00012025,-27.9331,120.0575,25
2009-05,ASN00012038,-30.7847,121.4533,88
2009-05,ASN00012043,-29.3361,121.4944,74
2009-05,ASN00012044,-33.5547,120.6997,132
2009-05,ASN00012045,-28.6306,122.4072,50
2009-05,ASN00012064,-31.3356,118.98,256
2009-05,ASN00012071,-32.9869,121.6239,16
2009-05,ASN00012072,-27.9875,119.2961,28
2009-05,ASN00012077,-32.8606,121.7081,84
2009-05,ASN00012011,-30.9869,119.1142,245
2009-05,ASN00012079,-31.0381,119.3064,220
2009-05,ASN00010908,-32.0294,116.8742,152
2009-05,ASN00010904,-32.1717,118.6136,226
2009-05,ASN00010633,-33.5803,120.0458,82
2009-05,ASN00010635,-33.7853,116.9064,328
2009-05,ASN00010641,-33.375,116.9053,226
2009-05,ASN00010647,-33.3075,117.3403,252
2009-05,ASN00010692,-33.1131,118.84,76
2009-05,ASN00010702,-32.1003,118.8058,200
2009-05,ASN00010704,-33.3281,117.5628,182
2009-05,ASN00010705,-32.3344,118.8492,242
2009-05,ASN00010729,-34.3439,118.6306,86
2009-05,ASN00010905,-33.8878,119.1092,102
2009-05,ASN00010792,-34.1692,118.9444,166
2009-05,ASN00010802,-33.4661,118.6361,284
2009-05,ASN00010831,-33.4836,117.61,199
2009-05,ASN00010866,-33.9317,117.3258,210
2009-05,ASN00010869,-33.5942,120.1833,122
2009-05,ASN00010872,-33.1722,118.2475,260
2009-05,ASN00010878,-33.5381,119.6564,104
2009-05,ASN00010889,-32.885,118.6347,213
2009-05,ASN00010893,-34.3078,117.4347,322
2009-05,ASN00010897,-34.2206,118.5042,152
2009-05,ASN00010799,-32.6339,118.0103,96
2009-05,ASN00012083,-31.3011,118.6922,306
2009-05,ASN00012092,-28.5606,119.0161,200
2009-05,ASN00012107,-33.4225,121.9894,96
2009-05,ASN00014092,-13.2373,131.1042,20
2009-05,ASN00014112,-12.3786,130.8469,0
2009-05,ASN00014142,-11.4022,130.4217,262
2009-05,ASN00014143,-12.8003,131.0507,163
2009-05,ASN00014144,-12.3962,130.8785,0
2009-05,ASN00014149,-12.4558,131.0505,258
2009-05,ASN00014153,-11.1538,132.143,444
2009-05,ASN00014163,-12.4396,130.8376,12
2009-05,ASN00014183,-12.8324,130.9713,117
2009-05,ASN00014059,-14.0829,131.8099,0
2009-05,ASN00014198,-12.6594,132.8939,4
2009-05,ASN00014219,-12.5491,131.0794,342
2009-05,ASN00014222,-12.6374,131.0763,30
2009-05,ASN00014224,-13.8062,132.197,0
2009-05,ASN00014226,-12.5764,131.0829,264
2009-05,ASN00014246,-12.3784,130.9057,0
2009-05,ASN00014253,-13.1672,130.1225,8
2009-05,ASN00014264,-12.7121,130.9889,214
2009-05,ASN00014265,-12.4126,130.9202,36
2009-05,ASN00014266,-12.4121,130.9669,230
2009-05,ASN00014204,-13.7578,131.574,0
2009-05,ASN00014055,-13.481,131.1173,10
2009-05,ASN00014041,-12.605,131.2988,2
2009-05,ASN00014040,-12.4227,130.8844,5
2009-05,ASN00012117,-31.2186,121.6181,93
2009-05,ASN00012141,-30.0242,119.28,294
2009-05,ASN00012152,-31.2617,120.0219,264
2009-05,ASN00012223,-33.2242,121.3544,66
2009-05,ASN00012239,-28.4967,119.7436,104
2009-05,ASN00012297,-33.4853,122.5867,104
2009-05,ASN00012305,-28.6133,122.4236,42
2009-05,ASN00012306,-33.5239,122.9469,162
2009-05,ASN00012308,-33.3356,122.0697,90
2009-05,ASN00012314,-27.8386,120.7031,26
2009-05,ASN00012320,-31.2353,119.3564,160
2009-05,ASN00013005,-26.2225,121.5561,0
2009-05,ASN00013006,-26.4006,120.9539,0
2009-05,ASN00013011,-26.1317,126.5839,42
2009-05,ASN00013015,-25.7964,122.9753,0
2009-05,ASN00013017,-25.0341,128.301,226
2009-05,ASN00013018,-26.1208,121.9403,0
2009-05,ASN00013024,-26.5172,122.8078,0
2009-05,ASN00013030,-21.7125,122.2281,228
2009-05,ASN00013032,-25.6361,121.3533,0
2009-05,ASN00014015,-12.4239,130.8925,4
2009-05,ASN00014274,-11.0468,132.9791,856
2009-05,ASN00017024,-30.066,138.2739,34
2009-05,ASN00017028,-27.724,140.7633,102
2009-05,ASN00017032,-30.9904,138.5787,82
2009-05,ASN00021002,-34.1424,138.4225,54
2009-05,ASN00021003,-33.845,138.4901,9
2009-05,ASN00021004,-33.5643,138.7595,62
2009-05,ASN00021007,-33.6947,138.4057,170
2009-05,ASN00021010,-33.7459,138.5628,272
2009-05,ASN00021012,-33.8682,138.01,270
2009-05,ASN00021013,-33.1851,138.4968,204
2009-05,ASN00021015,-33.7045,138.2927,130
2009-05,ASN00021016,-33.353,138.2057,22
2009-05,ASN00021001,-34.026,138.6846,232
2009-05,ASN00021019,-33.8315,138.7917,120
2009-05,ASN00021021,-33.2705,138.357,32
2009-05,ASN00021022,-33.4669,138.4424,204
2009-05,ASN00021024,-33.4595,138.7475,172
2009-05,ASN00021025,-33.8347,138.6532,248
2009-05,ASN00021027,-33.2036,138.6059,14
2009-05,ASN00021029,-33.5867,138.3343,222
2009-05,ASN00021031,-33.1851,138.3001,120
2009-05,ASN00021033,-33.9136,138.7195,120
2009-05,ASN00021034,-33.5592,138.903,182
2009-05,ASN00021020,-33.359,138.393,252
2009-05,ASN00021042,-33.6029,137.9348,305
2009-05,ASN00020062,-32.5707,139.5645,92
2009-05,ASN00020055,-31.7484,140.3426,0
2009-05,ASN00019078,-32.5172,137.8425,162
2009-05,ASN00019106,-32.627,139.1923,122
2009-05,ASN00019111,-31.4763,139.1134,46
2009-05,ASN00019112,-33.023,138.0698,154
2009-05,ASN00019113,-31.448,138.4531,136
2009-05,ASN00019114,-32.4295,138.8922,70
2009-05,ASN00019115,-33.0188,138.6153,172
2009-05,ASN00020000,-32.0498,140.162,50
2009-05,ASN00020001,-31.9695,140.5436,36
2009-05,ASN00020059,-31.6619,140.6289,0
2009-05,ASN00020002,-32.076,140.9969,110
2009-05,ASN00020013,-32.4292,139.9887,52
2009-05,ASN00020017,-32.4467,140.9233,62
2009-05,ASN00020020,-32.6416,139.6496,142
2009-05,ASN00020022,-33.2458,140.0345,78
2009-05,ASN00020025,-33.5009,139.5154,56
2009-05,ASN00020028,-33.7622,140.1251,47
2009-05,ASN00020043,-33.1873,139.6209,72
2009-05,ASN00020049,-31.6382,140.513,32
2009-05,ASN00020053,-32.1698,140.7959,86
2009-05,ASN00020004,-31.6516,139.5491,26
2009-05,ASN00021044,-34.1848,138.1478,222
2009-05,ASN00021045,-33.5407,138.2244,226
2009-05,ASN00021055,-33.2296,138.8844,88
2009-05,ASN00022017,-34.9122,137.7977,42
2009-05,ASN00022018,-34.9906,137.3995,384
2009-05,ASN00022020,-33.9323,137.6282,302
2009-05,ASN00022022,-34.1447,138.0146,240
2009-05,ASN00022023,-35.0203,137.6064,432
2009-05,ASN00022031,-34.748,137.5276,356
2009-05,ASN00022033,-34.4724,137.885,446
2009-05,ASN00022036,-34.7477,137.6309,444
2009-05,ASN00022044,-34.239,137.9883,250
2009-05,ASN00022015,-34.2971,138.0014,96
2009-05,ASN00022046,-35.1121,137.7395,318
2009-05,ASN00022050,-33.9703,137.6628,310
2009-05,ASN00022054,-34.5552,137.8581,356
2009-05,ASN00022055,-34.6492,137.7272,514
2009-05,ASN00022056,-34.402,137.7185,526
2009-05,ASN00022803,-35.8426,138.1327,348
2009-05,ASN00022811,-35.5989,137.4386,174
2009-05,ASN00022815,-35.7255,137.2591,511
2009-05,ASN00022823,-35.7549,136.5959,279
2009-05,ASN00022831,-35.7501,137.7217,276
2009-05,ASN00022049,-35.2795,136.9392,368
2009-05,ASN00022014,-34.7785,137.8579,290
2009-05,ASN00022013,-34.4951,137.4836,362
2009-05,ASN00022012,-34.0402,137.9004,352
2009-05,ASN00021057,-33.5707,138.4503,160
2009-05,ASN00021060,-33.2025,138.6024,12
2009-05,ASN00021062,-33.3041,138.7553,204
2009-05,ASN00021063,-34.1564,138.1827,168
2009-05,ASN00021072,-33.3265,138.3172,180
2009-05,ASN00021075,-33.7464,138.6058,218
2009-05,ASN00021076,-33.9309,138.814,138
2009-05,ASN00021077,-33.6781,138.9371,88
2009-05,ASN00021102,-33.35,138.102,128
2009-05,ASN00021104,-33.9943,138.4539,202
2009-05,ASN00021106,-33.953,138.3903,214
2009-05,ASN00021110,-33.7876,137.7068,316
2009-05,ASN00021120,-33.2549,138.7867,160
2009-05,ASN00021127,-33.8828,138.6389,272
2009-05,ASN00021130,-34.1002,138.631,192
2009-05,ASN00021131,-33.8226,138.5933,264
2009-05,ASN00021133,-33.7676,138.2182,168
2009-05,ASN00022003,-34.6981,137.7116,430
2009-05,ASN00022008,-34.3745,137.6733,492
2009-05,ASN00022009,-34.7708,137.5952,56
2009-05,ASN00022011,-34.0672,137.5925,30
2009-05,ASN00019070,-31.5286,138.6093,85
2009-05,ASN00019062,-33.0287,138.7489,132
2009-05,ASN00019061,-32.0545,138.6427,128
2009-05,ASN00019057,-32.552,138.8688,100
2009-05,ASN00018046,-33.5679,135.7571,192
2009-05,ASN00018047,-32.0723,133.9401,108
2009-05,ASN00018054,-33.0314,134.7015,192
2009-05,ASN00018060,-31.7782,132.2038,270
2009-05,ASN00018063,-31.932,133.0056,50
2009-05,ASN00018069,-33.6501,134.888,173
2009-05,ASN00018077,-32.3752,133.9353,90
2009-05,ASN00018079,-32.7963,134.2116,86
2009-05,ASN00018083,-33.043,135.4519,210
2009-05,ASN00018044,-33.1332,135.5552,222
2009-05,ASN00018086,-34.3756,136.1026,36
2009-05,ASN00018094,-32.4035,134.5323,260
2009-05,ASN00018096,-33.6824,136.6831,192
2009-05,ASN00018098,-32.9475,135.2754,270
2009-05,ASN00018106,-31.4492,130.8976,62
2009-05,ASN00018107,-34.5911,135.7572,418
2009-05,ASN00018110,-30.6143,130.4136,40
2009-05,ASN00018113,-33.965,136.2472,174
2009-05,ASN00018114,-30.1591,131.579,10
2009-05,ASN00018115,-35.3365,136.1174,232
2009-05,ASN00018091,-34.2617,136.2092,226
2009-05,ASN00018043,-34.4139,135.8224,165
2009-05,ASN00018040,-33.1414,136.4125,232
2009-05,ASN00018034,-32.7324,137.1505,2
2009-05,ASN00017037,-29.239,137.9058,64
2009-05,ASN00017041,-30.9372,138.8919,44
2009-05,ASN00017043,-27.5553,135.4456,178
2009-05,ASN00017054,-31.1278,138.9618,0
2009-05,ASN00017089,-27.7205,138.2548,90
2009-05,ASN00017098,-31.1881,138.2785,150
2009-05,ASN00017099,-30.311,139.3357,103
2009-05,ASN00017110,-30.5963,138.4219,42
2009-05,ASN00017115,-29.1266,140.9018,44
2009-05,ASN00017119,-30.8406,138.3224,90
2009-05,ASN00017123,-28.0997,140.1956,44
2009-05,ASN00017126,-29.6587,138.0684,56
2009-05,ASN00017130,-29.7138,137.9017,42
2009-05,ASN00017131,-29.9062,139.7345,66
2009-05,ASN00018001,-33.9118,136.5697,40
2009-05,ASN00018012,-32.1297,133.6976,140
2009-05,ASN00018014,-33.7011,136.4937,174
2009-05,ASN00018019,-34.3853,135.4697,148
2009-05,ASN00018022,-33.6772,136.9116,182
2009-05,ASN00018023,-34.2644,135.7266,88
2009-05,ASN00018024,-33.4678,136.2113,114
2009-05,ASN00018116,-33.7081,136.5026,126
2009-05,ASN00010628,-32.0094,117.4014,18
2009-05,ASN00018120,-33.0539,137.5205,167
2009-05,ASN00018164,-33.6993,135.9238,154
2009-05,ASN00019005,-32.8247,138.6907,136
2009-05,ASN00019006,-32.881,138.3519,214
2009-05,ASN00019008,-32.4618,138.2004,190
2009-05,ASN00019009,-32.4244,138.5304,100
2009-05,ASN00019010,-32.0695,138.4948,134
2009-05,ASN00019013,-32.5373,138.5626,146
2009-05,ASN00019017,-31.8846,138.435,122
2009-05,ASN00019024,-32.8294,138.1907,228
2009-05,ASN00019031,-32.8776,139.0578,138
2009-05,ASN00019002,-32.2507,137.9776,310
2009-05,ASN00019032,-32.7335,138.6135,134
2009-05,ASN00019037,-33.0216,138.0002,185
2009-05,ASN00019038,-32.3538,138.0371,196
2009-05,ASN00019042,-32.8454,138.2116,166
2009-05,ASN00019043,-32.9495,138.5174,200
2009-05,ASN00019046,-31.775,138.6529,148
2009-05,ASN00019047,-32.6923,138.3247,210
2009-05,ASN00019048,-32.6521,138.1003,206
2009-05,ASN00019052,-33.0338,138.2686,176
2009-05,ASN00019053,-33.0856,138.2211,60
2009-05,ASN00019034,-32.9737,138.8375,8
2009-05,ASN00019001,-33.0524,138.4277,160
2009-05,ASN00018214,-32.9232,136.4778,90
2009-05,ASN00018213,-33.7412,135.0804,146
2009-05,ASN00018165,-33.5733,135.602,232
2009-05,ASN00018166,-32.2811,134.4714,216
2009-05,ASN00018171,-34.1361,135.3319,136
2009-05,ASN00018172,-32.921,135.9996,204
2009-05,ASN00018174,-33.7234,136.1511,126
2009-05,ASN00018176,-33.3416,136.7518,378
2009-05,ASN00018182,-31.9661,133.3316,52
2009-05,ASN00018184,-33.6125,136.3722,199
2009-05,ASN00018186,-32.5534,136.7123,200
2009-05,ASN00018188,-34.6252,135.4725,262
2009-05,ASN00018189,-33.7516,135.1863,144
2009-05,ASN00018190,-32.9004,136.1858,232
2009-05,ASN00018192,-34.5993,135.8784,214
2009-05,ASN00018193,-33.0267,136.3171,246
2009-05,ASN00018195,-32.8427,135.1515,332
2009-05,ASN00018198,-33.4138,136.5989,248
2009-05,ASN00018201,-32.5091,137.7144,186
2009-05,ASN00018203,-34.344,136.0471,257
2009-05,ASN00018204,-33.5879,134.8859,130
2009-05,ASN00018205,-34.7405,135.845,268
2009-05,ASN00018209,-33.8189,135.4857,178
2009-05,ASN00018144,-34.5424,135.6997,278
2009-05,ASN00010626,-32.5336,117.0831,274
2009-05,ASN00010622,-33.9644,118.4889,90
2009-05,ASN00010614,-32.9342,117.1797,392
2009-05,ASN00008072,-29.7586,116.4444,372
2009-05,ASN00008077,-29.6006,115.9392,499
2009-05,ASN00008095,-28.5367,115.5142,308
2009-05,ASN00008100,-28.3456,114.6367,822
2009-05,ASN00008107,-29.4417,116.2875,220
2009-05,ASN00008113,-27.8325,114.7364,10
2009-05,ASN00008121,-29.5339,115.7628,458
2009-05,ASN00008137,-30.8917,116.7186,190
2009-05,ASN00008143,-29.2872,115.6331,424
2009-05,ASN00008066,-30.7008,117.0608,352
2009-05,ASN00008146,-30.0706,116.2092,265
2009-05,ASN00008200,-28.6936,115.0408,518
2009-05,ASN00008202,-30.6219,116.3794,190
2009-05,ASN00008237,-28.6857,115.2806,438
2009-05,ASN00008240,-28.8939,115.4539,404
2009-05,ASN00008251,-27.7119,114.165,365
2009-05,ASN00008254,-30.7092,116.7744,152
2009-05,ASN00008271,-28.8114,115.9675,406
2009-05,ASN00008283,-30.1453,116.3844,300
2009-05,ASN00008285,-28.3181,114.7614,708
2009-05,ASN00008157,-28.8978,115.8628,462
2009-05,ASN00008286,-28.275,114.6761,490
2009-05,ASN00008064,-30.6719,116.3078,288
2009-05,ASN00008057,-29.5486,115.0689,410
2009-05,ASN00007176,-23.4169,119.7989,0
2009-05,ASN00007177,-23.6042,117.6892,28
2009-05,ASN00007179,-24.4114,118.9408,0
2009-05,ASN00007180,-25.0386,120.0064,0
2009-05,ASN00007185,-23.1725,117.7494,44
2009-05,ASN00007197,-28.2817,118.3111,20
2009-05,ASN00007600,-28.1156,117.8425,60
2009-05,ASN00008002,-30.5967,116.7714,170
2009-05,ASN00008005,-30.7294,116.02,294
2009-05,ASN00008060,-29.0364,115.5536,458
2009-05,ASN00008008,-30.5831,116.135,248
2009-05,ASN00008014,-30.2192,116.7783,378
2009-05,ASN00008016,-30.445,117.0406,344
2009-05,ASN00008022,-30.2911,116.3306,162
2009-05,ASN00008025,-29.6889,115.8869,301
2009-05,ASN00008028,-28.5008,114.7897,476
2009-05,ASN00008037,-29.8819,116.0233,373
2009-05,ASN00008050,-28.7769,114.605,368
2009-05,ASN00008051,-28.7953,114.6975,404
2009-05,ASN00008052,-28.17,114.7614,332
2009-05,ASN00008013,-29.3303,116.1433,284
2009-05,ASN00008290,-28.3008,113.5936,260
2009-05,ASN00008294,-28.2094,115.285,218
2009-05,ASN00008296,-29.2039,116.0247,290
2009-05,ASN00009106,-32.0486,115.9839,400
2009-05,ASN00009111,-32.44,116.0744,632
2009-05,ASN00009112,-31.3928,116.0875,422
2009-05,ASN00009113,-32.1108,116.0953,592
2009-05,ASN00009131,-30.3081,115.0311,359
2009-05,ASN00009151,-31.9556,115.7928,376
2009-05,ASN00009168,-32.1189,116.1206,708
2009-05,ASN00009172,-32.1011,115.8794,514
2009-05,ASN00009178,-31.4628,115.8642,408
2009-05,ASN00009105,-31.7317,115.7931,235
2009-05,ASN00009193,-32.0069,115.5022,342
2009-05,ASN00009207,-32.0208,116.1167,674
2009-05,ASN00009215,-31.9558,115.7619,414
2009-05,ASN00009225,-31.9192,115.8728,460
2009-05,ASN00009240,-32.0056,116.1364,714
2009-05,ASN00009242,-32.3956,115.9744,538
2009-05,ASN00009243,-31.335,115.5722,288
2009-05,ASN00009248,-31.332,115.9513,380
2009-05,ASN00009252,-31.7683,116.2475,550
2009-05,ASN00009256,-32.2433,115.6839,382
2009-05,ASN00009199,-29.9486,114.9781,356
2009-05,ASN00009066,-31.7908,116.1975,530
2009-05,ASN00009053,-31.6669,116.0189,14
2009-05,ASN00009040,-31.1428,116.0539,368
2009-05,ASN00008297,-30.2761,116.6714,316
2009-05,ASN00008298,-28.7597,114.937,642
2009-05,ASN00008299,-29.1103,115.3173,434
2009-05,ASN00008300,-29.0692,115.0915,550
2009-05,ASN00008304,-28.9571,114.9492,554
2009-05,ASN00008305,-29.2778,114.9464,298
2009-05,ASN00008307,-28.89,115.4397,458
2009-05,ASN00008308,-28.8,115.76,416
2009-05,ASN00008309,-29.3,115.6597,374
2009-05,ASN00008310,-29.0291,115.5548,510
2009-05,ASN00009007,-31.8622,116.2658,490
2009-05,ASN00009009,-31.605,116.1114,424
2009-05,ASN00009014,-30.6969,115.5817,578
2009-05,ASN00009015,-32.0892,116.125,728
2009-05,ASN00009018,-31.3461,115.9031,125
2009-05,ASN00009021,-31.9275,115.9764,496
2009-05,ASN00009024,-31.5608,116.0842,426
2009-05,ASN00009030,-31.8972,116.1575,846
2009-05,ASN00009033,-30.9719,116.2089,343
2009-05,ASN00009037,-30.3381,115.5394,422
2009-05,ASN00009039,-32.3536,116.005,472
2009-05,ASN00007139,-29.2708,117.6836,276
2009-05,ASN00007103,-25.48,119.6492,0
2009-05,ASN00007101,-26.2822,118.6933,36
2009-05,ASN00007090,-28.8439,117.8317,138
2009-05,ASN00003001,-17.2767,122.5711,10
2009-05,ASN00003003,-17.9475,122.2353,56
2009-05,ASN00003009,-18.355,125.3033,22
2009-05,ASN00003014,-18.2914,125.5869,0
2009-05,ASN00003019,-17.3306,124.8167,0
2009-05,ASN00003027,-18.1386,125.7764,0
2009-05,ASN00003028,-19.2536,121.4861,151
2009-05,ASN00003030,-18.6844,121.7803,292
2009-05,ASN00003032,-17.3706,123.6611,2
2009-05,ASN00002069,-16.4433,127.7836,114
2009-05,ASN00003040,-17.9903,124.1922,4
2009-05,ASN00003051,-16.7372,125.9086,0
2009-05,ASN00003057,-16.4514,123.0086,46
2009-05,ASN00003059,-19.0861,121.6764,190
2009-05,ASN00003066,-18.5175,121.8072,0
2009-05,ASN00003068,-18.5075,123.4561,0
2009-05,ASN00003073,-16.6872,123.8375,2
2009-05,ASN00003080,-17.5736,123.8217,20
2009-05,ASN00003084,-17.3436,123.6781,0
2009-05,ASN00003093,-18.1814,125.5619,0
2009-05,ASN00003048,-18.9158,125.5264,98
2009-05,ASN00002067,-15.9816,128.9991,0
2009-05,ASN00002064,-16.6381,128.4517,0
2009-05,ASN00002056,-15.7814,128.71,34
2009-05,ASN00041022,-28.5,151.9722,1576
2009-05,ASN00001006,-15.51,128.1503,190
2009-05,ASN00001007,-13.7542,126.1485,0
2009-05,ASN00001018,-16.4181,126.1025,0
2009-05,ASN00001019,-14.2964,126.6453,0
2009-05,ASN00001020,-14.09,126.3867,0
2009-05,ASN00001023,-16.0086,127.9806,110
2009-05,ASN00001025,-15.3797,126.3114,0
2009-05,ASN00001031,-13.96,127.1964,0
2009-05,ASN00001035,-15.5969,128.2781,178
2009-05,ASN00002009,-16.4203,126.4411,0
2009-05,ASN00002012,-18.2292,127.6636,0
2009-05,ASN00002021,-18.3869,126.9892,0
2009-05,ASN00002022,-18.016,126.3033,0
2009-05,ASN00002023,-18.0308,128.8942,0
2009-05,ASN00002026,-18.5958,127.6419,0
2009-05,ASN00002029,-19.1625,128.1633,0
2009-05,ASN00002032,-17.0156,128.2175,255
2009-05,ASN00002043,-18.3368,126.1243,12
2009-05,ASN00002044,-16.1119,128.7414,0
2009-05,ASN00002049,-18.1947,127.8147,0
2009-05,ASN00003098,-17.0549,125.7108,2
2009-05,ASN00009257,-32.1569,115.9275,556
2009-05,ASN00003100,-17.9503,124.2653,16
2009-05,ASN00004016,-20.7867,118.5972,98
2009-05,ASN00006022,-25.0544,115.21,26
2009-05,ASN00006034,-25.3656,114.3594,30
2009-05,ASN00006044,-25.9261,113.5319,33
2009-05,ASN00006058,-27.4278,115.5147,62
2009-05,ASN00006072,-23.0314,115.0414,22
2009-05,ASN00006097,-26.1203,113.3975,0
2009-05,ASN00006099,-26.8936,115.9561,36
2009-05,ASN00006105,-25.8925,113.5772,44
2009-05,ASN00007007,-26.9844,116.5361,76
2009-05,ASN00006011,-24.8878,113.67,32
2009-05,ASN00007014,-27.2528,117.6525,210
2009-05,ASN00007019,-24.0019,119.5725,0
2009-05,ASN00007023,-25.6864,119.2258,42
2009-05,ASN00007030,-26.1142,117.5047,60
2009-05,ASN00007045,-26.6136,118.5372,2
2009-05,ASN00007059,-24.2297,118.2408,0
2009-05,ASN00007064,-27.3636,116.4261,50
2009-05,ASN00007068,-29.425,117.2906,266
2009-05,ASN00007078,-26.5597,118.5397,10
2009-05,ASN00007081,-28.8928,117.1333,188
2009-05,ASN00007017,-27.4233,117.8994,76
2009-05,ASN00006008,-25.0481,114.0294,60
2009-05,ASN00005095,-22.9367,116.9731,0
2009-05,ASN00005094,-20.875,115.4056,8
2009-05,ASN00004019,-19.7419,120.8436,161
2009-05,ASN00004032,-20.3725,118.6317,82
2009-05,ASN00004038,-20.7483,118.8172,90
2009-05,ASN00004039,-20.9469,117.3733,2
2009-05,ASN00004041,-20.8503,120.695,398
2009-05,ASN00004068,-19.7789,120.6417,195
2009-05,ASN00004083,-20.7097,116.7742,0
2009-05,ASN00004090,-20.7594,117.1583,0
2009-05,ASN00004106,-21.1756,119.7497,88
2009-05,ASN00005001,-21.8047,117.8056,0
2009-05,ASN00005006,-22.9119,116.2903,14
2009-05,ASN00005007,-22.2406,114.0967,36
2009-05,ASN00005008,-21.1906,115.9797,4
2009-05,ASN00005012,-21.5906,117.0656,0
2009-05,ASN00005014,-21.7869,117.8647,0
2009-05,ASN00005017,-21.6689,115.1092,28
2009-05,ASN00005022,-21.975,116.0653,8
2009-05,ASN00005029,-21.6767,116.3928,0
2009-05,ASN00005061,-20.7278,116.7483,7
2009-05,ASN00005069,-21.6392,116.3308,2
2009-05,ASN00005084,-21.4606,115.0197,10
2009-05,ASN00004006,-22.1828,119.935,91
2009-05,ASN00022835,-35.734,137.1212,1030
2009-05,ASN00009258,-32.2156,115.8758,538
2009-05,ASN00009263,-31.8372,115.95,587
2009-05,ASN00010043,-31.7661,116.9167,164
2009-05,ASN00010053,-31.7233,118.4372,96
2009-05,ASN00010058,-31.2994,116.8269,228
2009-05,ASN00010060,-31.9886,118.5106,145
2009-05,ASN00010061,-31.1417,116.9558,176
2009-05,ASN00010064,-31.2747,116.5075,262
2009-05,ASN00010070,-30.3686,117.1133,442
2009-05,ASN00010073,-31.6183,117.7217,27
2009-05,ASN00010076,-31.0597,116.7319,204
2009-05,ASN00010042,-31.1936,117.0311,146
2009-05,ASN00010082,-31.1125,117.9186,245
2009-05,ASN00010091,-31.6322,117.0081,186
2009-05,ASN00010092,-31.4756,118.2789,98
2009-05,ASN00010095,-31.5936,118.2347,102
2009-05,ASN00010097,-30.6569,117.2625,210
2009-05,ASN00010111,-31.6508,116.6586,202
2009-05,ASN00010112,-31.1842,118.1006,206
2009-05,ASN00010118,-31.9917,118.0264,170
2009-05,ASN00010119,-31.795,118.3947,184
2009-05,ASN00010121,-31.6431,117.4872,170
2009-05,ASN00010084,-30.1056,117.3597,406
2009-05,ASN00010124,-31.5136,118.1753,76
2009-05,ASN00010041,-31.6192,117.4372,195
2009-05,ASN00010039,-31.0072,117.2042,74
2009-05,ASN00009987,-33.6414,115.7028,740
2009-05,ASN00009988,-33.6808,115.6242,760
2009-05,ASN00009989,-33.6458,115.9553,772
2009-05,ASN00009990,-33.4775,115.7393,566
2009-05,ASN00009991,-33.5711,115.8383,554
2009-05,ASN00009992,-33.5435,115.5509,626
2009-05,ASN00009994,-33.3608,116.1717,894
2009-05,ASN00009997,-33.7647,115.8431,914
2009-05,ASN00009998,-34.9469,116.7222,1044
2009-05,ASN00010040,-31.6089,117.8775,124
2009-05,ASN00010000,-31.1675,117.0736,0
2009-05,ASN00010009,-31.2744,116.5092,256
2009-05,ASN00010010,-30.9386,117.9642,274
2009-05,ASN00010011,-30.4731,118.3819,230
2009-05,ASN00010012,-31.5278,117.4361,120
2009-05,ASN00010016,-31.8775,118.15,142
2009-05,ASN00010019,-31.3958,118.4808,268
2009-05,ASN00010026,-30.0606,117.1417,280
2009-05,ASN00010031,-31.3742,117.5861,112
2009-05,ASN00010032,-30.9964,117.3953,172
2009-05,ASN00010007,-30.8081,117.8603,275
2009-05,ASN00010126,-31.1153,117.7942,190
2009-05,ASN00010134,-31.3119,116.515,264
2009-05,ASN00010135,-30.4869,118.1258,326
2009-05,ASN00010524,-32.3725,117.0072,188
2009-05,ASN00010527,-32.3756,117.5128,116
2009-05,ASN00010530,-33.9144,117.0994,208
2009-05,ASN00010531,-33.7069,117.2411,260
2009-05,ASN00010534,-32.4825,117.5647,102
2009-05,ASN00010536,-32.3292,117.8733,168
2009-05,ASN00010537,-34.2961,117.5533,0
2009-05,ASN00010541,-33.8594,118.8158,66
2009-05,ASN00010546,-33.3142,117.74,124
2009-05,ASN00010520,-33.6614,117.0539,152
2009-05,ASN00010556,-32.4797,116.8167,246
2009-05,ASN00010560,-32.5403,119.1122,226
2009-05,ASN00010565,-32.6744,119.4144,168
2009-05,ASN00010568,-32.4419,118.8983,148
2009-05,ASN00010571,-32.3789,116.8258,224
2009-05,ASN00010582,-33.83,117.159,292
2009-05,ASN00010584,-32.6719,118.1547,48
2009-05,ASN00010603,-32.4231,118.2003,170
2009-05,ASN00010611,-33.2761,119.7753,110
2009-05,ASN00010612,-32.0656,118.3956,219
2009-05,ASN00010558,-33.9372,118.0075,256
2009-05,ASN00010518,-32.4006,118.6058,136
2009-05,ASN00010515,-32.1083,116.9247,126
2009-05,ASN00010513,-32.3869,118.2622,192
2009-05,ASN00010136,-30.5892,118.1489,330
2009-05,ASN00010138,-31.814,116.341,215
2009-05,ASN00010143,-31.415,117.2664,210
2009-05,ASN00010145,-31.3756,117.5853,104
2009-05,ASN00010149,-31.3361,117.8164,74
2009-05,ASN00010150,-31.6358,116.7961,245
2009-05,ASN00010151,-31.5317,118.0986,52
2009-05,ASN00010155,-30.7686,117.1361,233
2009-05,ASN00010160,-31.4533,117.1194,316
2009-05,ASN00010163,-31.7711,117.1433,146
2009-05,ASN00010192,-30.5539,118.2828,378
2009-05,ASN00010286,-31.6219,117.2217,130
2009-05,ASN00010304,-31.485,116.5383,210
2009-05,ASN00010307,-31.7936,116.6278,200
2009-05,ASN00010308,-31.55,116.4867,318
2009-05,ASN00010310,-31.7647,116.3464,520
2009-05,ASN00010311,-31.8997,116.765,194
2009-05,ASN00010502,-34.2553,118.2214,120
2009-05,ASN00010503,-32.0311,118.0947,194
2009-05,ASN00010508,-33.6361,117.9278,130
2009-05,ASN00010511,-32.8022,117.5025,276
2009-05,ASN00009982,-33.3878,115.8538,824
2009-05,ASN00009978,-33.7563,115.2096,838
2009-05,ASN00009977,-32.5219,115.7119,486
2009-05,ASN00009976,-32.6453,115.8644,586
2009-05,ASN00009590,-34.6339,116.1236,1166
2009-05,ASN00009592,-34.4478,116.0433,1230
2009-05,ASN00009594,-34.435,119.3628,696
2009-05,ASN00009600,-33.9525,115.1969,1242
2009-05,ASN00009603,-33.6858,115.4008,674
2009-05,ASN00009611,-34.9761,116.7328,969
2009-05,ASN00009613,-34.1436,115.2261,1264
2009-05,ASN00009615,-34.715,118.4692,45
2009-05,ASN00009616,-34.0911,116.6628,780
2009-05,ASN00009589,-34.9919,116.8206,994
2009-05,ASN00009617,-33.9486,116.1311,1076
2009-05,ASN00009626,-33.7106,121.5619,318
2009-05,ASN00009628,-33.36,116.1467,846
2009-05,ASN00009633,-34.8644,118.1122,444
2009-05,ASN00009635,-34.3633,117.0836,488
2009-05,ASN00009636,-33.8358,115.0747,864
2009-05,ASN00009642,-33.1336,115.8808,864
2009-05,ASN00009645,-33.7981,121.1503,530
2009-05,ASN00009647,-34.9506,117.2769,1066
2009-05,ASN00009654,-34.3986,119.3778,734
2009-05,ASN00009619,-34.1519,116.2042,1106
2009-05,ASN00009587,-33.9967,116.4253,522
2009-05,ASN00009584,-33.7422,121.995,329
2009-05,ASN00009579,-33.7633,122.0675,342
2009-05,ASN00009264,-31.7078,115.7242,408
2009-05,ASN00009276,-30.5744,115.2231,368
2009-05,ASN00009500,-35.0289,117.8808,722
2009-05,ASN00009506,-34.4678,116.9169,568
2009-05,ASN00009507,-32.6836,116.5194,406
2009-05,ASN00009513,-33.2136,115.85,1403
2009-05,ASN00009515,-33.6611,115.3456,565
2009-05,ASN00009518,-34.3728,115.1358,620
2009-05,ASN00009519,-33.5372,115.0189,424
2009-05,ASN00009527,-33.3969,115.7833,514
2009-05,ASN00009531,-34.9617,117.3567,462
2009-05,ASN00009532,-34.9528,117.3733,1000
2009-05,ASN00009534,-33.5719,115.8247,824
2009-05,ASN00009538,-32.7103,116.0594,707
2009-05,ASN00009542,-33.6825,121.8275,328
2009-05,ASN00009547,-34.0717,115.0986,1054
2009-05,ASN00009556,-33.9781,116.3336,682
2009-05,ASN00009557,-33.9497,120.1258,90
2009-05,ASN00009573,-34.2508,116.145,954
2009-05,ASN00009574,-33.9592,115.0642,625
2009-05,ASN00009575,-32.8556,116.45,576
2009-05,ASN00009678,-34.8772,117.6725,554
2009-05,ASN00009260,-32.4697,116.2143,612
2009-05,ASN00009692,-34.2258,115.7622,900
2009-05,ASN00009739,-33.6789,122.3311,234
2009-05,ASN00009877,-33.6033,115.4983,542
2009-05,ASN00009894,-32.9183,115.9217,516
2009-05,ASN00009897,-33.8536,123.0069,51
2009-05,ASN00009899,-34.8883,118.0789,522
2009-05,ASN00009904,-34.5967,116.1072,1324
2009-05,ASN00009908,-34.2292,115.9294,956
2009-05,ASN00009912,-33.445,115.8508,630
2009-05,ASN00009914,-33.3197,116.6464,268
2009-05,ASN00009917,-33.7058,115.7878,1044
2009-05,ASN00009871,-34.8361,116.0308,1124
2009-05,ASN00009927,-33.6028,116.0128,500
2009-05,ASN00009936,-32.6239,116.0603,934
2009-05,ASN00009957,-35.0367,116.9247,1202
2009-05,ASN00009958,-34.6625,117.8394,413
2009-05,ASN00009961,-33.9306,120.1283,436
2009-05,ASN00009964,-34.5714,117.0106,758
2009-05,ASN00009965,-33.3567,115.6447,500
2009-05,ASN00009967,-34.7772,117.6508,555
2009-05,ASN00009968,-34.5683,116.3367,1164
2009-05,ASN00009971,-33.7844,115.4075,720
2009-05,ASN00009928,-34.8389,116.7211,1018
2009-05,ASN00009868,-33.7078,120.8653,350
2009-05,ASN00009865,-34.3997,118.8867,384
2009-05,ASN00009852,-34.8883,118.3958,424
2009-05,ASN00009741,-34.9414,117.8022,666
2009-05,ASN00009752,-34.7233,117.3494,884
2009-05,ASN00009754,-34.5961,118.5519,270
2009-05,ASN00009766,-35.0597,117.8658,706
2009-05,ASN00009769,-32.5698,116.4385,400
2009-05,ASN00009771,-33.7411,115.4697,728
2009-05,ASN00009772,-33.7608,121.2156,316
2009-05,ASN00009776,-33.7931,115.3189,644
2009-05,ASN00009784,-34.9319,117.1606,1102
2009-05,ASN00009789,-33.83,121.8925,458
2009-05,ASN00009801,-34.1597,115.1892,1130
2009-05,ASN00009803,-33.7831,115.3447,636
2009-05,ASN00009804,-33.8811,122.2167,390
2009-05,ASN00009805,-34.9769,116.7286,810
2009-05,ASN00009813,-33.7297,122.755,250
2009-05,ASN00009815,-33.8819,122.5661,424
2009-05,ASN00009822,-33.7753,121.555,414
2009-05,ASN00009842,-33.7964,115.6658,854
2009-05,ASN00009843,-34.4417,116.9944,598
2009-05,ASN00009848,-34.7719,118.1317,370
2009-05,ASN00009850,-34.5378,117.7197,342
2009-05,ASN00009738,-33.4531,116.3025,810
2009-05,ASN00022836,-35.8096,137.792,310
2009-05,ASN00001010,-14.7883,126.4964,2
2009-05,ASN00022841,-35.7114,137.5231,260
2009-05,ASN00039009,-24.8408,152.2414,1196
2009-05,ASN00039018,-24.0222,151.7642,434
2009-05,ASN00039035,-23.1375,149.9726,0
2009-05,ASN00039036,-25.3706,151.1222,424
2009-05,ASN00039040,-24.9933,151.9606,562
2009-05,ASN00039043,-23.5255,150.5078,0
2009-05,ASN00039054,-24.1967,150.3714,194
2009-05,ASN00039059,-24.1116,152.7161,1774
2009-05,ASN00039066,-25.6167,151.6156,292
2009-05,ASN00039000,-25.1333,151.1292,312
2009-05,ASN00039067,-23.5798,150.4044,106
2009-05,ASN00039070,-25.1694,151.6375,366
2009-05,ASN00039071,-24.5722,149.9694,174
2009-05,ASN00039073,-25.5908,151.2986,249
2009-05,ASN00039083,-23.3753,150.4775,102
2009-05,ASN00039085,-24.7298,153.2089,1666
2009-05,ASN00039089,-24.4935,150.5709,200
2009-05,ASN00039092,-24.6792,152.1881,1156
2009-05,ASN00039095,-24.6342,152.0228,650
2009-05,ASN00039097,-24.7158,152.0075,850
2009-05,ASN00039068,-23.8104,150.9783,184
2009-05,ASN00039102,-23.9078,150.1953,67
2009-05,ASN00038063,-25.1494,142.9833,335
2009-05,ASN00038060,-25.1806,142.6817,146
2009-05,ASN00037034,-21.8125,139.9267,60
2009-05,ASN00037036,-21.84,140.8925,68
2009-05,ASN00037039,-22.3617,143.0836,8
2009-05,ASN00037046,-22.2903,142.4731,54
2009-05,ASN00037106,-21.8831,139.9728,64
2009-05,ASN00037112,-23.9686,143.3031,0
2009-05,ASN00037120,-21.8958,143.0967,56
2009-05,ASN00038000,-24.3597,139.4714,42
2009-05,ASN00038003,-22.9117,139.9039,37
2009-05,ASN00038062,-24.6947,143.1275,42
2009-05,ASN00038004,-24.8522,143.6672,40
2009-05,ASN00038010,-22.9144,138.8036,80
2009-05,ASN00038012,-24.8303,143.9331,160
2009-05,ASN00038014,-23.365,139.6556,35
2009-05,ASN00038020,-25.79,139.5856,0
2009-05,ASN00038024,-25.4228,142.6564,294
2009-05,ASN00038026,-25.8975,139.3472,76
2009-05,ASN00038035,-25.5903,143.8917,156
2009-05,ASN00038049,-24.8519,142.6964,140
2009-05,ASN00038056,-25.6653,142.1086,250
2009-05,ASN00038009,-24.7856,139.5919,32
2009-05,ASN00039104,-24.8642,151.1247,461
2009-05,ASN00039106,-24.4081,150.7258,122
2009-05,ASN00039123,-23.8553,151.2628,106
2009-05,ASN00039326,-23.8697,151.2214,96
2009-05,ASN00039332,-24.41,149.8356,126
2009-05,ASN00039334,-24.0213,150.9603,158
2009-05,ASN00039338,-24.9822,152.0731,662
2009-05,ASN00039339,-25.1475,151.6286,306
2009-05,ASN00039340,-25.62,151.59,316
2009-05,ASN00039341,-25.5247,151.76,242
2009-05,ASN00039343,-25.5378,151.32,219
2009-05,ASN00039346,-25.695,151.3325,256
2009-05,ASN00039321,-25.4,151.1,410
2009-05,ASN00039349,-23.6211,150.1567,26
2009-05,ASN00040020,-26.8848,152.1006,1076
2009-05,ASN00040026,-25.5997,152.5925,874
2009-05,ASN00040028,-25.6006,152.2614,480
2009-05,ASN00040042,-28.0142,153.1664,2370
2009-05,ASN00040043,-27.0314,153.4661,2034
2009-05,ASN00040051,-26.7297,152.7169,1616
2009-05,ASN00040056,-27.3914,152.5014,2118
2009-05,ASN00040057,-26.1842,152.9136,1566
2009-05,ASN00040068,-25.9319,153.1906,1980
2009-05,ASN00040004,-27.6297,152.7111,2254
2009-05,ASN00039319,-25.1303,151.1297,290
2009-05,ASN00039314,-24.1542,151.8875,482
2009-05,ASN00039313,-25.1367,151.98,220
2009-05,ASN00039128,-24.8885,152.3235,837
2009-05,ASN00039129,-24.6156,151.105,202
2009-05,ASN00039135,-24.8036,152.4547,1344
2009-05,ASN00039142,-24.8139,149.9892,114
2009-05,ASN00039151,-24.8075,150.2197,270
2009-05,ASN00039158,-24.9472,150.0789,206
2009-05,ASN00039168,-25.1025,152.5603,670
2009-05,ASN00039175,-24.4167,151.2119,82
2009-05,ASN00039186,-24.9297,152.1983,46
2009-05,ASN00039201,-24.3278,149.8556,90
2009-05,ASN00039205,-24.8725,150.8236,430
2009-05,ASN00039220,-24.6544,151.6311,160
2009-05,ASN00039241,-23.7583,151.3097,46
2009-05,ASN00039242,-23.4009,150.6238,66
2009-05,ASN00039251,-24.7275,151.4308,318
2009-05,ASN00039252,-24.2122,151.4219,188
2009-05,ASN00039255,-24.1664,151.5128,220
2009-05,ASN00039256,-25.1475,151.6286,350
2009-05,ASN00039278,-24.8394,150.7444,630
2009-05,ASN00039290,-24.4131,150.5208,170
2009-05,ASN00039303,-25.2558,152.2819,560
2009-05,ASN00037030,-21.8886,143.6019,20
2009-05,ASN00040075,-27.2397,152.4219,1828
2009-05,ASN00037025,-21.55,143.8031,0
2009-05,ASN00037003,-20.4661,138.4683,0
2009-05,ASN00033310,-23.2,150.3978,76
2009-05,ASN00033312,-23.2233,150.605,62
2009-05,ASN00033313,-22.8264,150.3372,56
2009-05,ASN00034007,-20.7019,147.0175,146
2009-05,ASN00034010,-20.4328,146.0131,152
2009-05,ASN00034015,-22.0656,147.7219,0
2009-05,ASN00034027,-22.7744,148.81,80
2009-05,ASN00034044,-21.0767,146.5133,200
2009-05,ASN00034061,-22.9372,149.1386,98
2009-05,ASN00033308,-22.7433,150.6578,810
2009-05,ASN00034084,-20.0464,146.2708,186
2009-05,ASN00034100,-22.2411,148.43,0
2009-05,ASN00035001,-23.5522,147.7461,84
2009-05,ASN00035014,-26.1206,149.9614,550
2009-05,ASN00035015,-25.4025,149.1044,152
2009-05,ASN00035016,-23.0856,148.0236,140
2009-05,ASN00035039,-26.3564,150.0464,424
2009-05,ASN00035040,-25.5811,148.4811,0
2009-05,ASN00035049,-24.5608,145.7869,64
2009-05,ASN00035053,-23.1864,147.3539,46
2009-05,ASN00034094,-20.9994,146.4272,50
2009-05,ASN00035063,-24.2111,148.7403,266
2009-05,ASN00033307,-19.4167,146.5364,130
2009-05,ASN00033303,-21.1397,149.1883,530
2009-05,ASN00033266,-20.2381,148.0311,0
2009-05,ASN00033267,-20.2197,148.1217,10
2009-05,ASN00033269,-20.3078,148.2181,90
2009-05,ASN00033270,-20.525,148.2125,20
2009-05,ASN00033277,-21.1789,148.8297,50
2009-05,ASN00033280,-19.6333,147.1103,100
2009-05,ASN00033285,-23.0883,150.11,0
2009-05,ASN00033286,-19.7586,147.2436,160
2009-05,ASN00033287,-19.9717,147.2508,350
2009-05,ASN00033306,-20.4103,148.2306,20
2009-05,ASN00033288,-19.6433,147.3972,50
2009-05,ASN00033290,-20.2897,147.9019,0
2009-05,ASN00033291,-20.3089,147.2961,90
2009-05,ASN00033292,-20.5819,147.5981,60
2009-05,ASN00033294,-23.1364,150.7506,384
2009-05,ASN00033295,-19.4569,147.4833,226
2009-05,ASN00033299,-21.2725,148.8203,180
2009-05,ASN00033300,-21.1439,149.0753,180
2009-05,ASN00033301,-21.3228,148.835,230
2009-05,ASN00033302,-21.1772,148.8311,160
2009-05,ASN00033289,-20.1425,147.5631,0
2009-05,ASN00035064,-24.4481,147.8986,30
2009-05,ASN00035065,-24.123,148.0856,60
2009-05,ASN00035068,-25.6103,148.9444,102
2009-05,ASN00036004,-22.9717,145.245,14
2009-05,ASN00036006,-21.7117,144.3928,22
2009-05,ASN00036007,-23.5544,145.2883,31
2009-05,ASN00036011,-22.2067,145.0083,16
2009-05,ASN00036023,-21.5119,144.6339,12
2009-05,ASN00036026,-24.2591,144.4406,82
2009-05,ASN00036028,-22.1769,144.0486,100
2009-05,ASN00036031,-23.4372,144.2769,6
2009-05,ASN00036034,-24.4303,145.4306,88
2009-05,ASN00035282,-25.6333,149.7833,180
2009-05,ASN00036036,-23.6239,145.6892,48
2009-05,ASN00036046,-21.6292,145.1167,60
2009-05,ASN00036050,-22.0231,145.9831,92
2009-05,ASN00036074,-22.3022,145.99,20
2009-05,ASN00036094,-24.4464,144.1094,58
2009-05,ASN00036127,-24.6017,143.8314,70
2009-05,ASN00036143,-24.4214,145.4672,117
2009-05,ASN00036168,-24.9553,145.2489,85
2009-05,ASN00036172,-21.9667,144.3333,0
2009-05,ASN00037000,-22.1542,142.49,42
2009-05,ASN00036037,-22.595,144.5469,14
2009-05,ASN00035274,-23.8467,148.1083,0
2009-05,ASN00035264,-23.5694,148.1756,88
2009-05,ASN00035242,-25.8986,150.1297,502
2009-05,ASN00035069,-24.8819,146.2564,233
2009-05,ASN00035070,-25.6408,149.7958,206
2009-05,ASN00035072,-24.8856,146.2781,258
2009-05,ASN00035077,-24.9214,148.6006,80
2009-05,ASN00035079,-24.6217,147.4064,72
2009-05,ASN00035081,-26.2853,149.8283,1642
2009-05,ASN00035088,-24.3339,147.9425,114
2009-05,ASN00035090,-24.9588,148.3743,70
2009-05,ASN00035094,-22.4831,147.5172,40
2009-05,ASN00035109,-22.8181,148.49,94
2009-05,ASN00035117,-25.3864,149.7842,178
2009-05,ASN00035131,-23.1331,148.5267,134
2009-05,ASN00035132,-23.4292,148.9272,30
2009-05,ASN00035135,-25.7583,149.4067,414
2009-05,ASN00035151,-25.2797,148.85,184
2009-05,ASN00035165,-24.0717,146.6139,98
2009-05,ASN00035182,-25.6753,149.6331,195
2009-05,ASN00035207,-24.2236,148.0958,20
2009-05,ASN00035211,-22.6217,147.6589,74
2009-05,ASN00035221,-23.3039,148.1056,90
2009-05,ASN00035225,-24.2897,148.1053,24
2009-05,ASN00037010,-19.9225,138.1214,0
2009-05,ASN00040078,-26.4769,152.945,2284
2009-05,ASN00040079,-27.5831,152.3806,877
2009-05,ASN00040082,-27.5436,152.3375,970
2009-05,ASN00040832,-28.2033,152.77,1410
2009-05,ASN00040833,-25.7683,152.525,530
2009-05,ASN00040836,-27.6272,152.7461,2540
2009-05,ASN00040841,-28.1481,152.57,1140
2009-05,ASN00040842,-27.3917,153.1292,2780
2009-05,ASN00040844,-28.135,153.1883,2220
2009-05,ASN00040845,-28.2006,153.1872,3380
2009-05,ASN00040846,-28.0017,153.3083,2590
2009-05,ASN00040848,-28.2083,153.27,4180
2009-05,ASN00040830,-26.6278,152.7042,1350
2009-05,ASN00040849,-27.9136,153.3657,2216
2009-05,ASN00040856,-25.9007,153.0891,1741
2009-05,ASN00040861,-26.6006,153.0903,2828
2009-05,ASN00040865,-28.0936,152.7158,1474
2009-05,ASN00040867,-27.9406,152.6236,1452
2009-05,ASN00040868,-25.7417,152.2353,454
2009-05,ASN00040876,-28.2372,152.4867,1610
2009-05,ASN00040878,-27.6947,153.1364,2820
2009-05,ASN00040881,-27.9561,153.4233,1890
2009-05,ASN00040882,-28.1653,153.2161,2790
2009-05,ASN00040854,-27.6839,153.1947,2639
2009-05,ASN00040889,-26.4472,152.4869,930
2009-05,ASN00040829,-27.5439,152.1133,960
2009-05,ASN00040824,-26.1711,152.5994,710
2009-05,ASN00040761,-27.7828,153.1889,3090
2009-05,ASN00040762,-27.8336,152.9878,1890
2009-05,ASN00040763,-27.395,152.6097,1680
2009-05,ASN00040764,-27.939,153.4283,1834
2009-05,ASN00040770,-27.5152,153.2492,2680
2009-05,ASN00040777,-26.4572,152.6803,1540
2009-05,ASN00040778,-26.3583,152.6283,990
2009-05,ASN00040782,-26.3297,152.8136,1560
2009-05,ASN00040784,-27.615,153.0444,2620
2009-05,ASN00040827,-25.7167,151.8,160
2009-05,ASN00040785,-27.6017,152.9511,2720
2009-05,ASN00040790,-27.5467,153.0717,1920
2009-05,ASN00040793,-27.7633,152.8367,2270
2009-05,ASN00040794,-27.6956,152.9333,2510
2009-05,ASN00040801,-26.3878,152.6842,1134
2009-05,ASN00040808,-27.2641,152.1959,1245
2009-05,ASN00040811,-26.0833,152.2167,560
2009-05,ASN00040814,-26.5256,152.7428,1430
2009-05,ASN00040816,-27.6658,152.6989,2040
2009-05,ASN00040823,-27.1381,152.3294,1150
2009-05,ASN00040786,-27.7456,152.9081,2630
2009-05,ASN00040891,-25.6022,152.2603,416
2009-05,ASN00040892,-25.9586,152.5753,418
2009-05,ASN00040893,-26.0642,152.7728,842
2009-05,ASN00040943,-28.2453,152.8908,1420
2009-05,ASN00040944,-28.1692,152.9833,1140
2009-05,ASN00040945,-28.0708,152.9272,1360
2009-05,ASN00040946,-28.2153,152.8681,1350
2009-05,ASN00040947,-28.1481,152.57,1240
2009-05,ASN00040948,-28.1461,152.7358,1360
2009-05,ASN00040949,-28.0033,152.6875,1390
2009-05,ASN00040958,-27.2169,153.0922,2620
2009-05,ASN00040964,-27.6696,153.0442,2050
2009-05,ASN00040942,-28.3222,152.7697,1610
2009-05,ASN00040965,-27.2442,153.0867,2872
2009-05,ASN00040973,-27.7472,153.1919,2618
2009-05,ASN00040976,-27.4753,152.9753,3759
2009-05,ASN00040978,-27.0797,153.1803,3710
2009-05,ASN00040979,-27.1247,152.9356,4860
2009-05,ASN00040980,-27.1822,153.0186,4120
2009-05,ASN00041012,-26.6764,150.8992,574
2009-05,ASN00041013,-28.2264,152.0661,808
2009-05,ASN00041014,-28.3539,151.6281,754
2009-05,ASN00041016,-27.5331,151.2025,840
2009-05,ASN00040969,-27.0717,153.1058,4980
2009-05,ASN00040941,-28.0708,152.8558,1450
2009-05,ASN00040940,-27.8336,152.9878,2140
2009-05,ASN00040939,-27.9681,152.9861,1930
2009-05,ASN00040896,-25.6517,152.6633,850
2009-05,ASN00040902,-25.4969,152.3836,570
2009-05,ASN00040903,-25.2386,152.5319,740
2009-05,ASN00040904,-25.2756,152.5089,590
2009-05,ASN00040905,-25.2928,152.4097,400
2009-05,ASN00040906,-25.4019,152.5317,700
2009-05,ASN00040907,-25.3289,152.5619,720
2009-05,ASN00040908,-26.3911,153.0403,2162
2009-05,ASN00040912,-27.7597,152.47,1660
2009-05,ASN00040913,-27.4808,153.0389,2408
2009-05,ASN00040914,-27.4942,152.4972,1396
2009-05,ASN00040922,-26.5737,151.8398,404
2009-05,ASN00040924,-26.9028,152.7664,2542
2009-05,ASN00040928,-27.5639,152.8208,3480
2009-05,ASN00040931,-28.2314,153.1356,4270
2009-05,ASN00040932,-28.2608,153.0917,3070
2009-05,ASN00040933,-28.27,153.0264,1570
2009-05,ASN00040935,-27.7864,153.0161,2400
2009-05,ASN00040936,-28.0614,153.0408,2000
2009-05,ASN00040937,-27.9978,153.1575,3010
2009-05,ASN00040938,-27.9108,153.1047,2360
2009-05,ASN00040754,-28.2153,152.8681,1200
2009-05,ASN00040738,-27.9114,153.1056,2010
2009-05,ASN00040722,-26.0942,151.4417,800
2009-05,ASN00040717,-28.1681,153.5053,2292
2009-05,ASN00040199,-26.7433,151.8439,810
2009-05,ASN00040206,-26.325,152.7869,1354
2009-05,ASN00040209,-27.4361,153.5456,2586
2009-05,ASN00040211,-27.5717,153.0078,2374
2009-05,ASN00040223,-27.4178,153.1142,2599
2009-05,ASN00040224,-27.4193,153.0024,4166
2009-05,ASN00040231,-27.4565,153.18,1872
2009-05,ASN00040246,-26.5539,151.4156,732
2009-05,ASN00040247,-26.8422,152.5803,1478
2009-05,ASN00040197,-27.9695,153.1952,3640
2009-05,ASN00040255,-26.41,151.815,654
2009-05,ASN00040259,-26.8933,151.8975,891
2009-05,ASN00040269,-27.6374,153.3735,2575
2009-05,ASN00040284,-26.9586,152.9619,5678
2009-05,ASN00040289,-27.1136,151.8517,1164
2009-05,ASN00040290,-28.1725,152.72,1230
2009-05,ASN00040301,-27.1882,151.9634,1130
2009-05,ASN00040307,-26.9664,151.7086,1022
2009-05,ASN00040312,-27.7354,152.9443,2296
2009-05,ASN00040320,-27.4174,153.1552,4025
2009-05,ASN00040258,-26.8408,151.9806,784
2009-05,ASN00040196,-28.14,153.4293,2862
2009-05,ASN00040189,-27.1147,152.555,2068
2009-05,ASN00040184,-27.6322,152.5944,1926
2009-05,ASN00040083,-27.5428,152.2817,1522
2009-05,ASN00040089,-26.0564,152.7889,845
2009-05,ASN00040093,-26.1831,152.6414,794
2009-05,ASN00040094,-27.8117,152.6675,1550
2009-05,ASN00040104,-27.949,152.6235,1311
2009-05,ASN00040106,-26.5956,152.7281,1278
2009-05,ASN00040118,-26.6234,152.684,1408
2009-05,ASN00040120,-27.4617,152.5747,1604
2009-05,ASN00040123,-26.6225,152.8656,1754
2009-05,ASN00040126,-25.5161,152.7156,1070
2009-05,ASN00040139,-28.0708,152.6119,1118
2009-05,ASN00040140,-27.1492,152.5781,2356
2009-05,ASN00040141,-27.6163,153.2039,3830
2009-05,ASN00040144,-25.7411,152.2364,500
2009-05,ASN00040145,-27.0625,152.7789,1961
2009-05,ASN00040151,-25.605,152.5892,842
2009-05,ASN00040162,-28.1634,153.2126,3589
2009-05,ASN00040167,-28.326,152.7696,0
2009-05,ASN00040169,-26.8425,152.8819,3012
2009-05,ASN00040170,-27.3042,152.0542,1232
2009-05,ASN00040177,-26.1639,151.6014,752
2009-05,ASN00040334,-25.5097,152.0456,288
2009-05,ASN00033265,-20.2886,148.1175,0
2009-05,ASN00040335,-27.9694,153.2133,3500
2009-05,ASN00040343,-27.0397,152.8678,3996
2009-05,ASN00040503,-27.6075,152.58,1830
2009-05,ASN00040516,-27.8429,153.3502,2260
2009-05,ASN00040517,-27.1953,152.7539,3896
2009-05,ASN00040534,-28.1629,153.2641,3530
2009-05,ASN00040537,-27.4973,153.4078,2976
2009-05,ASN00040550,-28.2452,153.2369,5654
2009-05,ASN00040607,-28.2031,153.2719,5159
2009-05,ASN00040609,-28.1178,153.4457,2479
2009-05,ASN00040635,-26.8369,152.4914,1182
2009-05,ASN00040500,-26.6403,151.9431,750
2009-05,ASN00040659,-27.6956,152.9408,704
2009-05,ASN00040672,-27.5486,152.0236,818
2009-05,ASN00040677,-28.1752,152.6557,1218
2009-05,ASN00040686,-26.1842,152.8208,1222
2009-05,ASN00040688,-25.9575,152.4919,294
2009-05,ASN00040693,-27.3786,152.8164,3226
2009-05,ASN00040695,-26.6842,152.9589,2466
2009-05,ASN00040708,-26.0336,151.0603,326
2009-05,ASN00040714,-28.0708,152.9272,1130
2009-05,ASN00040715,-27.6473,153.1718,3418
2009-05,ASN00040671,-26.2839,151.1897,416
2009-05,ASN00040493,-27.78,152.5346,2056
2009-05,ASN00040490,-28.2086,152.5389,1356
2009-05,ASN00040485,-28.249,152.5232,1706
2009-05,ASN00040345,-27.8064,153.2072,2990
2009-05,ASN00040385,-26.5539,151.6678,706
2009-05,ASN00040388,-27.6342,152.2206,1308
2009-05,ASN00040390,-25.65,152.6647,806
2009-05,ASN00040394,-28.2321,152.7829,1306
2009-05,ASN00040395,-27.7183,152.1211,964
2009-05,ASN00040396,-26.7778,152.8033,2302
2009-05,ASN00040405,-25.322,152.8817,896
2009-05,ASN00040407,-28.0557,153.033,1480
2009-05,ASN00040412,-25.2483,152.6636,872
2009-05,ASN00040416,-28.0017,153.3083,2840
2009-05,ASN00040417,-28.0686,153.4241,1990
2009-05,ASN00040424,-27.755,152.0814,854
2009-05,ASN00040430,-25.2825,152.8994,1046
2009-05,ASN00040449,-27.5572,152.2308,1380
2009-05,ASN00040455,-25.85,151.3667,230
2009-05,ASN00040458,-27.5314,153.1825,2446
2009-05,ASN00040463,-27.5797,152.9875,2916
2009-05,ASN00040469,-25.8694,152.3172,368
2009-05,ASN00040478,-25.5047,153.1289,2241
2009-05,ASN00040480,-27.2883,152.1239,1142
2009-05,ASN00040341,-27.8794,153.2139,2840
2009-05,ASN00033263,-20.4186,148.1108,0
2009-05,ASN00040071,-26.3828,151.1922,396
2009-05,ASN00033255,-20.3531,148.9508,1112
2009-05,ASN00024048,-34.1983,140.6766,76
2009-05,ASN00024501,-34.0954,139.1543,42
2009-05,ASN00024502,-34.6923,139.4396,40
2009-05,ASN00024504,-34.1233,139.3509,66
2009-05,ASN00024508,-35.125,139.0433,280
2009-05,ASN00024509,-34.3515,139.1289,174
2009-05,ASN00024511,-34.1754,139.0847,110
2009-05,ASN00024515,-35.2959,139.0328,208
2009-05,ASN00024518,-35.6902,139.3375,535
2009-05,ASN00024031,-34.17,139.817,58
2009-05,ASN00024519,-35.4068,138.9701,452
2009-05,ASN00024525,-34.853,139.1607,184
2009-05,ASN00024528,-33.9888,139.08,105
2009-05,ASN00024531,-34.5719,139.2961,28
2009-05,ASN00024536,-35.2546,139.4542,66
2009-05,ASN00024537,-35.619,139.4378,448
2009-05,ASN00024551,-35.1093,139.0806,362
2009-05,ASN00024554,-35.1978,139.5871,158
2009-05,ASN00024555,-34.2571,139.0923,164
2009-05,ASN00024564,-34.3515,139.6153,46
2009-05,ASN00024521,-35.1234,139.2592,297
2009-05,ASN00024029,-34.2159,140.186,120
2009-05,ASN00024025,-34.2717,140.5964,0
2009-05,ASN00024024,-34.439,140.5978,46
2009-05,ASN00023876,-35.2276,138.5366,90
2009-05,ASN00023877,-34.7863,138.8651,520
2009-05,ASN00023878,-34.7253,138.9273,574
2009-05,ASN00023879,-34.8476,138.8751,612
2009-05,ASN00023880,-34.7595,138.9341,558
2009-05,ASN00023881,-34.7742,139.0062,360
2009-05,ASN00023882,-34.8713,138.9058,606
2009-05,ASN00023885,-35.1586,138.5057,536
2009-05,ASN00023887,-35.1712,138.6783,664
2009-05,ASN00023890,-35.0012,138.62,906
2009-05,ASN00023891,-34.9847,138.7404,1260
2009-05,ASN00023892,-34.8856,138.7562,780
2009-05,ASN00023894,-35.5194,138.8177,516
2009-05,ASN00023896,-34.8757,138.7103,682
2009-05,ASN00023897,-35.3159,138.6218,638
2009-05,ASN00023905,-34.9695,138.741,956
2009-05,ASN00024001,-34.2591,140.4708,0
2009-05,ASN00024003,-34.1658,140.7541,94
2009-05,ASN00024008,-34.2579,140.6478,58
2009-05,ASN00024010,-34.2918,140.3632,40
2009-05,ASN00024013,-34.4442,140.4958,84
2009-05,ASN00024572,-35.2828,139.2031,294
2009-05,ASN00023875,-35.5695,138.2864,556
2009-05,ASN00024573,-34.4085,139.1274,118
2009-05,ASN00024576,-35.348,138.9771,450
2009-05,ASN00025514,-35.8806,140.0594,74
2009-05,ASN00025519,-36.3654,140.9096,166
2009-05,ASN00025523,-35.8597,139.5599,460
2009-05,ASN00025557,-36.1058,140.3273,124
2009-05,ASN00025558,-35.4696,139.9461,206
2009-05,ASN00025560,-36.3098,140.74,104
2009-05,ASN00025561,-36.3994,140.8424,172
2009-05,ASN00025562,-35.3778,140.5378,234
2009-05,ASN00026000,-37.4861,140.0115,660
2009-05,ASN00025513,-35.3627,139.9503,105
2009-05,ASN00026007,-36.7124,140.9552,202
2009-05,ASN00026016,-36.9731,140.3664,96
2009-05,ASN00026017,-36.501,140.3835,142
2009-05,ASN00026018,-37.5872,140.3426,262
2009-05,ASN00026020,-37.8333,140.7833,260
2009-05,ASN00026021,-37.7473,140.7739,296
2009-05,ASN00026025,-37.3803,140.8379,116
2009-05,ASN00026026,-37.1628,139.756,648
2009-05,ASN00026058,-36.6064,140.7118,140
2009-05,ASN00026062,-36.9229,140.5809,128
2009-05,ASN00026012,-36.8309,139.8526,260
2009-05,ASN00025512,-35.3805,140.2519,264
2009-05,ASN00025507,-36.098,140.3556,150
2009-05,ASN00025506,-35.38,140.1588,220
2009-05,ASN00024577,-35.7344,139.2675,602
2009-05,ASN00024578,-34.0647,139.6605,36
2009-05,ASN00024579,-34.8788,138.974,404
2009-05,ASN00024580,-35.2836,138.8934,484
2009-05,ASN00024582,-35.1016,139.1426,337
2009-05,ASN00024584,-35.065,139.2273,256
2009-05,ASN00025000,-34.7314,140.5036,42
2009-05,ASN00025002,-34.8276,139.6673,86
2009-05,ASN00025006,-35.09,139.8972,124
2009-05,ASN00025013,-35.2977,140.6667,264
2009-05,ASN00025014,-34.7169,140.7352,84
2009-05,ASN00025015,-35.268,140.9075,124
2009-05,ASN00025018,-34.7884,140.5003,112
2009-05,ASN00025036,-35.1524,140.288,140
2009-05,ASN00025039,-35.0393,139.9844,86
2009-05,ASN00025042,-35.244,139.8261,134
2009-05,ASN00025046,-35.0662,140.856,118
2009-05,ASN00025050,-34.6345,140.2432,66
2009-05,ASN00025051,-34.5876,140.0791,94
2009-05,ASN00025502,-35.379,139.5617,97
2009-05,ASN00025504,-35.6984,139.8633,74
2009-05,ASN00024575,-34.5444,139.193,130
2009-05,ASN00026067,-37.9594,140.7703,222
2009-05,ASN00023873,-34.9913,138.6937,1108
2009-05,ASN00023867,-34.9342,138.7467,1140
2009-05,ASN00023305,-34.4577,138.9277,214
2009-05,ASN00023306,-34.1697,138.8095,330
2009-05,ASN00023307,-34.3412,138.9155,88
2009-05,ASN00023310,-34.005,138.8142,192
2009-05,ASN00023314,-34.158,138.7483,314
2009-05,ASN00023318,-34.5169,138.9598,324
2009-05,ASN00023319,-34.2778,138.7725,288
2009-05,ASN00023348,-34.5103,138.835,318
2009-05,ASN00023349,-34.0936,138.7952,256
2009-05,ASN00023129,-34.4611,138.5581,314
2009-05,ASN00023355,-34.207,138.7886,296
2009-05,ASN00023365,-34.2318,138.6952,296
2009-05,ASN00023369,-34.4557,138.9222,330
2009-05,ASN00023370,-34.3143,138.7293,268
2009-05,ASN00023372,-34.4534,139.0638,234
2009-05,ASN00023373,-34.4761,139.0056,266
2009-05,ASN00023374,-34.2523,139.0183,148
2009-05,ASN00023704,-35.0077,138.6498,1034
2009-05,ASN00023705,-34.8148,138.9474,530
2009-05,ASN00023707,-35.0102,138.7602,1025
2009-05,ASN00023357,-34.4709,138.9991,230
2009-05,ASN00023128,-34.2015,138.597,224
2009-05,ASN00023122,-34.5106,138.6763,252
2009-05,ASN00023115,-34.9473,138.5827,484
2009-05,ASN00023005,-34.9464,138.6519,648
2009-05,ASN00023011,-34.9167,138.5956,556
2009-05,ASN00023013,-34.7977,138.6281,410
2009-05,ASN00033260,-23.16,150.96,712
2009-05,ASN00023023,-34.7674,138.6434,223
2009-05,ASN00023024,-34.8978,138.5092,538
2009-05,ASN00023031,-34.9697,138.6331,497
2009-05,ASN00023034,-34.9524,138.5204,516
2009-05,ASN00023042,-34.9387,138.6607,594
2009-05,ASN00023043,-34.7607,138.6311,410
2009-05,ASN00023055,-34.9552,138.5356,440
2009-05,ASN00023076,-34.432,138.2587,272
2009-05,ASN00023083,-34.7111,138.6222,352
2009-05,ASN00023085,-34.9222,138.6805,654
2009-05,ASN00023087,-34.5371,138.6049,262
2009-05,ASN00023096,-34.8564,138.6844,634
2009-05,ASN00023101,-34.8925,138.6422,592
2009-05,ASN00023105,-34.9808,138.621,606
2009-05,ASN00023107,-34.601,138.7359,282
2009-05,ASN00023108,-35.0495,138.7259,856
2009-05,ASN00023114,-34.9542,138.6586,596
2009-05,ASN00023709,-35.0611,138.6585,932
2009-05,ASN00023871,-35.3175,138.4636,512
2009-05,ASN00023710,-35.1087,138.6256,750
2009-05,ASN00023718,-35.4987,138.7638,48
2009-05,ASN00023786,-34.8269,139.0086,400
2009-05,ASN00023787,-35.0247,138.8578,596
2009-05,ASN00023788,-34.9838,138.7179,1336
2009-05,ASN00023799,-35.2183,138.7342,624
2009-05,ASN00023801,-34.9482,138.8071,168
2009-05,ASN00023803,-34.9423,138.727,1046
2009-05,ASN00023804,-35.5544,138.5997,532
2009-05,ASN00023806,-34.8067,138.7552,628
2009-05,ASN00023810,-34.971,138.7042,1098
2009-05,ASN00023758,-34.7398,138.8715,574
2009-05,ASN00023817,-35.0221,138.7344,1162
2009-05,ASN00023822,-35.1802,139.0239,304
2009-05,ASN00023825,-35.5288,138.8067,416
2009-05,ASN00023839,-35.0216,138.6097,908
2009-05,ASN00023842,-34.9784,138.7088,386
2009-05,ASN00023846,-35.0028,138.6635,984
2009-05,ASN00023858,-34.763,138.7765,494
2009-05,ASN00023860,-34.9499,138.6866,618
2009-05,ASN00023865,-34.8944,138.8099,736
2009-05,ASN00023866,-35.0068,138.8033,650
2009-05,ASN00023820,-34.6805,138.8561,530
2009-05,ASN00023756,-34.6603,138.9262,542
2009-05,ASN00023754,-35.458,138.35,168
2009-05,ASN00023753,-35.2705,138.5591,111
2009-05,ASN00023719,-34.8237,138.8859,210
2009-05,ASN00023720,-35.0303,138.8148,576
2009-05,ASN00023721,-35.0608,138.5647,878
2009-05,ASN00023722,-34.9303,139.014,382
2009-05,ASN00023723,-35.4935,138.4575,780
2009-05,ASN00023725,-34.5569,139.1338,213
2009-05,ASN00023726,-34.9044,138.8742,103
2009-05,ASN00023727,-35.0484,138.7354,566
2009-05,ASN00023731,-34.8331,138.8215,612
2009-05,ASN00023732,-35.1351,138.5274,506
2009-05,ASN00023733,-35.0639,138.8509,582
2009-05,ASN00023734,-35.1213,138.6769,684
2009-05,ASN00023735,-35.3497,138.6223,458
2009-05,ASN00023737,-34.7735,139.0501,332
2009-05,ASN00023738,-35.39,138.4652,431
2009-05,ASN00023739,-35.0369,138.913,356
2009-05,ASN00023741,-35.4519,138.3227,562
2009-05,ASN00023742,-35.5299,138.6896,431
2009-05,ASN00023747,-35.256,138.8901,448
2009-05,ASN00023750,-34.9563,138.7443,1174
2009-05,ASN00023752,-34.6717,138.8885,112
2009-05,ASN00023714,-35.3736,138.806,434
2009-05,ASN00026086,-37.3797,140.3294,364
2009-05,ASN00022839,-35.9609,137.091,878
2009-05,ASN00026095,-36.9655,139.7164,612
2009-05,ASN00032020,-17.5556,145.9556,3770
2009-05,ASN00032023,-18.5819,146.2839,1616
2009-05,ASN00032031,-18.5406,146.3356,2002
2009-05,ASN00032032,-18.5872,146.2508,1460
2009-05,ASN00032033,-17.4608,145.8822,3563
2009-05,ASN00032037,-17.6053,145.9972,1950
2009-05,ASN00032040,-19.2483,146.7661,64
2009-05,ASN00032042,-17.9364,145.9253,4254
2009-05,ASN00032043,-18.7218,145.9237,466
2009-05,ASN00032019,-17.7214,145.9222,2576
2009-05,ASN00032045,-18.6508,146.2047,1148
2009-05,ASN00032064,-19.0074,146.2057,216
2009-05,ASN00032078,-18.6494,146.1769,1344
2009-05,ASN00032094,-18.6156,146.1811,1372
2009-05,ASN00032098,-19.0506,146.4058,152
2009-05,ASN00032101,-18.9558,146.2886,216
2009-05,ASN00032109,-18.1069,145.8053,570
2009-05,ASN00032117,-18.6867,146.2969,1264
2009-05,ASN00032152,-17.5475,145.9292,2400
2009-05,ASN00032155,-17.6094,145.9786,2620
2009-05,ASN00032050,-19.2033,146.6131,216
2009-05,ASN00032009,-17.835,146.0986,4395
2009-05,ASN00032004,-18.2553,146.0197,973
2009-05,ASN00032002,-18.5742,146.2225,1298
2009-05,ASN00031168,-17.5875,145.6,1738
2009-05,ASN00031180,-16.5319,145.1325,42
2009-05,ASN00031181,-17.545,145.7156,2670
2009-05,ASN00031182,-17.5875,145.5997,1520
2009-05,ASN00031183,-17.3594,145.5922,800
2009-05,ASN00031184,-17.4442,145.5094,620
2009-05,ASN00031185,-17.5175,145.6089,1240
2009-05,ASN00031186,-17.6803,145.6603,870
2009-05,ASN00031187,-17.4694,145.7311,3520
2009-05,ASN00031188,-17.0039,145.4281,110
2009-05,ASN00031189,-16.6583,145.5672,274
2009-05,ASN00031191,-18.1494,145.4803,0
2009-05,ASN00031196,-17.7047,145.1461,160
2009-05,ASN00031197,-18.0394,144.8856,60
2009-05,ASN00031198,-17.3769,145.3803,90
2009-05,ASN00031200,-17.5908,145.5294,550
2009-05,ASN00031205,-16.9794,145.6747,1330
2009-05,ASN00031209,-15.4461,145.1861,242
2009-05,ASN00031210,-17.0672,145.4283,100
2009-05,ASN00031213,-14.9672,145.3106,486
2009-05,ASN00032001,-18.8828,146.17,388
2009-05,ASN00032160,-17.6089,145.9792,2900
2009-05,ASN00031158,-18.2531,145.1269,280
2009-05,ASN00032161,-17.5967,145.9014,3030
2009-05,ASN00032163,-17.5236,146.0325,3760
2009-05,ASN00033059,-21.4267,149.2164,392
2009-05,ASN00033060,-21.1422,149.0381,265
2009-05,ASN00033062,-20.0997,146.8892,128
2009-05,ASN00033065,-22.3458,149.5356,19
2009-05,ASN00033068,-21.1631,148.87,167
2009-05,ASN00033073,-19.8314,147.13,130
2009-05,ASN00033076,-23.1333,150.3669,370
2009-05,ASN00033077,-23.0967,150.7342,498
2009-05,ASN00033080,-21.0003,148.7375,150
2009-05,ASN00033053,-21.0011,148.9364,540
2009-05,ASN00033095,-21.8031,149.3569,130
2009-05,ASN00033106,-20.3658,148.9536,1164
2009-05,ASN00033111,-22.8131,149.89,30
2009-05,ASN00033119,-21.1172,149.2169,794
2009-05,ASN00033151,-19.5953,146.9342,344
2009-05,ASN00033170,-22.3614,149.3747,0
2009-05,ASN00033175,-20.2144,147.7761,0
2009-05,ASN00033210,-22.3472,149.5242,58
2009-05,ASN00033247,-20.4925,148.555,342
2009-05,ASN00026091,-37.2906,140.8254,116
2009-05,ASN00033096,-20.2081,148.13,28
2009-05,ASN00033051,-19.8789,146.6319,146
2009-05,ASN00033045,-21.1706,149.1794,334
2009-05,ASN00033041,-20.5392,148.6572,488
2009-05,ASN00032164,-17.6808,145.8878,1040
2009-05,ASN00032165,-17.5308,145.8464,2640
2009-05,ASN00032166,-17.5456,145.9325,3510
2009-05,ASN00032167,-17.9919,145.9425,2880
2009-05,ASN00032169,-18.1919,145.3325,420
2009-05,ASN00032170,-18.4125,145.7722,1220
2009-05,ASN00032171,-18.6347,146.1444,1060
2009-05,ASN00032172,-18.4606,145.7383,1200
2009-05,ASN00032173,-18.6797,145.9961,400
2009-05,ASN00032174,-18.4889,145.9364,620
2009-05,ASN00032176,-18.1439,145.61,550
2009-05,ASN00032183,-18.7497,146.115,650
2009-05,ASN00032184,-18.4506,145.8294,1000
2009-05,ASN00032185,-18.5789,146.2803,1630
2009-05,ASN00032186,-18.8478,145.9067,390
2009-05,ASN00033001,-19.5775,147.4075,78
2009-05,ASN00033002,-19.6169,147.3758,68
2009-05,ASN00033008,-22.8461,150.6475,720
2009-05,ASN00033013,-20.5534,147.8464,28
2009-05,ASN00033032,-19.6667,147.4147,48
2009-05,ASN00033038,-21.6256,149.2367,185
2009-05,ASN00032162,-17.615,145.8011,1790
2009-05,ASN00031147,-14.6683,145.4467,399
2009-05,ASN00033195,-22.4703,150.1786,46
2009-05,ASN00031140,-17.27,145.8997,1990
2009-05,ASN00028000,-15.5581,144.4453,12
2009-05,ASN00028004,-16.0008,144.0758,122
2009-05,ASN00028008,-12.785,143.3047,1024
2009-05,ASN00028013,-16.2217,144.7081,318
2009-05,ASN00028023,-14.9258,144.1994,20
2009-05,ASN00028031,-14.7317,143.5864,0
2009-05,ASN00028035,-14.7117,143.7303,14
2009-05,ASN00029000,-18.2952,139.2828,0
2009-05,ASN00029004,-17.7425,139.5475,90
2009-05,ASN00027075,-12.6167,142.0869,128
2009-05,ASN00029008,-20.7089,140.5192,4
2009-05,ASN00029030,-20.4247,141.4047,0
2009-05,ASN00029037,-17.3297,141.8797,0
2009-05,ASN00029038,-15.4818,141.7483,22
2009-05,ASN00029047,-19.6242,138.6386,20
2009-05,ASN00029058,-20.6672,141.7214,8
2009-05,ASN00029061,-18.9511,138.0531,30
2009-05,ASN00029063,-17.6872,141.0733,4
2009-05,ASN00029065,-18.7881,139.7119,0
2009-05,ASN00029069,-17.3383,138.2508,0
2009-05,ASN00029012,-18.2044,142.2447,6
2009-05,ASN00029077,-17.7483,139.5356,0
2009-05,ASN00027073,-13.7606,143.1183,48
2009-05,ASN00027064,-13.1325,142.7872,214
2009-05,ASN00031141,-17.2639,145.8536,3290
2009-05,ASN00026098,-37.5422,140.8137,176
2009-05,ASN00026100,-36.6539,140.5212,140
2009-05,ASN00026101,-37.4003,140.3351,400
2009-05,ASN00026103,-37.134,140.7273,134
2009-05,ASN00026104,-36.8465,140.5592,122
2009-05,ASN00026105,-37.1776,139.8054,606
2009-05,ASN00026107,-36.437,140.3356,174
2009-05,ASN00026109,-37.3818,139.9454,654
2009-05,ASN00027072,-12.0933,142.5589,289
2009-05,ASN00026110,-36.7746,140.0222,270
2009-05,ASN00027015,-12.4536,142.6389,136
2009-05,ASN00027038,-16.4231,143.1456,92
2009-05,ASN00027042,-12.6267,141.8836,146
2009-05,ASN00027044,-13.0658,142.4511,60
2009-05,ASN00027045,-12.6778,141.9208,178
2009-05,ASN00027054,-10.0511,143.0686,1404
2009-05,ASN00027058,-10.5844,142.29,1802
2009-05,ASN00027061,-14.5181,142.0389,0
2009-05,ASN00027063,-13.4381,142.9417,34
2009-05,ASN00027000,-13.3539,141.7208,0
2009-05,ASN00029092,-19.8392,140.9336,0
2009-05,ASN00026099,-36.9813,140.727,112
2009-05,ASN00029126,-20.7361,139.4817,2
2009-05,ASN00031004,-17.3436,145.9217,2679
2009-05,ASN00031010,-16.9333,145.7833,932
2009-05,ASN00031011,-16.8736,145.7458,872
2009-05,ASN00031012,-16.0969,145.4575,1868
2009-05,ASN00031024,-17.535,145.4822,295
2009-05,ASN00031032,-17.4311,145.2028,69
2009-05,ASN00031037,-16.3842,145.5592,1354
2009-05,ASN00031040,-17.0692,145.7742,430
2009-05,ASN00031044,-16.4569,145.3775,872
2009-05,ASN00030161,-20.7017,143.1167,6
2009-05,ASN00031046,-17.677,145.115,225
2009-05,ASN00031062,-16.3906,145.3511,974
2009-05,ASN00031069,-17.6697,145.2414,282
2009-05,ASN00031075,-17.1694,145.5481,387
2009-05,ASN00031104,-17.1644,145.8783,2100
2009-05,ASN00031108,-17.1347,145.4281,195
2009-05,ASN00031119,-17.6758,145.2783,120
2009-05,ASN00031131,-17.3394,144.6797,200
2009-05,ASN00031125,-17.3439,145.5028,530
2009-05,ASN00029121,-20.5958,139.6939,0
2009-05,ASN00031051,-17.3442,144.9306,223
2009-05,ASN00030158,-18.4564,143.2986,36
2009-05,ASN00031036,-16.8178,145.6383,1090
2009-05,ASN00030137,-19.6347,145.7886,192
2009-05,ASN00029127,-20.6778,139.4875,0
2009-05,ASN00029129,-21.215,140.2333,0
2009-05,ASN00030149,-21.0442,144.0992,44
2009-05,ASN00029132,-20.6556,142.1006,0
2009-05,ASN00029136,-21.3661,140.4986,0
2009-05,ASN00029139,-17.1142,139.5981,0
2009-05,ASN00029141,-20.6664,140.505,12
2009-05,ASN00029150,-20.8422,141.4292,0
2009-05,ASN00029152,-18.7036,138.4839,0
2009-05,ASN00029154,-18.4306,141.2686,0
2009-05,ASN00029167,-18.7569,138.7056,0
2009-05,ASN00029131,-20.02,139.8433,0
2009-05,ASN00030022,-20.8192,144.2333,124
2009-05,ASN00030019,-19.2647,143.6741,176
2009-05,ASN00030115,-19.055,144.9594,286
2009-05,ASN00030103,-18.2225,143.9697,0
2009-05,ASN00030088,-19.3769,144.1156,82
2009-05,ASN00030124,-18.3039,143.5306,126
2009-05,ASN00030072,-20.0969,144.9875,372
2009-05,ASN00030127,-20.9942,144.6433,140
2009-05,ASN00030048,-18.6242,144.5739,188
2009-05,ASN00030082,-19.7037,144.3775,202
2009-06,ASN00061329,-32.8323,151.3085,334
2009-06,ASN00061363,-32.0335,150.8264,458
2009-06,ASN00061336,-33.1556,150.6847,330
2009-06,ASN00061339,-32.5584,151.8043,934
2009-06,ASN00061346,-31.8626,151.4398,758
2009-06,ASN00061349,-32.5667,151.6083,500
2009-06,ASN00061350,-32.1714,151.5942,556
2009-06,ASN00061360,-32.05,150.8528,335
2009-06,ASN00061334,-33.0488,150.2325,228
2009-06,ASN00061373,-31.9583,150.8567,114
2009-06,ASN00061372,-31.8017,150.925,486
2009-06,ASN00061374,-32.2199,150.9193,133
2009-06,ASN00061375,-33.2894,151.2107,826
2009-06,ASN00061376,-33.0759,151.5382,606
2009-06,ASN00061377,-33.0933,151.6317,750
2009-06,ASN00061381,-33.4036,151.3928,1690
2009-06,ASN00061382,-33.1681,151.2181,510
2009-06,ASN00061383,-33.2528,151.3164,760
2009-06,ASN00061327,-32.8248,151.2613,455
2009-06,ASN00061366,-33.2815,151.5766,974
2009-06,ASN00061324,-32.2451,150.513,123
2009-06,ASN00061151,-32.2426,151.683,544
2009-06,ASN00061306,-31.8988,150.658,443
2009-06,ASN00061143,-32.654,151.021,582
2009-06,ASN00061152,-32.9995,151.2908,640
2009-06,ASN00061170,-32.2809,151.7948,726
2009-06,ASN00061191,-32.6126,150.9761,512
2009-06,ASN00061192,-32.2092,150.7365,422
2009-06,ASN00061196,-31.7069,151.2131,608
2009-06,ASN00061201,-33.0259,151.1882,634
2009-06,ASN00061205,-33.0297,151.1401,700
2009-06,ASN00061209,-32.9597,150.675,378
2009-06,ASN00061309,-32.6881,150.9728,470
2009-06,ASN00061211,-33.3588,150.7058,282
2009-06,ASN00061217,-33.2904,150.9708,14
2009-06,ASN00061220,-33.2381,151.3003,302
2009-06,ASN00061226,-32.936,151.1393,546
2009-06,ASN00061250,-32.6296,151.5919,445
2009-06,ASN00061260,-32.7886,151.3377,412
2009-06,ASN00061287,-32.1852,150.1737,424
2009-06,ASN00061288,-32.3322,151.4595,440
2009-06,ASN00061294,-33.4666,151.4126,1838
2009-06,ASN00061295,-32.8108,151.3396,300
2009-06,ASN00061216,-33.4176,151.159,576
2009-06,ASN00061385,-33.0789,151.3403,880
2009-06,ASN00063036,-33.8199,150.0227,742
2009-06,ASN00061392,-31.7416,150.7937,578
2009-06,ASN00063073,-33.6896,149.5633,535
2009-06,ASN00063076,-33.0807,149.6901,428
2009-06,ASN00063081,-33.6956,150.5408,340
2009-06,ASN00063093,-34.3093,149.9677,411
2009-06,ASN00063113,-33.5497,148.91,664
2009-06,ASN00063114,-33.3439,149.1617,960
2009-06,ASN00063117,-33.6739,149.0471,739
2009-06,ASN00063118,-33.5156,150.4892,456
2009-06,ASN00063119,-34.2347,149.265,646
2009-06,ASN00063063,-33.6774,149.8374,598
2009-06,ASN00063132,-33.3808,150.0818,446
2009-06,ASN00063146,-33.5544,150.0526,454
2009-06,ASN00063214,-33.3561,149.4058,592
2009-06,ASN00063229,-33.6773,148.6115,616
2009-06,ASN00063234,-33.6708,148.8565,735
2009-06,ASN00063245,-33.6492,149.0759,812
2009-06,ASN00063246,-33.5105,150.3711,706
2009-06,ASN00061135,-32.1018,151.2333,540
2009-06,ASN00063254,-33.3211,149.0828,982
2009-06,ASN00063271,-34.0417,149.3611,708
2009-06,ASN00063142,-33.577,149.8591,434
2009-06,ASN00063061,-33.8222,149.3244,686
2009-06,ASN00063049,-33.6094,150.0856,490
2009-06,ASN00063043,-33.5343,150.6338,148
2009-06,ASN00061394,-33.2177,151.1251,439
2009-06,ASN00061405,-32.6753,151.6219,750
2009-06,ASN00061406,-33.0831,151.6511,740
2009-06,ASN00062003,-32.6657,149.1016,914
2009-06,ASN00062009,-31.9963,149.9856,698
2009-06,ASN00062013,-32.3634,149.5329,426
2009-06,ASN00062021,-32.5956,149.5956,532
2009-06,ASN00062032,-32.3592,149.9484,396
2009-06,ASN00062075,-32.4753,149.5151,325
2009-06,ASN00062089,-32.8936,149.3808,704
2009-06,ASN00062093,-32.7236,149.7702,448
2009-06,ASN00062099,-32.8366,148.9963,754
2009-06,ASN00062100,-32.7244,150.229,830
2009-06,ASN00062101,-32.5628,149.6149,438
2009-06,ASN00062102,-32.5204,150.0817,585
2009-06,ASN00063005,-33.4289,149.5559,594
2009-06,ASN00063013,-33.5366,150.4413,514
2009-06,ASN00063028,-33.6929,150.5291,346
2009-06,ASN00063029,-33.744,149.1046,928
2009-06,ASN00063035,-33.0362,149.4146,856
2009-06,ASN00063039,-33.7122,150.3087,652
2009-06,ASN00061387,-33.245,151.5119,926
2009-06,ASN00058127,-28.7319,153.4065,2100
2009-06,ASN00060031,-31.3364,152.7852,2872
2009-06,ASN00061119,-33.385,150.9856,420
2009-06,ASN00058222,-29.7847,153.2639,2940
2009-06,ASN00059002,-30.65,152.8486,2204
2009-06,ASN00059006,-30.1619,153.0982,3234
2009-06,ASN00059007,-31.0711,152.7717,2544
2009-06,ASN00059009,-30.2358,153.0163,3121
2009-06,ASN00059019,-30.3641,152.4061,1486
2009-06,ASN00059030,-30.9225,153.087,2296
2009-06,ASN00059040,-30.3107,153.1187,2676
2009-06,ASN00059047,-31.1802,152.9681,3014
2009-06,ASN00058220,-28.705,152.8414,434
2009-06,ASN00059070,-30.4508,152.6231,1590
2009-06,ASN00059110,-30.6688,152.7638,1904
2009-06,ASN00059113,-30.3098,152.7636,2438
2009-06,ASN00059118,-30.2493,152.463,1264
2009-06,ASN00059122,-30.8217,152.5067,970
2009-06,ASN00059124,-29.9806,152.7222,1345
2009-06,ASN00059128,-30.9783,152.5106,1090
2009-06,ASN00059138,-30.6639,152.6528,2540
2009-06,ASN00059139,-30.1014,153.0009,2514
2009-06,ASN00059140,-30.3442,152.7187,2193
2009-06,ASN00059107,-30.566,152.6528,1946
2009-06,ASN00060002,-32.4129,152.2079,656
2009-06,ASN00058216,-28.6399,153.6358,1838
2009-06,ASN00058212,-29.183,153.3964,2528
2009-06,ASN00058147,-28.6696,153.2789,1452
2009-06,ASN00063283,-33.7,150.0278,480
2009-06,ASN00058148,-28.5276,153.1519,1524
2009-06,ASN00058158,-28.3395,153.3809,1786
2009-06,ASN00058161,-29.7583,153.0297,1870
2009-06,ASN00058162,-28.7278,153.4622,2240
2009-06,ASN00058165,-28.6229,153.409,1316
2009-06,ASN00058167,-28.4147,153.3339,1920
2009-06,ASN00058171,-28.9263,153.4178,2406
2009-06,ASN00058214,-28.8343,153.2616,1156
2009-06,ASN00058180,-28.6069,153.2083,1320
2009-06,ASN00058193,-28.3538,153.293,2015
2009-06,ASN00058194,-28.3811,152.7174,720
2009-06,ASN00058198,-28.8353,153.5585,2818
2009-06,ASN00058199,-28.7364,153.1634,920
2009-06,ASN00058201,-28.7967,153.2386,1420
2009-06,ASN00058202,-28.7406,153.075,770
2009-06,ASN00058204,-28.3217,153.3467,1190
2009-06,ASN00058206,-28.7231,153.3614,1540
2009-06,ASN00058208,-28.8775,153.052,834
2009-06,ASN00058186,-28.3283,153.4,1710
2009-06,ASN00060015,-32.0063,151.9597,230
2009-06,ASN00060017,-31.7004,152.5833,2070
2009-06,ASN00060024,-31.7816,152.6684,2331
2009-06,ASN00060148,-32.1625,152.2614,1270
2009-06,ASN00061007,-32.0332,150.5836,480
2009-06,ASN00061010,-32.5879,151.7813,880
2009-06,ASN00061012,-33.0853,151.4633,574
2009-06,ASN00061014,-32.6385,151.4173,466
2009-06,ASN00061017,-32.4022,151.7582,787
2009-06,ASN00061031,-32.7756,151.735,1238
2009-06,ASN00061041,-33.0955,151.5506,732
2009-06,ASN00061054,-32.7103,152.1612,651
2009-06,ASN00060146,-31.9572,152.585,776
2009-06,ASN00061055,-32.9185,151.7985,940
2009-06,ASN00061078,-32.7932,151.8359,1110
2009-06,ASN00061092,-32.5932,151.3335,66
2009-06,ASN00061093,-33.3653,151.3264,1068
2009-06,ASN00061095,-32.1939,151.0932,598
2009-06,ASN00061096,-32.5997,151.618,706
2009-06,ASN00061097,-31.9201,151.2355,486
2009-06,ASN00061100,-32.7667,151.0872,413
2009-06,ASN00061106,-32.3564,151.8059,808
2009-06,ASN00061110,-32.8736,150.7936,0
2009-06,ASN00061071,-32.4027,151.9664,936
2009-06,ASN00060144,-32.3796,152.5062,1384
2009-06,ASN00060141,-31.8896,152.512,2103
2009-06,ASN00060139,-31.4336,152.8655,3424
2009-06,ASN00060036,-31.862,152.3444,1106
2009-06,ASN00060042,-32.1532,151.9511,784
2009-06,ASN00060046,-31.6877,152.2688,874
2009-06,ASN00060065,-32.2942,152.3047,1250
2009-06,ASN00060075,-31.95,151.7923,552
2009-06,ASN00060085,-31.3865,152.2482,2242
2009-06,ASN00060090,-31.3422,152.341,1090
2009-06,ASN00060095,-32.375,152.3808,1180
2009-06,ASN00060096,-32.2583,152.1208,150
2009-06,ASN00060099,-32.4436,152.1561,1010
2009-06,ASN00060104,-31.4138,151.598,654
2009-06,ASN00060106,-31.6647,152.0637,544
2009-06,ASN00060112,-32.0525,151.9147,616
2009-06,ASN00060116,-31.4367,152.4633,1280
2009-06,ASN00060117,-31.8833,152.15,215
2009-06,ASN00060118,-31.7753,152.0778,685
2009-06,ASN00060121,-31.5667,152.2401,1116
2009-06,ASN00060122,-31.8922,152.2739,856
2009-06,ASN00060128,-31.5833,151.3167,508
2009-06,ASN00060130,-31.2936,152.3121,838
2009-06,ASN00060137,-31.7683,151.8889,504
2009-06,ASN00061130,-32.5113,150.7968,388
2009-06,ASN00063287,-33.4111,149.5861,410
2009-06,ASN00068160,-34.0542,150.8772,630
2009-06,ASN00063291,-33.412,149.654,450
2009-06,ASN00069015,-37.0557,149.9053,1144
2009-06,ASN00069017,-36.2519,150.2275,782
2009-06,ASN00069018,-35.9093,150.1532,918
2009-06,ASN00069019,-36.8402,149.5257,1209
2009-06,ASN00069022,-36.2144,150.1358,807
2009-06,ASN00069023,-35.6488,150.1454,746
2009-06,ASN00069029,-37.3623,149.6984,696
2009-06,ASN00069033,-35.9017,149.9611,520
2009-06,ASN00069035,-35.7564,149.815,340
2009-06,ASN00069014,-36.3881,149.8882,449
2009-06,ASN00069036,-36.0876,150.0508,756
2009-06,ASN00069042,-35.7661,149.9416,622
2009-06,ASN00069048,-35.7581,149.8252,312
2009-06,ASN00069049,-35.1165,150.0847,354
2009-06,ASN00069050,-36.2967,149.843,626
2009-06,ASN00069052,-35.7343,150.0508,594
2009-06,ASN00069054,-36.2967,149.51,396
2009-06,ASN00069062,-35.9446,149.5876,401
2009-06,ASN00069065,-36.5676,149.7511,446
2009-06,ASN00069066,-36.9296,149.646,1403
2009-06,ASN00069041,-35.2514,149.9158,411
2009-06,ASN00069068,-36.6036,149.9984,475
2009-06,ASN00069013,-36.7677,149.6951,528
2009-06,ASN00069006,-35.7011,149.7896,280
2009-06,ASN00068202,-34.6033,150.5487,438
2009-06,ASN00068213,-34.8667,150.605,240
2009-06,ASN00068215,-34.4167,150.1967,140
2009-06,ASN00068216,-34.1194,150.7402,410
2009-06,ASN00068217,-34.6866,150.5253,302
2009-06,ASN00068224,-34.5858,150.6264,700
2009-06,ASN00068228,-34.3691,150.9291,1666
2009-06,ASN00068229,-35.2439,150.5098,580
2009-06,ASN00068233,-34.8517,150.3883,100
2009-06,ASN00069010,-35.4489,149.799,244
2009-06,ASN00068239,-34.5253,150.4217,270
2009-06,ASN00068243,-34.5776,150.5118,460
2009-06,ASN00068245,-34.9528,150.7019,693
2009-06,ASN00068246,-34.5707,150.8383,1156
2009-06,ASN00068247,-34.7679,150.562,290
2009-06,ASN00068248,-34.6625,150.4333,270
2009-06,ASN00068249,-34.9636,150.0967,450
2009-06,ASN00068255,-34.4875,150.4014,290
2009-06,ASN00069002,-36.6884,149.838,640
2009-06,ASN00069003,-36.6278,149.5705,350
2009-06,ASN00068241,-34.5638,150.79,804
2009-06,ASN00069088,-36.1935,149.4735,346
2009-06,ASN00069114,-36.5404,149.8229,508
2009-06,ASN00069121,-35.4411,150.2857,770
2009-06,ASN00070084,-36.9325,148.9393,334
2009-06,ASN00070106,-36.8439,149.3897,554
2009-06,ASN00070112,-34.7226,149.1816,576
2009-06,ASN00070117,-34.7169,149.1207,470
2009-06,ASN00070124,-34.3024,149.8767,758
2009-06,ASN00070131,-34.545,149.6245,526
2009-06,ASN00070143,-34.6389,149.9541,277
2009-06,ASN00070144,-34.4084,149.8836,398
2009-06,ASN00070147,-34.5604,149.7381,272
2009-06,ASN00070080,-34.4048,149.8197,427
2009-06,ASN00070161,-36.425,149.1139,296
2009-06,ASN00070214,-35.6311,149.5,490
2009-06,ASN00070217,-36.2939,148.9725,136
2009-06,ASN00070231,-35.3266,149.0492,397
2009-06,ASN00070237,-36.5902,149.3824,472
2009-06,ASN00070242,-35.2572,149.0742,340
2009-06,ASN00070246,-35.3098,149.1269,460
2009-06,ASN00070247,-35.2776,149.1095,285
2009-06,ASN00070263,-34.7495,149.7034,304
2009-06,ASN00058113,-28.4738,153.0861,1702
2009-06,ASN00070165,-36.3541,149.198,192
2009-06,ASN00070077,-34.9031,149.67,256
2009-06,ASN00070071,-34.6514,149.5024,356
2009-06,ASN00070061,-35.5646,149.7406,420
2009-06,ASN00069127,-35.6864,149.8386,388
2009-06,ASN00069132,-35.4253,149.7835,268
2009-06,ASN00069133,-36.6631,149.5139,138
2009-06,ASN00069134,-35.7234,150.1872,789
2009-06,ASN00069137,-37.2622,150.0504,1078
2009-06,ASN00069138,-35.3635,150.4827,770
2009-06,ASN00069139,-36.6722,149.8191,480
2009-06,ASN00069140,-36.4948,149.7434,434
2009-06,ASN00069142,-35.924,150.0362,928
2009-06,ASN00069145,-35.9775,149.8611,490
2009-06,ASN00069147,-36.9077,149.8989,706
2009-06,ASN00069148,-35.9004,150.1437,824
2009-06,ASN00069150,-35.3785,150.0032,440
2009-06,ASN00070005,-36.9113,149.2379,410
2009-06,ASN00070016,-35.5889,149.4478,292
2009-06,ASN00070025,-34.4578,149.4693,380
2009-06,ASN00070032,-35.2274,148.9139,542
2009-06,ASN00070043,-34.7823,149.2681,258
2009-06,ASN00070045,-35.1548,149.057,446
2009-06,ASN00070054,-36.2009,149.0602,192
2009-06,ASN00070060,-35.1559,149.7725,234
2009-06,ASN00068200,-34.2075,150.7095,430
2009-06,ASN00063290,-33.4983,150.5215,558
2009-06,ASN00068192,-34.0391,150.689,332
2009-06,ASN00068151,-35.0936,150.8049,1574
2009-06,ASN00065022,-33.1628,148.5879,770
2009-06,ASN00065023,-33.0866,148.8598,800
2009-06,ASN00065030,-32.5192,148.5187,700
2009-06,ASN00065034,-32.5635,148.9503,693
2009-06,ASN00065041,-33.0956,148.8692,712
2009-06,ASN00065051,-32.9283,148.7547,858
2009-06,ASN00065068,-33.1281,148.2428,944
2009-06,ASN00065070,-32.2206,148.5753,674
2009-06,ASN00065084,-33.3711,148.5917,802
2009-06,ASN00065020,-33.183,148.6941,724
2009-06,ASN00065096,-33.2682,148.3945,1017
2009-06,ASN00065099,-32.3778,148.8741,630
2009-06,ASN00065103,-33.3627,147.9205,770
2009-06,ASN00065106,-32.0358,148.6552,850
2009-06,ASN00065111,-33.8449,148.6497,548
2009-06,ASN00065112,-33.4818,148.2608,592
2009-06,ASN00066011,-33.8,151.2,900
2009-06,ASN00066013,-33.8523,151.0985,664
2009-06,ASN00066034,-33.8507,151.1295,817
2009-06,ASN00066036,-33.9186,151.1402,750
2009-06,ASN00065098,-32.6833,148.9167,52
2009-06,ASN00066037,-33.9465,151.1731,792
2009-06,ASN00065019,-33.6146,148.435,610
2009-06,ASN00065010,-33.2869,148.7396,668
2009-06,ASN00063292,-33.6185,150.2741,518
2009-06,ASN00063293,-33.74,149.8822,210
2009-06,ASN00063295,-33.6297,150.2803,480
2009-06,ASN00063297,-33.5728,149.9128,250
2009-06,ASN00063298,-33.6144,149.6981,270
2009-06,ASN00063302,-33.8275,149.6033,430
2009-06,ASN00063303,-33.3813,149.127,856
2009-06,ASN00063304,-33.7181,149.5106,480
2009-06,ASN00064008,-31.2712,149.2714,456
2009-06,ASN00065013,-33.4278,148.3721,310
2009-06,ASN00064009,-32.0159,149.3964,388
2009-06,ASN00064015,-31.8227,149.1217,440
2009-06,ASN00064017,-31.3304,149.2699,530
2009-06,ASN00064024,-31.5622,148.9547,596
2009-06,ASN00064025,-31.8231,149.72,692
2009-06,ASN00064027,-31.3125,149.2048,548
2009-06,ASN00064029,-32.0156,149.3925,304
2009-06,ASN00064050,-31.646,149.6209,570
2009-06,ASN00064054,-31.7914,149.6705,566
2009-06,ASN00065000,-32.4975,148.7488,726
2009-06,ASN00064010,-32.1141,149.0365,562
2009-06,ASN00066048,-33.8483,151.1105,710
2009-06,ASN00066052,-33.9096,151.2419,1318
2009-06,ASN00066058,-33.9942,151.1292,830
2009-06,ASN00067105,-33.6004,150.7761,296
2009-06,ASN00067108,-33.8969,150.7281,180
2009-06,ASN00067109,-33.7678,150.9814,530
2009-06,ASN00067110,-33.7858,150.9236,395
2009-06,ASN00067111,-33.7931,151.0167,465
2009-06,ASN00067112,-33.7672,151.0186,715
2009-06,ASN00067113,-33.7195,150.6783,288
2009-06,ASN00067114,-33.8667,150.8611,430
2009-06,ASN00067119,-33.8511,150.8567,522
2009-06,ASN00067104,-33.6617,150.9,390
2009-06,ASN00068000,-34.5712,150.7761,727
2009-06,ASN00068024,-34.2272,150.9111,966
2009-06,ASN00068035,-34.6642,150.7586,550
2009-06,ASN00068044,-34.4474,150.4568,426
2009-06,ASN00068072,-34.9469,150.5353,220
2009-06,ASN00068080,-34.9158,150.7312,748
2009-06,ASN00068083,-34.9282,150.7484,914
2009-06,ASN00068088,-35.0938,150.6228,506
2009-06,ASN00068110,-34.4829,150.8555,892
2009-06,ASN00068125,-34.0904,150.5052,408
2009-06,ASN00068007,-34.0254,150.6455,262
2009-06,ASN00067094,-33.4383,150.8917,428
2009-06,ASN00067033,-33.6022,150.7794,290
2009-06,ASN00067027,-33.8902,150.5934,287
2009-06,ASN00066059,-33.6908,151.2253,270
2009-06,ASN00066073,-33.9105,151.2276,1316
2009-06,ASN00066078,-34.0517,150.98,754
2009-06,ASN00066080,-33.7809,151.2044,1020
2009-06,ASN00066098,-33.8809,151.2658,1158
2009-06,ASN00066124,-33.7917,151.0181,544
2009-06,ASN00066128,-33.5965,151.3221,1126
2009-06,ASN00066137,-33.9181,150.9864,574
2009-06,ASN00066142,-33.6761,151.1818,896
2009-06,ASN00066148,-33.97,151.0638,540
2009-06,ASN00066156,-33.7791,151.1121,924
2009-06,ASN00066176,-34.0658,151.0567,1090
2009-06,ASN00066188,-33.7402,151.2173,1152
2009-06,ASN00066194,-33.9057,151.1134,696
2009-06,ASN00066204,-34.0009,151.0738,712
2009-06,ASN00067002,-33.6667,150.6696,328
2009-06,ASN00067017,-33.8136,150.9392,184
2009-06,ASN00067019,-33.8193,150.9127,526
2009-06,ASN00067021,-33.6165,150.7477,115
2009-06,ASN00067023,-33.4972,151.0931,528
2009-06,ASN00067026,-33.7704,150.9318,416
2009-06,ASN00068181,-34.7275,150.5208,250
2009-06,ASN00070261,-35.6904,149.5869,380
2009-06,ASN00041056,-28.3344,152.2953,370
2009-06,ASN00058099,-29.2822,152.9888,1328
2009-06,ASN00043106,-26.5089,148.1314,330
2009-06,ASN00043108,-25.96,148.3867,426
2009-06,ASN00043109,-28.0489,148.5942,222
2009-06,ASN00043112,-26.7997,148.5989,370
2009-06,ASN00044010,-28.0336,147.4803,655
2009-06,ASN00044021,-26.4139,146.2558,588
2009-06,ASN00044026,-28.0706,145.6808,411
2009-06,ASN00044029,-26.8583,146.0278,1190
2009-06,ASN00044038,-27.02,147.1536,732
2009-06,ASN00043105,-26.4083,148.7833,0
2009-06,ASN00044040,-26.1108,144.8728,276
2009-06,ASN00044044,-26.3453,147.1258,270
2009-06,ASN00044045,-27.4133,147.4314,704
2009-06,ASN00044047,-26.44,147.6942,210
2009-06,ASN00044050,-26.4156,147.1131,298
2009-06,ASN00044054,-28.8061,147.1194,850
2009-06,ASN00044056,-26.4458,147.5453,376
2009-06,ASN00044057,-25.4992,146.5442,244
2009-06,ASN00044070,-26.375,147.0394,146
2009-06,ASN00044075,-27.265,148.0814,414
2009-06,ASN00044041,-25.9719,146.6189,556
2009-06,ASN00044111,-25.8517,146.1894,314
2009-06,ASN00043102,-26.49,147.9792,200
2009-06,ASN00043099,-26.82,148.0244,266
2009-06,ASN00042100,-27.7644,150.0694,344
2009-06,ASN00042104,-28.3839,149.6747,136
2009-06,ASN00042112,-26.6569,150.1819,398
2009-06,ASN00042115,-28.0697,149.9794,340
2009-06,ASN00042116,-28.23,149.5617,132
2009-06,ASN00043015,-25.8428,148.5669,538
2009-06,ASN00043020,-26.4888,147.9777,254
2009-06,ASN00043035,-27.159,149.0703,494
2009-06,ASN00043037,-26.2094,149.0894,620
2009-06,ASN00043101,-27.3117,148.8267,220
2009-06,ASN00043043,-26.6133,149.3878,146
2009-06,ASN00043051,-26.2625,149.2389,438
2009-06,ASN00043052,-27.0006,149.4969,332
2009-06,ASN00043060,-26.0756,147.9044,302
2009-06,ASN00043061,-25.9847,148.5567,780
2009-06,ASN00043065,-27.7683,148.7147,360
2009-06,ASN00043080,-27.2275,148.7411,370
2009-06,ASN00043091,-26.5442,148.7778,490
2009-06,ASN00043093,-26.6064,148.5372,460
2009-06,ASN00043095,-27.3867,149.3878,210
2009-06,ASN00043045,-28.0944,148.9731,218
2009-06,ASN00044137,-27.8717,148.0344,294
2009-06,ASN00044142,-27.6844,147.6981,338
2009-06,ASN00044153,-28.1631,145.0431,264
2009-06,ASN00047016,-34.0398,141.2652,510
2009-06,ASN00047019,-32.3937,142.4173,271
2009-06,ASN00047022,-32.4757,143.9409,420
2009-06,ASN00047029,-33.3856,142.5696,345
2009-06,ASN00047033,-33.4268,142.5719,372
2009-06,ASN00047040,-33.9297,142.3572,446
2009-06,ASN00047046,-33.2552,141.7984,378
2009-06,ASN00047048,-32.0012,141.4694,198
2009-06,ASN00047049,-32.0682,141.1097,150
2009-06,ASN00047013,-32.9669,143.1071,418
2009-06,ASN00047053,-34.1065,141.9189,378
2009-06,ASN00047078,-33.2714,141.5962,342
2009-06,ASN00047093,-33.7492,142.2205,400
2009-06,ASN00047104,-32.804,141.5096,316
2009-06,ASN00047106,-32.9703,142.3855,350
2009-06,ASN00047107,-34.3206,142.3645,156
2009-06,ASN00048015,-29.9614,146.8651,614
2009-06,ASN00048025,-29.3513,146.8126,706
2009-06,ASN00048027,-31.484,145.8294,884
2009-06,ASN00048031,-29.5407,148.5818,178
2009-06,ASN00047056,-32.419,141.5525,260
2009-06,ASN00046129,-30.8517,143.0742,196
2009-06,ASN00046128,-31.0867,141.7017,196
2009-06,ASN00046126,-29.4448,142.0567,74
2009-06,ASN00044154,-28.3875,148.3111,176
2009-06,ASN00044174,-27.62,145.8281,852
2009-06,ASN00044181,-28.9972,144.4094,170
2009-06,ASN00044194,-28.3544,148.8217,188
2009-06,ASN00044208,-26.1394,145.6639,366
2009-06,ASN00044211,-25.3353,147.3,234
2009-06,ASN00044223,-25.4536,147.3031,340
2009-06,ASN00045003,-26.9011,144.3386,470
2009-06,ASN00045007,-26.1133,144.1333,620
2009-06,ASN00045009,-27.4008,141.8114,8
2009-06,ASN00045015,-26.6125,144.2578,537
2009-06,ASN00045025,-27.9867,143.815,52
2009-06,ASN00045029,-28.0722,141.5317,0
2009-06,ASN00046002,-29.7656,143.1142,214
2009-06,ASN00046006,-29.0885,141.2033,8
2009-06,ASN00046012,-31.5194,143.385,364
2009-06,ASN00046015,-31.4459,142.1352,208
2009-06,ASN00046022,-31.4469,143.6548,222
2009-06,ASN00046043,-31.5631,143.3747,354
2009-06,ASN00046052,-29.4089,143.3808,212
2009-06,ASN00046124,-29.8718,142.434,140
2009-06,ASN00042078,-26.9186,150.4722,370
2009-06,ASN00048047,-29.1509,148.6252,228
2009-06,ASN00042035,-26.6439,149.6278,302
2009-06,ASN00042025,-26.5519,150.6322,430
2009-06,ASN00041175,-28.6217,151.9533,330
2009-06,ASN00041182,-27.1667,151.5697,362
2009-06,ASN00041191,-27.2627,151.3747,299
2009-06,ASN00041208,-28.3542,152.3392,480
2009-06,ASN00041229,-28.0775,152.2625,260
2009-06,ASN00041230,-28.7208,151.1825,328
2009-06,ASN00041240,-27.1858,151.1419,526
2009-06,ASN00041250,-27.7894,151.4133,354
2009-06,ASN00041276,-27.9292,152.1606,312
2009-06,ASN00041170,-27.5433,151.6383,276
2009-06,ASN00041277,-26.7675,151.2075,542
2009-06,ASN00041323,-28.0187,152.2861,620
2009-06,ASN00041338,-28.8,151.8433,256
2009-06,ASN00041339,-27.2131,151.1856,510
2009-06,ASN00041344,-28.2075,151.5608,368
2009-06,ASN00041348,-28.1667,150.6444,398
2009-06,ASN00041359,-27.4034,151.7413,340
2009-06,ASN00041365,-28.6514,151.6336,308
2009-06,ASN00041369,-27.5233,151.8819,372
2009-06,ASN00041370,-28.1236,150.5431,335
2009-06,ASN00041314,-27.7578,151.4483,308
2009-06,ASN00041371,-28.4572,151.6817,392
2009-06,ASN00041166,-27.6764,151.6022,188
2009-06,ASN00041152,-27.9753,150.9225,0
2009-06,ASN00041053,-27.3675,151.5897,338
2009-06,ASN00070269,-34.6653,149.9888,408
2009-06,ASN00041072,-27.4831,151.6003,248
2009-06,ASN00041082,-27.7156,151.6333,292
2009-06,ASN00041083,-28.0694,151.7797,240
2009-06,ASN00041085,-28.3253,152.3942,930
2009-06,ASN00041086,-26.6653,151.3969,634
2009-06,ASN00041090,-26.5392,151.1347,286
2009-06,ASN00041091,-26.8086,151.0806,400
2009-06,ASN00041162,-28.2694,150.8106,408
2009-06,ASN00041095,-28.6617,151.9339,495
2009-06,ASN00041098,-28.2858,152.2425,380
2009-06,ASN00041100,-28.8544,151.1681,300
2009-06,ASN00041106,-27.9651,152.0752,292
2009-06,ASN00041112,-28.4033,150.0517,390
2009-06,ASN00041116,-28.9231,151.9306,189
2009-06,ASN00041120,-28.1897,152.2064,384
2009-06,ASN00041128,-28.4997,150.5928,426
2009-06,ASN00041134,-28.3128,152.4025,960
2009-06,ASN00041145,-26.8397,151.165,456
2009-06,ASN00041096,-27.5094,151.9547,476
2009-06,ASN00041388,-28.055,151.3297,362
2009-06,ASN00041391,-28.3611,151.1464,230
2009-06,ASN00041397,-28.1422,150.1319,360
2009-06,ASN00041528,-27.0481,151.6314,648
2009-06,ASN00041529,-27.5425,151.9134,252
2009-06,ASN00041530,-28.2006,152.2156,300
2009-06,ASN00041531,-28.1167,152.0642,240
2009-06,ASN00041532,-28.3558,151.9967,270
2009-06,ASN00041533,-28.2292,152.2269,190
2009-06,ASN00041534,-28.2111,152.0275,340
2009-06,ASN00041535,-28.3731,152.14,300
2009-06,ASN00041536,-28.2883,152.1053,330
2009-06,ASN00041525,-28.2061,152.1003,152
2009-06,ASN00041537,-28.3394,152.2944,250
2009-06,ASN00041543,-28.0719,151.1861,338
2009-06,ASN00041545,-27.6539,150.9136,588
2009-06,ASN00041547,-28.9236,151.9289,454
2009-06,ASN00041548,-28.8675,151.1611,0
2009-06,ASN00041551,-26.9669,151.4847,570
2009-06,ASN00042002,-27.2067,150.2828,386
2009-06,ASN00042016,-27.3411,150.0619,398
2009-06,ASN00042022,-27.3236,149.8828,132
2009-06,ASN00042023,-26.6581,150.1844,432
2009-06,ASN00041540,-29.1694,151.3414,232
2009-06,ASN00041522,-27.1605,151.2634,344
2009-06,ASN00041519,-28.5767,150.845,150
2009-06,ASN00041512,-27.3825,151.9244,440
2009-06,ASN00041404,-27.9592,151.6664,352
2009-06,ASN00041405,-27.7952,151.7387,264
2009-06,ASN00041415,-28.2367,151.5347,366
2009-06,ASN00041445,-28.2144,151.9194,326
2009-06,ASN00041456,-28.0621,152.3675,892
2009-06,ASN00041457,-28.4225,151.2131,266
2009-06,ASN00041464,-28.1553,152.33,502
2009-06,ASN00041469,-27.0289,151.0947,410
2009-06,ASN00041473,-28.1022,151.8119,452
2009-06,ASN00041486,-26.9575,150.8633,646
2009-06,ASN00041489,-28.3011,150.2936,328
2009-06,ASN00041490,-26.9,150.7833,510
2009-06,ASN00041493,-27.4967,150.4539,392
2009-06,ASN00041495,-28.4828,151.2831,160
2009-06,ASN00041503,-28.2167,152.05,300
2009-06,ASN00041504,-27.7358,151.4117,270
2009-06,ASN00041506,-28.6561,150.6653,314
2009-06,ASN00041507,-28.6656,150.445,252
2009-06,ASN00041508,-27.7267,150.6453,380
2009-06,ASN00041509,-27.6783,150.3483,431
2009-06,ASN00041510,-27.4722,151.9481,458
2009-06,ASN00042034,-27.1689,150.0019,428
2009-06,ASN00048079,-29.7029,144.1482,290
2009-06,ASN00048115,-31.424,145.2539,736
2009-06,ASN00048168,-29.1173,147.8993,310
2009-06,ASN00056001,-29.7183,151.355,278
2009-06,ASN00056008,-29.4421,151.8483,110
2009-06,ASN00056010,-30.9406,151.7078,586
2009-06,ASN00056013,-29.6953,151.6936,405
2009-06,ASN00056018,-29.7752,151.0819,302
2009-06,ASN00056023,-28.3933,152.4157,550
2009-06,ASN00056028,-30.7338,151.5105,582
2009-06,ASN00056032,-29.0479,152.0172,402
2009-06,ASN00056034,-30.6437,151.4906,523
2009-06,ASN00055335,-31.5347,151.1806,758
2009-06,ASN00056037,-30.5264,151.6697,502
2009-06,ASN00056057,-30.0867,151.3909,496
2009-06,ASN00056077,-31.0678,151.5022,578
2009-06,ASN00056094,-29.5488,151.9942,490
2009-06,ASN00056098,-29.5817,151.9483,428
2009-06,ASN00056100,-29.6315,151.5561,366
2009-06,ASN00056111,-29.7799,151.3503,302
2009-06,ASN00056141,-28.8867,152.1144,706
2009-06,ASN00056161,-30.1575,151.8774,162
2009-06,ASN00056176,-30.1369,151.2581,440
2009-06,ASN00056052,-29.0988,151.7416,290
2009-06,ASN00056202,-28.9776,152.1552,322
2009-06,ASN00055331,-30.7299,150.5784,458
2009-06,ASN00055322,-31.3908,151.4019,812
2009-06,ASN00055122,-30.8415,150.9097,476
2009-06,ASN00055136,-30.9672,151.3451,454
2009-06,ASN00055157,-31.0853,150.658,442
2009-06,ASN00055164,-31.1805,151.3031,450
2009-06,ASN00055176,-31.2573,151.0842,456
2009-06,ASN00055181,-31.2547,151.1208,430
2009-06,ASN00055183,-31.2962,150.8606,406
2009-06,ASN00055190,-31.3658,150.8357,452
2009-06,ASN00055202,-30.9537,150.2494,430
2009-06,ASN00055325,-31.0742,150.8362,464
2009-06,ASN00055220,-30.9585,150.1505,392
2009-06,ASN00055257,-31.2208,150.8213,572
2009-06,ASN00055262,-31.3505,151.3177,444
2009-06,ASN00055276,-30.8828,150.4928,510
2009-06,ASN00055282,-31.4753,150.5439,462
2009-06,ASN00055303,-30.8098,150.7524,406
2009-06,ASN00055309,-31.1472,151.2306,584
2009-06,ASN00055311,-31.2171,150.8185,544
2009-06,ASN00055313,-31.2717,150.9167,502
2009-06,ASN00055319,-30.6126,150.5862,448
2009-06,ASN00055254,-30.7902,150.629,466
2009-06,ASN00056205,-29.8995,151.965,556
2009-06,ASN00056207,-28.5417,151.9909,456
2009-06,ASN00056229,-30.2126,151.6787,536
2009-06,ASN00057125,-30.3969,152.358,1160
2009-06,ASN00058005,-28.3981,153.1731,460
2009-06,ASN00058007,-28.6369,153.588,2910
2009-06,ASN00058012,-29.4333,153.3633,1810
2009-06,ASN00058019,-28.5314,153.3151,2076
2009-06,ASN00058020,-28.2886,153.3651,1978
2009-06,ASN00058023,-28.7908,153.3958,2051
2009-06,ASN00058027,-29.4227,153.2533,2176
2009-06,ASN00058036,-28.31,153.2228,1690
2009-06,ASN00057124,-30.4833,152.398,1366
2009-06,ASN00058040,-28.5451,153.4948,2318
2009-06,ASN00058045,-29.9691,152.7265,950
2009-06,ASN00058056,-28.2025,153.5502,2566
2009-06,ASN00058059,-29.6309,153.0286,2210
2009-06,ASN00058068,-29.4133,153.0153,58
2009-06,ASN00058070,-28.6384,153.4128,2280
2009-06,ASN00058077,-29.6224,152.9605,1768
2009-06,ASN00058079,-29.7619,153.1047,614
2009-06,ASN00058080,-29.87,153.2653,2142
2009-06,ASN00058097,-29.1514,153.2792,2126
2009-06,ASN00058044,-28.5966,153.2233,1578
2009-06,ASN00057123,-29.7603,152.2057,554
2009-06,ASN00057119,-30.889,151.8547,838
2009-06,ASN00057114,-29.1967,152.595,922
2009-06,ASN00056234,-30.9874,151.5855,580
2009-06,ASN00056236,-31.0109,151.6246,622
2009-06,ASN00056237,-29.8025,151.2726,294
2009-06,ASN00056238,-30.5273,151.6158,600
2009-06,ASN00056239,-28.7014,152.0974,760
2009-06,ASN00056240,-30.3358,151.7367,340
2009-06,ASN00056242,-29.7796,151.1121,344
2009-06,ASN00056243,-29.678,151.694,424
2009-06,ASN00057003,-28.737,152.6228,556
2009-06,ASN00057005,-28.9279,152.3759,851
2009-06,ASN00057014,-29.5577,152.1388,686
2009-06,ASN00057018,-28.8914,152.5663,476
2009-06,ASN00057023,-30.2892,152.1701,530
2009-06,ASN00057024,-28.3879,152.6083,618
2009-06,ASN00057028,-30.5644,151.907,522
2009-06,ASN00057035,-31.1333,152.1253,480
2009-06,ASN00057091,-30.7167,151.8531,800
2009-06,ASN00057093,-29.5101,152.4897,1310
2009-06,ASN00057095,-28.7551,152.4507,826
2009-06,ASN00057103,-30.0093,152.0101,480
2009-06,ASN00057104,-31.2739,151.9655,506
2009-06,ASN00055105,-30.7967,150.8647,626
2009-06,ASN00055066,-31.6218,150.8437,706
2009-06,ASN00055065,-31.166,150.5441,594
2009-06,ASN00055057,-31.7731,150.2856,512
2009-06,ASN00050117,-32.8952,148.2811,190
2009-06,ASN00050119,-32.9365,148.2452,846
2009-06,ASN00050137,-33.0682,147.2133,588
2009-06,ASN00050139,-32.5613,148.3353,818
2009-06,ASN00050141,-33.055,147.4427,526
2009-06,ASN00051008,-32.4581,148.1491,700
2009-06,ASN00051018,-31.7055,148.6625,680
2009-06,ASN00051026,-31.5629,146.7181,624
2009-06,ASN00051033,-31.8576,147.1343,688
2009-06,ASN00050110,-32.6358,148.058,737
2009-06,ASN00051034,-31.4986,147.6865,620
2009-06,ASN00051049,-31.9861,147.9489,718
2009-06,ASN00051057,-30.6998,147.2232,362
2009-06,ASN00051066,-31.9478,148.62,829
2009-06,ASN00051122,-31.5558,148.5981,588
2009-06,ASN00051133,-31.2294,148.8861,730
2009-06,ASN00051160,-31.7069,148.6358,102
2009-06,ASN00051161,-30.9776,148.3798,722
2009-06,ASN00052016,-30.6088,148.972,340
2009-06,ASN00052020,-28.9786,148.9899,140
2009-06,ASN00051042,-30.9252,147.869,697
2009-06,ASN00050108,-32.5724,147.2162,782
2009-06,ASN00050052,-33.0664,147.2283,525
2009-06,ASN00050045,-33.8486,146.8261,1022
2009-06,ASN00048237,-31.5389,145.7964,792
2009-06,ASN00048238,-30.1749,146.9724,391
2009-06,ASN00048243,-29.431,147.9722,291
2009-06,ASN00048245,-30.0362,145.9521,408
2009-06,ASN00049000,-32.8831,144.3088,72
2009-06,ASN00049002,-34.6398,143.561,572
2009-06,ASN00049023,-34.4523,142.9109,670
2009-06,ASN00049055,-34.1953,143.7916,477
2009-06,ASN00049061,-32.3884,144.7456,644
2009-06,ASN00049063,-33.052,144.1444,450
2009-06,ASN00049092,-33.6959,144.2757,444
2009-06,ASN00049103,-32.1698,144.2007,260
2009-06,ASN00049105,-32.5187,146.2819,756
2009-06,ASN00049132,-33.1898,145.3067,505
2009-06,ASN00049133,-33.516,144.7651,582
2009-06,ASN00050010,-33.5159,147.2541,732
2009-06,ASN00050014,-33.0818,147.1524,640
2009-06,ASN00050017,-33.9382,147.1962,944
2009-06,ASN00050031,-32.7235,148.1902,690
2009-06,ASN00050035,-32.2435,147.3545,524
2009-06,ASN00050037,-32.6309,147.5659,920
2009-06,ASN00052023,-30.3515,148.8843,285
2009-06,ASN00058102,-29.737,152.7852,1004
2009-06,ASN00052067,-29.8136,148.9104,140
2009-06,ASN00053002,-30.9469,149.0654,90
2009-06,ASN00054102,-30.3735,150.6723,550
2009-06,ASN00054104,-29.3899,151.2448,327
2009-06,ASN00054114,-30.0977,151.0089,470
2009-06,ASN00054117,-30.2244,150.723,460
2009-06,ASN00054124,-29.2743,150.2658,144
2009-06,ASN00054125,-30.1312,150.1462,304
2009-06,ASN00054128,-29.8866,150.8951,352
2009-06,ASN00054141,-29.5833,150.37,185
2009-06,ASN00054146,-29.2333,151.3833,360
2009-06,ASN00054082,-29.6382,151.4055,332
2009-06,ASN00054149,-30.1872,149.8642,248
2009-06,ASN00055000,-30.9113,150.8579,362
2009-06,ASN00055002,-31.2342,149.8345,415
2009-06,ASN00055006,-31.6405,150.2356,540
2009-06,ASN00055007,-30.7056,150.0458,328
2009-06,ASN00055016,-30.9963,151.2292,471
2009-06,ASN00055041,-31.4605,151.1275,138
2009-06,ASN00055046,-31.5271,150.4296,234
2009-06,ASN00055049,-31.5086,150.6792,526
2009-06,ASN00055053,-31.346,149.8285,585
2009-06,ASN00054160,-29.1199,151.2942,330
2009-06,ASN00054078,-29.6754,151.1527,264
2009-06,ASN00054076,-29.64,151.4297,418
2009-06,ASN00054074,-29.6613,151.0196,270
2009-06,ASN00053003,-29.9182,149.7919,16
2009-06,ASN00053018,-28.9917,150.017,136
2009-06,ASN00053033,-29.4748,150.1359,240
2009-06,ASN00053034,-30.1187,149.3232,162
2009-06,ASN00053035,-29.8401,149.3207,102
2009-06,ASN00053041,-28.8697,150.0903,88
2009-06,ASN00053044,-30.2257,149.4452,196
2009-06,ASN00053073,-30.7632,149.0008,274
2009-06,ASN00053081,-30.8043,149.1246,320
2009-06,ASN00053085,-28.9665,149.6721,116
2009-06,ASN00053115,-29.4914,149.8458,190
2009-06,ASN00054003,-30.3781,150.6096,623
2009-06,ASN00054004,-29.8673,150.5715,214
2009-06,ASN00054013,-29.654,150.8291,188
2009-06,ASN00054023,-30.2948,150.8103,620
2009-06,ASN00054027,-29.5581,150.8871,184
2009-06,ASN00054029,-29.5416,150.5754,211
2009-06,ASN00054038,-30.3154,149.8302,192
2009-06,ASN00054046,-29.3992,151.4107,260
2009-06,ASN00054049,-29.405,150.9012,378
2009-06,ASN00054073,-29.6448,151.2362,342
2009-06,ASN00052088,-30.0372,148.1223,418
2009-06,ASN00070278,-36.2318,149.1243,172
2009-06,ASN00085303,-37.5325,147.0053,318
2009-06,ASN00070307,-35.2459,149.1068,439
2009-06,ASN00089034,-37.5483,142.7393,422
2009-06,ASN00089043,-37.3909,141.9194,530
2009-06,ASN00089048,-37.517,143.9275,590
2009-06,ASN00089068,-37.9324,143.7864,272
2009-06,ASN00089074,-37.9477,143.2222,492
2009-06,ASN00089084,-37.9333,143.8667,112
2009-06,ASN00089085,-37.2775,142.9811,596
2009-06,ASN00089103,-37.9708,143.2189,482
2009-06,ASN00089106,-37.4152,143.6718,766
2009-06,ASN00089033,-37.6901,142.7253,390
2009-06,ASN00089107,-37.3494,143.2956,716
2009-06,ASN00089111,-37.5174,143.7791,648
2009-06,ASN00089112,-37.7067,142.9378,472
2009-06,ASN00090001,-38.7481,143.6635,800
2009-06,ASN00090005,-38.1954,143.6399,575
2009-06,ASN00090008,-38.3372,143.7844,320
2009-06,ASN00090010,-37.8595,141.7708,462
2009-06,ASN00090013,-38.3215,141.406,714
2009-06,ASN00090015,-38.8556,143.5128,894
2009-06,ASN00090021,-38.3291,143.0779,300
2009-06,ASN00089109,-37.3598,143.1961,516
2009-06,ASN00090022,-38.2798,143.6613,530
2009-06,ASN00089025,-37.6854,143.3654,322
2009-06,ASN00089019,-37.4043,142.3843,554
2009-06,ASN00088108,-37.1566,144.2079,442
2009-06,ASN00088109,-36.8886,145.1859,376
2009-06,ASN00088110,-37.0809,144.2392,512
2009-06,ASN00088113,-37.3387,143.9861,516
2009-06,ASN00088119,-37.3167,145.7167,702
2009-06,ASN00088121,-37.1425,144.9264,524
2009-06,ASN00088123,-37.25,144.4378,666
2009-06,ASN00088126,-37.0213,145.1091,434
2009-06,ASN00088130,-37.4234,145.7085,800
2009-06,ASN00089022,-37.6472,142.2309,472
2009-06,ASN00088137,-37.1644,143.5532,534
2009-06,ASN00088162,-37.3807,144.9654,488
2009-06,ASN00088164,-37.2091,145.8423,554
2009-06,ASN00089002,-37.5127,143.7911,582
2009-06,ASN00089003,-37.2472,141.8415,380
2009-06,ASN00089009,-37.5267,142.0414,304
2009-06,ASN00089010,-38.0297,143.6331,384
2009-06,ASN00089011,-37.6467,142.3419,200
2009-06,ASN00089016,-37.711,142.8395,400
2009-06,ASN00089018,-37.9543,143.3437,408
2009-06,ASN00088138,-37.2348,144.9962,492
2009-06,ASN00090024,-37.6044,141.6853,282
2009-06,ASN00090026,-37.3443,141.6861,470
2009-06,ASN00090033,-37.3563,141.2103,471
2009-06,ASN00090183,-38.6286,143.7306,816
2009-06,ASN00090184,-38.4306,141.5437,760
2009-06,ASN00090185,-38.5497,143.8594,774
2009-06,ASN00090186,-38.2867,142.4522,652
2009-06,ASN00090187,-38.4115,143.9771,668
2009-06,ASN00090188,-38.4831,143.9142,682
2009-06,ASN00091000,-41.5211,146.7158,610
2009-06,ASN00091001,-41.2025,146.8156,718
2009-06,ASN00091011,-40.6842,144.7181,895
2009-06,ASN00090182,-37.583,141.3339,458
2009-06,ASN00091019,-41.8142,147.0922,1052
2009-06,ASN00091032,-41.7244,147.3208,746
2009-06,ASN00091034,-40.8842,145.2161,844
2009-06,ASN00091039,-41.1839,146.4817,720
2009-06,ASN00091041,-41.2383,146.9953,730
2009-06,ASN00091053,-41.25,147.2169,516
2009-06,ASN00091055,-41.5406,146.1364,1204
2009-06,ASN00091060,-40.905,145.3492,908
2009-06,ASN00091072,-41.4678,147.1628,702
2009-06,ASN00091077,-41.575,147.4508,746
2009-06,ASN00091029,-41.4978,146.535,1084
2009-06,ASN00090181,-38.241,143.1393,216
2009-06,ASN00090180,-38.4583,144.0883,440
2009-06,ASN00090176,-38.0737,142.7744,356
2009-06,ASN00090035,-38.2333,143.7925,448
2009-06,ASN00090036,-37.9695,141.3077,784
2009-06,ASN00090045,-38.1059,142.3216,364
2009-06,ASN00090055,-38.0339,141.9998,310
2009-06,ASN00090060,-38.4699,142.7502,840
2009-06,ASN00090061,-38.421,143.8348,504
2009-06,ASN00090062,-37.8824,142.4235,406
2009-06,ASN00090063,-37.875,142.2895,462
2009-06,ASN00090067,-38.6196,142.9944,908
2009-06,ASN00090070,-38.3846,141.6074,44
2009-06,ASN00090076,-38.6771,143.6826,918
2009-06,ASN00090077,-38.2362,142.9166,510
2009-06,ASN00090093,-38.7553,143.5103,918
2009-06,ASN00090105,-37.7417,141.0657,763
2009-06,ASN00090147,-38.3427,143.5848,340
2009-06,ASN00090153,-38.255,143.1256,230
2009-06,ASN00090165,-38.5582,143.1663,856
2009-06,ASN00090167,-38.243,143.9887,363
2009-06,ASN00090171,-38.3148,141.4705,1016
2009-06,ASN00090173,-37.6486,142.0636,484
2009-06,ASN00090175,-38.3906,142.2347,1356
2009-06,ASN00088103,-37.4958,145.7475,650
2009-06,ASN00091086,-41.2439,147.7353,1038
2009-06,ASN00088067,-37.2177,145.4211,646
2009-06,ASN00088061,-37.3449,144.5365,567
2009-06,ASN00086232,-37.8303,144.9767,230
2009-06,ASN00086265,-38.3142,145.1756,507
2009-06,ASN00086281,-38.3343,145.6696,512
2009-06,ASN00086282,-37.6655,144.8321,194
2009-06,ASN00086299,-38.0222,145.3561,436
2009-06,ASN00086303,-37.8886,145.1928,540
2009-06,ASN00086305,-37.6369,144.9072,332
2009-06,ASN00086314,-38.1992,145.4933,314
2009-06,ASN00086350,-37.4187,144.977,426
2009-06,ASN00086224,-37.9785,145.2235,364
2009-06,ASN00086358,-37.8586,145.6532,700
2009-06,ASN00086364,-37.6594,145.4457,371
2009-06,ASN00086369,-37.9535,145.1655,318
2009-06,ASN00086373,-38.4612,145.3101,330
2009-06,ASN00086374,-37.4652,145.2637,352
2009-06,ASN00086377,-37.4225,145.0752,484
2009-06,ASN00086379,-37.7917,145.2433,639
2009-06,ASN00086383,-37.7239,145.4094,496
2009-06,ASN00086393,-38.4617,144.9019,486
2009-06,ASN00087006,-37.6018,144.2295,370
2009-06,ASN00086361,-38.3646,145.1785,438
2009-06,ASN00087007,-37.743,144.1406,223
2009-06,ASN00086223,-38.3391,145.0288,288
2009-06,ASN00086210,-38.0651,145.1294,1
2009-06,ASN00086035,-37.7011,145.1547,496
2009-06,ASN00086038,-37.7276,144.9066,298
2009-06,ASN00086039,-37.7915,144.9067,216
2009-06,ASN00086063,-38.2656,145.5692,380
2009-06,ASN00086068,-37.7408,145.0972,622
2009-06,ASN00086074,-37.8219,145.1906,444
2009-06,ASN00086076,-37.8019,145.3675,684
2009-06,ASN00086077,-37.98,145.0964,334
2009-06,ASN00086079,-38.2358,145.0667,302
2009-06,ASN00086213,-38.3781,144.8997,356
2009-06,ASN00086088,-37.9142,145.0935,236
2009-06,ASN00086096,-37.7214,145.0059,388
2009-06,ASN00086104,-37.871,145.2561,394
2009-06,ASN00086105,-38.4282,145.0412,536
2009-06,ASN00086111,-37.9445,145.1764,362
2009-06,ASN00086117,-37.477,145.1513,410
2009-06,ASN00086119,-38.4836,145.1766,488
2009-06,ASN00086127,-38.6078,145.5965,609
2009-06,ASN00086131,-37.5552,145.1259,352
2009-06,ASN00086142,-37.572,145.5014,632
2009-06,ASN00086090,-37.7089,145.7855,748
2009-06,ASN00087014,-37.5512,143.9322,522
2009-06,ASN00087016,-37.7654,144.1048,228
2009-06,ASN00087017,-37.4701,144.3069,636
2009-06,ASN00087175,-37.2732,144.5974,540
2009-06,ASN00087176,-37.7569,144.7511,164
2009-06,ASN00087178,-38.2504,144.5104,152
2009-06,ASN00088002,-36.893,145.2316,474
2009-06,ASN00088009,-36.9886,143.9747,436
2009-06,ASN00088010,-37.2531,144.8614,800
2009-06,ASN00088015,-37.3049,143.7776,578
2009-06,ASN00088020,-37.3432,144.1575,662
2009-06,ASN00088021,-37.1995,144.0141,532
2009-06,ASN00087173,-37.294,144.7066,468
2009-06,ASN00088023,-37.2313,145.9124,656
2009-06,ASN00088031,-37.0695,145.4177,814
2009-06,ASN00088032,-37.0856,143.9977,528
2009-06,ASN00088037,-37.2535,144.3825,596
2009-06,ASN00088042,-37.1965,144.3742,634
2009-06,ASN00088043,-37.056,143.732,660
2009-06,ASN00088048,-37.105,144.0638,524
2009-06,ASN00088051,-37.0194,144.5203,500
2009-06,ASN00088056,-37.1714,143.701,566
2009-06,ASN00088060,-37.4475,145.2143,604
2009-06,ASN00088029,-36.9579,144.6935,574
2009-06,ASN00087171,-37.5223,144.4779,512
2009-06,ASN00087168,-37.9075,144.1303,208
2009-06,ASN00087162,-38.1435,144.1872,222
2009-06,ASN00087021,-37.8233,144.2078,292
2009-06,ASN00087029,-37.2698,144.723,216
2009-06,ASN00087031,-37.8565,144.7566,188
2009-06,ASN00087033,-37.991,144.4943,256
2009-06,ASN00087036,-37.4155,144.5569,376
2009-06,ASN00087040,-37.7451,144.5687,216
2009-06,ASN00087042,-37.8539,144.11,280
2009-06,ASN00087043,-37.8197,144.1492,288
2009-06,ASN00087046,-37.6719,143.94,530
2009-06,ASN00087048,-37.8958,144.4387,233
2009-06,ASN00087068,-37.645,144.0411,286
2009-06,ASN00087075,-37.4964,144.5028,490
2009-06,ASN00087095,-37.6111,144.3,230
2009-06,ASN00087113,-38.0287,144.4783,248
2009-06,ASN00087118,-37.3508,144.6067,590
2009-06,ASN00087119,-38.3687,144.0843,384
2009-06,ASN00087121,-37.6831,144.6664,204
2009-06,ASN00087124,-38.2504,144.0854,348
2009-06,ASN00087135,-38.2832,144.4784,353
2009-06,ASN00087160,-38.3404,144.3101,300
2009-06,ASN00087161,-37.6292,144.5026,216
2009-06,ASN00088064,-37.1225,144.8561,724
2009-06,ASN00091090,-41.4475,146.8744,790
2009-06,ASN00091100,-40.4472,144.84,792
2009-06,ASN00091107,-40.9972,145.7292,946
2009-06,ASN00094179,-43.0,146.928,1166
2009-06,ASN00094182,-42.5572,147.4033,1860
2009-06,ASN00094185,-43.0336,147.2128,2636
2009-06,ASN00094191,-43.2006,146.7683,2106
2009-06,ASN00094192,-43.4086,146.9567,2850
2009-06,ASN00094195,-42.4544,147.4614,1784
2009-06,ASN00094198,-43.4886,147.1444,1932
2009-06,ASN00094204,-42.6525,147.3578,1284
2009-06,ASN00094212,-42.6867,147.4258,1182
2009-06,ASN00094177,-42.7572,147.3817,928
2009-06,ASN00094213,-43.1456,147.9617,1482
2009-06,ASN00094219,-43.1547,147.0539,1308
2009-06,ASN00094220,-42.9858,147.0742,1522
2009-06,ASN00094221,-42.8514,147.6211,1274
2009-06,ASN00094222,-42.9742,147.295,1992
2009-06,ASN00094223,-42.97,147.3303,1764
2009-06,ASN00094231,-42.9639,147.2022,3118
2009-06,ASN00094232,-42.8367,147.1931,2022
2009-06,ASN00094233,-42.6933,147.2617,1160
2009-06,ASN00094236,-43.3692,147.3442,2516
2009-06,ASN00094214,-42.7033,147.1261,240
2009-06,ASN00094237,-42.9372,147.1378,1258
2009-06,ASN00094175,-42.9725,147.0342,1502
2009-06,ASN00094169,-43.0433,147.8667,2671
2009-06,ASN00094029,-42.8897,147.3278,1440
2009-06,ASN00094030,-42.8667,147.3322,1346
2009-06,ASN00094039,-43.3583,147.2342,1432
2009-06,ASN00094040,-43.1983,147.0658,1448
2009-06,ASN00094041,-43.6578,146.2711,1086
2009-06,ASN00094043,-43.2319,147.2547,1640
2009-06,ASN00094048,-42.9981,147.4056,1484
2009-06,ASN00094061,-42.9264,147.5203,1376
2009-06,ASN00094064,-42.7619,147.6197,2172
2009-06,ASN00094172,-42.6531,147.3589,1374
2009-06,ASN00094068,-43.1547,147.2386,1944
2009-06,ASN00094082,-42.8569,147.4386,1822
2009-06,ASN00094087,-42.8967,147.235,4114
2009-06,ASN00094097,-42.5436,147.5664,2332
2009-06,ASN00094111,-42.9519,147.3496,1562
2009-06,ASN00094125,-43.0239,147.255,2018
2009-06,ASN00094130,-42.7469,147.5511,1504
2009-06,ASN00094143,-42.5272,147.1236,850
2009-06,ASN00094151,-42.9742,147.1692,3184
2009-06,ASN00094155,-43.2397,148.0025,880
2009-06,ASN00094071,-43.0153,147.9117,2374
2009-06,ASN00094239,-42.9639,147.2428,3028
2009-06,ASN00095001,-42.3883,147.0061,864
2009-06,ASN00095003,-42.7097,146.8983,736
2009-06,ASN00097072,-42.155,145.2908,1034
2009-06,ASN00097080,-42.985,145.5022,1010
2009-06,ASN00097083,-43.0425,146.2722,1048
2009-06,ASN00097085,-41.8444,145.5419,1610
2009-06,ASN00097091,-42.0961,145.5456,1050
2009-06,ASN00098000,-40.0092,144.1111,1136
2009-06,ASN00098004,-39.9097,144.0986,940
2009-06,ASN00098011,-39.9283,143.8525,1032
2009-06,ASN00098017,-39.88,143.8831,1556
2009-06,ASN00097061,-42.7428,145.9811,1596
2009-06,ASN00098023,-39.9647,144.0772,1150
2009-06,ASN00099005,-40.0911,148.0024,1122
2009-06,ASN00099014,-40.0194,148.1825,1285
2009-06,ASN00099021,-40.1558,148.1853,758
2009-06,ASN00099023,-40.1883,148.1178,1720
2009-06,ASN00099025,-40.2319,148.19,1542
2009-06,ASN00109501,-32.938,116.024,3458
2009-06,ASN00109505,-33.5958,115.8186,2470
2009-06,ASN00041052,-26.6928,151.0964,594
2009-06,ASN00109507,-33.444,115.8536,2694
2009-06,ASN00099000,-40.3706,148.0231,1232
2009-06,ASN00097054,-41.8822,145.3358,1502
2009-06,ASN00097047,-41.4892,145.2083,1406
2009-06,ASN00097024,-43.0609,146.704,626
2009-06,ASN00095012,-42.4814,146.7114,776
2009-06,ASN00095016,-42.3367,146.7475,1342
2009-06,ASN00095046,-42.3811,147.0036,818
2009-06,ASN00095047,-42.3961,146.4897,690
2009-06,ASN00095048,-42.4842,146.7106,700
2009-06,ASN00095069,-42.8069,147.1144,970
2009-06,ASN00095072,-42.8033,146.9878,876
2009-06,ASN00095074,-42.7414,147.0489,1086
2009-06,ASN00095075,-42.6803,146.7756,395
2009-06,ASN00095077,-42.6894,146.7122,876
2009-06,ASN00095079,-42.8458,147.0294,662
2009-06,ASN00096002,-42.1419,146.4931,767
2009-06,ASN00096033,-41.8997,146.6694,1196
2009-06,ASN00096038,-42.0572,147.286,788
2009-06,ASN00096046,-41.9822,146.7228,990
2009-06,ASN00096069,-42.1289,146.2156,582
2009-06,ASN00096070,-42.2558,146.8753,118
2009-06,ASN00096071,-42.1178,146.1772,798
2009-06,ASN00096077,-41.5958,145.9311,1432
2009-06,ASN00097000,-42.1986,145.17,878
2009-06,ASN00097020,-42.0056,145.5419,318
2009-06,ASN00094027,-43.4144,146.8731,2403
2009-06,ASN00094025,-42.8494,147.2547,1346
2009-06,ASN00094022,-43.0431,147.4133,1240
2009-06,ASN00094020,-43.3167,147.0075,1920
2009-06,ASN00091271,-41.3959,147.3006,1018
2009-06,ASN00091286,-41.1208,146.8275,726
2009-06,ASN00091288,-41.6706,146.7278,1372
2009-06,ASN00091290,-41.6308,146.7,626
2009-06,ASN00091291,-41.3886,146.3219,1258
2009-06,ASN00091292,-40.8347,145.0847,666
2009-06,ASN00091293,-41.0556,146.7856,590
2009-06,ASN00091299,-41.2431,147.4436,568
2009-06,ASN00091304,-41.1164,145.8619,1052
2009-06,ASN00091267,-41.6494,146.6154,754
2009-06,ASN00091305,-41.3144,147.3803,1258
2009-06,ASN00091311,-41.5492,147.2144,670
2009-06,ASN00091312,-41.4406,146.1228,760
2009-06,ASN00091315,-41.51,147.0511,820
2009-06,ASN00091317,-41.5136,147.2028,546
2009-06,ASN00091321,-41.3961,145.9342,1598
2009-06,ASN00091325,-41.7292,147.2358,866
2009-06,ASN00091332,-41.3528,146.4164,990
2009-06,ASN00091340,-41.3592,147.01,842
2009-06,ASN00091341,-41.3428,146.8964,772
2009-06,ASN00091306,-41.7256,147.0794,904
2009-06,ASN00091266,-41.3972,146.4953,546
2009-06,ASN00091263,-41.4889,147.2326,642
2009-06,ASN00091262,-41.1333,146.8461,543
2009-06,ASN00091109,-41.1428,145.7058,1226
2009-06,ASN00091118,-41.5664,147.2444,356
2009-06,ASN00091121,-40.9431,147.5922,658
2009-06,ASN00091126,-41.1708,146.4267,609
2009-06,ASN00091150,-41.6419,146.5244,908
2009-06,ASN00091153,-41.3356,146.2797,1212
2009-06,ASN00091156,-41.4717,146.6456,1166
2009-06,ASN00091161,-41.3886,146.5861,844
2009-06,ASN00091171,-41.2708,146.5481,776
2009-06,ASN00091186,-41.2039,146.265,526
2009-06,ASN00091197,-41.4864,147.4386,732
2009-06,ASN00091198,-41.3917,147.4242,1912
2009-06,ASN00091219,-41.1708,147.4883,762
2009-06,ASN00091223,-40.9089,144.7094,986
2009-06,ASN00091227,-41.5267,146.6583,1246
2009-06,ASN00091236,-41.5128,146.8303,934
2009-06,ASN00091237,-41.4194,147.1222,857
2009-06,ASN00091245,-40.6828,144.69,824
2009-06,ASN00091255,-41.2339,146.9294,163
2009-06,ASN00091259,-41.1492,145.1517,1094
2009-06,ASN00091260,-41.4883,146.9047,716
2009-06,ASN00091346,-41.2336,147.2064,874
2009-06,ASN00086020,-37.9551,145.0782,258
2009-06,ASN00092001,-41.9525,148.1839,2174
2009-06,ASN00092003,-41.8739,148.3036,1150
2009-06,ASN00092129,-41.0458,148.2592,1244
2009-06,ASN00092134,-41.1256,147.8617,989
2009-06,ASN00093002,-42.3958,147.3042,518
2009-06,ASN00093007,-42.2664,147.5281,1116
2009-06,ASN00093014,-42.3006,147.3711,1348
2009-06,ASN00093023,-42.4031,147.3908,1342
2009-06,ASN00093033,-41.9347,147.4931,812
2009-06,ASN00093040,-42.3075,147.1672,1350
2009-06,ASN00093044,-41.8172,147.5664,904
2009-06,ASN00092124,-42.6619,148.0181,1780
2009-06,ASN00093046,-42.305,147.5708,1416
2009-06,ASN00093051,-42.0317,147.4907,766
2009-06,ASN00093052,-42.163,147.5805,1144
2009-06,ASN00093053,-42.025,147.4953,788
2009-06,ASN00093055,-41.8658,147.4494,698
2009-06,ASN00093059,-41.9311,147.4256,606
2009-06,ASN00094001,-42.4158,147.1347,906
2009-06,ASN00094005,-42.7433,147.2372,1240
2009-06,ASN00094008,-42.8339,147.5033,1362
2009-06,ASN00094010,-43.4892,147.1453,1828
2009-06,ASN00093049,-42.3696,147.4631,1782
2009-06,ASN00092123,-40.7292,148.125,962
2009-06,ASN00092120,-41.3381,148.2792,1440
2009-06,ASN00092114,-41.9953,148.2794,460
2009-06,ASN00092005,-42.8122,147.8289,3160
2009-06,ASN00092008,-42.0117,148.0747,1818
2009-06,ASN00092010,-42.5844,148.0636,2075
2009-06,ASN00092011,-40.9589,148.0086,1342
2009-06,ASN00092014,-41.5308,148.1969,2438
2009-06,ASN00092017,-42.7856,147.8086,3656
2009-06,ASN00092019,-42.0067,147.7975,1784
2009-06,ASN00092020,-41.82,147.9551,1590
2009-06,ASN00092024,-41.4703,147.8919,1418
2009-06,ASN00092027,-42.5519,147.8753,2295
2009-06,ASN00092028,-42.5853,147.9142,2304
2009-06,ASN00092030,-41.0825,147.9353,1032
2009-06,ASN00092045,-40.9928,148.3467,1312
2009-06,ASN00092047,-42.2708,147.6942,2152
2009-06,ASN00092051,-41.27,147.9492,1796
2009-06,ASN00092064,-41.5633,148.1414,3158
2009-06,ASN00092067,-40.8586,148.0178,972
2009-06,ASN00092079,-42.2133,147.7831,1856
2009-06,ASN00092099,-42.7153,147.7525,3598
2009-06,ASN00092111,-41.4342,147.7192,1948
2009-06,ASN00092113,-41.4136,148.2744,848
2009-06,ASN00092002,-41.7792,147.7225,974
2009-06,ASN00070299,-36.1827,149.3467,222
2009-06,ASN00085305,-37.8758,146.0833,645
2009-06,ASN00085298,-38.1072,147.1317,179
2009-06,ASN00075081,-35.0365,144.456,706
2009-06,ASN00075140,-34.1533,145.1409,450
2009-06,ASN00075142,-33.9247,145.5205,600
2009-06,ASN00075163,-33.3476,145.8703,756
2009-06,ASN00076000,-34.85,142.7811,434
2009-06,ASN00076012,-35.1702,143.0001,344
2009-06,ASN00076017,-35.1945,143.04,354
2009-06,ASN00076018,-35.1136,142.9194,359
2009-06,ASN00076031,-34.2358,142.0867,370
2009-06,ASN00075079,-34.2502,146.1897,836
2009-06,ASN00076037,-34.1928,141.5996,302
2009-06,ASN00076043,-34.9272,142.1765,354
2009-06,ASN00076044,-35.1759,143.37,526
2009-06,ASN00076046,-35.167,143.2781,438
2009-06,ASN00076047,-35.0694,142.3158,365
2009-06,ASN00076050,-35.2555,143.3683,640
2009-06,ASN00076051,-34.362,141.9038,292
2009-06,ASN00076064,-35.1201,142.004,202
2009-06,ASN00076067,-34.3883,141.5954,410
2009-06,ASN00076069,-34.9536,142.7392,554
2009-06,ASN00076038,-35.2628,141.1789,314
2009-06,ASN00076103,-35.189,142.3725,382
2009-06,ASN00075072,-33.9376,146.6062,848
2009-06,ASN00075062,-34.8096,144.1654,694
2009-06,ASN00074249,-34.8016,145.8904,398
2009-06,ASN00074258,-35.5575,144.9458,372
2009-06,ASN00074261,-34.531,146.9806,700
2009-06,ASN00074262,-35.7861,144.6002,404
2009-06,ASN00074264,-35.4091,147.2479,636
2009-06,ASN00074267,-33.9956,146.7683,764
2009-06,ASN00075004,-35.2847,144.5334,598
2009-06,ASN00075007,-33.8436,144.9073,502
2009-06,ASN00075012,-35.4201,144.6002,722
2009-06,ASN00075071,-35.2119,144.816,468
2009-06,ASN00075016,-33.9871,145.3904,488
2009-06,ASN00075026,-34.442,145.5612,602
2009-06,ASN00075032,-33.4915,145.5249,738
2009-06,ASN00075039,-33.2833,146.3707,622
2009-06,ASN00075041,-34.2487,146.0695,748
2009-06,ASN00075042,-34.476,144.3013,848
2009-06,ASN00075044,-33.8192,145.6235,804
2009-06,ASN00075046,-35.0885,144.0349,434
2009-06,ASN00075049,-34.4456,144.1728,834
2009-06,ASN00075054,-35.2849,145.2098,578
2009-06,ASN00075017,-33.17,146.642,820
2009-06,ASN00076105,-34.7164,143.1506,688
2009-06,ASN00076106,-35.2484,141.0808,430
2009-06,ASN00076107,-35.2848,141.4949,418
2009-06,ASN00078040,-36.2882,141.7347,450
2009-06,ASN00078072,-36.3697,142.9709,490
2009-06,ASN00078086,-36.14,141.9878,476
2009-06,ASN00079002,-36.9532,143.1976,550
2009-06,ASN00079003,-36.6994,143.1594,378
2009-06,ASN00079008,-36.9389,141.8714,404
2009-06,ASN00079015,-36.8721,142.6308,621
2009-06,ASN00079016,-36.7281,142.7303,658
2009-06,ASN00079017,-36.7181,141.4729,452
2009-06,ASN00078038,-36.2705,142.2165,444
2009-06,ASN00079019,-37.1847,142.8553,384
2009-06,ASN00079031,-36.9865,143.2727,784
2009-06,ASN00079032,-36.8612,142.9332,492
2009-06,ASN00079036,-36.7416,141.9429,276
2009-06,ASN00079037,-36.9,143.1137,527
2009-06,ASN00079039,-36.9065,143.3384,705
2009-06,ASN00079040,-36.6189,143.2631,454
2009-06,ASN00079046,-37.0936,142.4344,644
2009-06,ASN00079050,-37.3162,142.6975,662
2009-06,ASN00079075,-36.6287,142.6321,388
2009-06,ASN00079028,-36.6722,142.2991,598
2009-06,ASN00078029,-36.46,142.5858,82
2009-06,ASN00078015,-36.3092,141.6486,366
2009-06,ASN00078013,-36.3986,141.8797,450
2009-06,ASN00076109,-35.3678,141.0625,302
2009-06,ASN00076133,-34.1051,141.0166,416
2009-06,ASN00077001,-35.9809,143.6479,460
2009-06,ASN00077005,-35.6367,142.995,480
2009-06,ASN00077008,-35.9244,142.851,472
2009-06,ASN00077009,-35.5504,142.9207,555
2009-06,ASN00077010,-35.7151,142.3569,290
2009-06,ASN00077014,-35.717,143.1074,303
2009-06,ASN00077015,-35.5574,142.5432,364
2009-06,ASN00077025,-35.4609,143.6286,472
2009-06,ASN00077028,-35.7955,142.8768,422
2009-06,ASN00077033,-35.3833,142.1869,420
2009-06,ASN00077034,-35.9296,143.4992,412
2009-06,ASN00077039,-35.5046,142.8493,372
2009-06,ASN00077040,-35.5254,142.7267,404
2009-06,ASN00077052,-35.6803,142.6664,376
2009-06,ASN00077079,-36.0086,143.3719,426
2009-06,ASN00077082,-35.9338,142.2805,546
2009-06,ASN00077088,-35.987,142.915,152
2009-06,ASN00077094,-35.3766,143.5416,578
2009-06,ASN00078010,-36.4644,142.0327,520
2009-06,ASN00074234,-35.0371,147.1933,650
2009-06,ASN00079078,-37.0607,141.9882,322
2009-06,ASN00074217,-34.7565,147.3482,586
2009-06,ASN00074205,-35.162,147.0274,714
2009-06,ASN00072050,-36.0355,147.2707,870
2009-06,ASN00072053,-35.7542,147.8445,978
2009-06,ASN00072056,-35.3947,148.247,798
2009-06,ASN00072078,-35.6767,147.5178,984
2009-06,ASN00072080,-35.7226,147.9291,934
2009-06,ASN00072082,-35.5528,147.9827,712
2009-06,ASN00072089,-35.9784,148.0855,582
2009-06,ASN00072091,-35.9383,148.3842,1048
2009-06,ASN00072098,-35.3448,148.3837,700
2009-06,ASN00072044,-35.3194,148.2341,710
2009-06,ASN00072101,-35.7112,147.4859,892
2009-06,ASN00072142,-35.72,147.3103,810
2009-06,ASN00072146,-36.0692,146.9534,605
2009-06,ASN00072150,-35.1583,147.4573,474
2009-06,ASN00072156,-35.9333,147.7167,668
2009-06,ASN00072159,-35.3019,147.9402,644
2009-06,ASN00072160,-36.069,146.9509,712
2009-06,ASN00072161,-35.9371,148.3779,836
2009-06,ASN00072162,-36.2304,148.1405,866
2009-06,ASN00072163,-35.899,148.1821,742
2009-06,ASN00072141,-35.725,148.4915,694
2009-06,ASN00072169,-35.7108,148.0026,552
2009-06,ASN00072043,-35.778,148.0141,864
2009-06,ASN00072023,-36.1039,147.0329,782
2009-06,ASN00070308,-35.3757,149.087,282
2009-06,ASN00070309,-36.9131,149.0372,20
2009-06,ASN00070326,-37.1475,149.1496,596
2009-06,ASN00070328,-37.0016,149.2336,332
2009-06,ASN00070330,-34.8085,149.7312,242
2009-06,ASN00070334,-35.1138,149.9624,304
2009-06,ASN00070335,-35.2,149.955,220
2009-06,ASN00070336,-36.5971,149.2974,349
2009-06,ASN00070339,-35.4184,149.0937,284
2009-06,ASN00072042,-35.2765,147.7362,684
2009-06,ASN00070340,-35.1837,149.1122,485
2009-06,ASN00070348,-35.8618,149.1321,252
2009-06,ASN00070349,-35.5293,148.7721,998
2009-06,ASN00071000,-35.9962,148.7693,292
2009-06,ASN00071005,-36.5029,148.835,204
2009-06,ASN00071019,-36.5067,148.8281,190
2009-06,ASN00071021,-36.4818,148.5873,254
2009-06,ASN00071032,-36.4917,148.2859,400
2009-06,ASN00071041,-36.5031,148.304,839
2009-06,ASN00072004,-35.5203,148.1453,1148
2009-06,ASN00070346,-35.1889,149.251,380
2009-06,ASN00073000,-34.1442,147.386,778
2009-06,ASN00073007,-34.9997,148.5984,824
2009-06,ASN00073014,-33.9029,148.1718,779
2009-06,ASN00074034,-35.9887,146.3574,780
2009-06,ASN00074037,-34.6223,146.4328,734
2009-06,ASN00074040,-34.8814,145.7595,840
2009-06,ASN00074042,-35.6408,145.5762,550
2009-06,ASN00074050,-34.738,146.7825,562
2009-06,ASN00074053,-35.5168,147.0344,258
2009-06,ASN00074055,-35.3475,145.7257,482
2009-06,ASN00074081,-35.9878,146.0061,422
2009-06,ASN00074087,-35.3342,146.0342,524
2009-06,ASN00074005,-34.2849,146.5714,887
2009-06,ASN00074088,-35.5579,146.1653,574
2009-06,ASN00074106,-35.817,145.6004,494
2009-06,ASN00074110,-35.3305,146.2652,550
2009-06,ASN00074118,-34.5139,146.1848,682
2009-06,ASN00074126,-35.385,147.0558,608
2009-06,ASN00074127,-35.1069,147.3636,547
2009-06,ASN00074129,-35.7228,144.7865,480
2009-06,ASN00074162,-34.9349,146.3031,652
2009-06,ASN00074188,-35.6724,147.0361,670
2009-06,ASN00074202,-34.8504,146.9778,888
2009-06,ASN00074104,-35.2683,147.1142,767
2009-06,ASN00074002,-34.3479,147.2208,768
2009-06,ASN00074000,-34.3567,146.9032,770
2009-06,ASN00073151,-34.4292,147.5111,584
2009-06,ASN00073017,-34.0824,148.365,794
2009-06,ASN00073019,-34.8456,147.5714,638
2009-06,ASN00073021,-34.0391,148.5552,552
2009-06,ASN00073022,-34.6479,148.1606,816
2009-06,ASN00073025,-34.791,147.5592,590
2009-06,ASN00073029,-34.5495,148.3493,698
2009-06,ASN00073032,-34.0112,147.7937,553
2009-06,ASN00073043,-34.4918,148.1266,993
2009-06,ASN00073044,-35.0581,147.753,750
2009-06,ASN00073051,-34.2054,148.5533,731
2009-06,ASN00073054,-33.9262,147.2418,814
2009-06,ASN00073100,-33.9119,148.4383,210
2009-06,ASN00073109,-34.425,148.5408,700
2009-06,ASN00073110,-33.9462,148.0775,786
2009-06,ASN00073113,-34.1985,148.0047,720
2009-06,ASN00073115,-35.1687,148.2311,760
2009-06,ASN00073129,-34.1567,148.6857,613
2009-06,ASN00073138,-34.2493,148.2475,790
2009-06,ASN00073141,-35.0479,148.1075,597
2009-06,ASN00073142,-34.6299,148.0364,786
2009-06,ASN00073150,-34.5307,147.8442,2470
2009-06,ASN00074208,-35.6074,145.2012,526
2009-06,ASN00079079,-36.7913,143.1207,530
2009-06,ASN00079097,-37.1169,141.8031,472
2009-06,ASN00079099,-37.0222,141.2657,346
2009-06,ASN00084014,-37.106,148.6862,474
2009-06,ASN00084015,-37.3757,147.8373,194
2009-06,ASN00084016,-37.5679,149.9158,856
2009-06,ASN00084025,-37.8507,147.7664,212
2009-06,ASN00084035,-37.2618,147.7229,142
2009-06,ASN00084039,-37.0707,148.5906,408
2009-06,ASN00084044,-37.0071,148.2666,374
2009-06,ASN00084045,-37.8526,148.0638,556
2009-06,ASN00084084,-37.5976,149.7289,878
2009-06,ASN00084003,-37.7073,147.8314,198
2009-06,ASN00084093,-37.7132,148.3954,480
2009-06,ASN00084100,-37.8333,147.6206,200
2009-06,ASN00084107,-37.0826,148.2791,362
2009-06,ASN00084109,-37.5006,148.2717,322
2009-06,ASN00084118,-37.49,147.1658,344
2009-06,ASN00084122,-37.4772,149.6386,764
2009-06,ASN00084128,-37.3564,149.2058,26
2009-06,ASN00084134,-37.3397,148.712,702
2009-06,ASN00084140,-37.7962,147.7559,236
2009-06,ASN00084142,-37.22,148.2625,236
2009-06,ASN00084096,-37.5455,148.1357,392
2009-06,ASN00084143,-37.3417,149.0228,534
2009-06,ASN00084002,-37.1712,148.7228,582
2009-06,ASN00083090,-37.1017,147.6008,130
2009-06,ASN00082167,-36.5344,146.2181,1000
2009-06,ASN00082169,-36.1828,147.8938,772
2009-06,ASN00083000,-36.9064,146.2389,862
2009-06,ASN00083010,-36.6344,146.8628,1190
2009-06,ASN00083019,-37.0525,146.0872,224
2009-06,ASN00083024,-37.145,146.4394,1724
2009-06,ASN00083032,-36.8473,146.3225,1338
2009-06,ASN00083033,-37.5696,146.2541,684
2009-06,ASN00083035,-36.9257,147.423,261
2009-06,ASN00083091,-37.3016,146.1489,822
2009-06,ASN00083038,-36.6566,147.1283,940
2009-06,ASN00083057,-36.6074,146.7888,610
2009-06,ASN00083058,-36.8547,146.8581,1002
2009-06,ASN00083064,-36.941,147.7779,82
2009-06,ASN00083067,-36.7313,146.9614,567
2009-06,ASN00083077,-37.0322,146.3508,788
2009-06,ASN00083079,-36.7132,146.6717,1028
2009-06,ASN00083083,-36.7396,146.4671,1396
2009-06,ASN00083084,-36.8708,147.2755,428
2009-06,ASN00083085,-36.9767,147.1342,1032
2009-06,ASN00083043,-36.8756,147.2886,354
2009-06,ASN00084144,-37.6924,148.0908,488
2009-06,ASN00084145,-37.6922,148.4667,480
2009-06,ASN00084147,-37.8164,147.5714,166
2009-06,ASN00085167,-38.0229,147.3511,320
2009-06,ASN00085168,-37.8345,147.0819,154
2009-06,ASN00085179,-38.1033,145.9718,580
2009-06,ASN00085195,-38.0654,146.1689,438
2009-06,ASN00085200,-38.4323,145.7919,561
2009-06,ASN00085227,-38.5215,146.2041,412
2009-06,ASN00085238,-37.9532,146.3898,368
2009-06,ASN00085270,-37.7647,147.3744,106
2009-06,ASN00085276,-37.8039,146.8842,176
2009-06,ASN00085166,-37.9582,147.0843,120
2009-06,ASN00085277,-37.9039,145.9719,690
2009-06,ASN00085280,-38.2094,146.4747,212
2009-06,ASN00085281,-38.3245,146.5301,556
2009-06,ASN00085288,-37.4667,146.6883,302
2009-06,ASN00085289,-37.8514,146.555,452
2009-06,ASN00085291,-37.8383,146.2747,528
2009-06,ASN00085292,-37.8897,145.9958,690
2009-06,ASN00085293,-38.8957,145.9355,740
2009-06,ASN00085296,-37.7481,147.1428,324
2009-06,ASN00085297,-37.9722,146.9856,136
2009-06,ASN00085279,-37.8817,147.5669,180
2009-06,ASN00085163,-38.7915,146.1799,480
2009-06,ASN00085160,-38.4191,146.9656,219
2009-06,ASN00085137,-38.7205,145.9011,470
2009-06,ASN00084148,-37.8385,147.8312,312
2009-06,ASN00085007,-38.4307,146.5398,630
2009-06,ASN00085009,-38.1951,146.5293,358
2009-06,ASN00085021,-37.7,146.5167,256
2009-06,ASN00085023,-38.1383,145.86,628
2009-06,ASN00085028,-38.72,146.0633,598
2009-06,ASN00085029,-38.652,146.1997,289
2009-06,ASN00085030,-38.4455,146.2699,526
2009-06,ASN00085033,-38.4228,147.0864,154
2009-06,ASN00085034,-37.9085,146.8046,116
2009-06,ASN00085040,-38.6911,146.1486,626
2009-06,ASN00085042,-38.022,145.8884,550
2009-06,ASN00085045,-38.435,145.8178,564
2009-06,ASN00085049,-38.4842,145.9329,416
2009-06,ASN00085053,-38.506,146.5187,516
2009-06,ASN00085058,-37.5277,146.5458,384
2009-06,ASN00085063,-38.6079,146.3185,498
2009-06,ASN00085072,-38.1156,147.1322,158
2009-06,ASN00085073,-38.3183,147.1752,250
2009-06,ASN00085085,-38.2181,146.1658,358
2009-06,ASN00085096,-39.1297,146.4244,1374
2009-06,ASN00082166,-36.4186,146.5572,806
2009-06,ASN00082165,-36.9502,146.0095,648
2009-06,ASN00082163,-36.6364,146.5547,1226
2009-06,ASN00082162,-36.5775,146.8203,1072
2009-06,ASN00081008,-36.5421,144.7751,524
2009-06,ASN00081016,-36.4963,144.6096,558
2009-06,ASN00081019,-36.718,145.1731,456
2009-06,ASN00081020,-36.5753,143.8695,484
2009-06,ASN00081033,-36.6436,145.4197,646
2009-06,ASN00081034,-36.3989,145.3448,604
2009-06,ASN00081035,-36.6146,145.2143,560
2009-06,ASN00081041,-36.534,144.208,572
2009-06,ASN00081046,-36.4436,144.9828,374
2009-06,ASN00081007,-36.4565,145.6569,780
2009-06,ASN00081049,-36.4378,145.2672,236
2009-06,ASN00081083,-36.8465,144.5273,508
2009-06,ASN00081085,-36.8589,143.7297,522
2009-06,ASN00081087,-36.2567,146.0433,552
2009-06,ASN00081090,-36.7446,143.6788,624
2009-06,ASN00081100,-36.7682,143.9866,432
2009-06,ASN00081115,-36.6284,144.8726,442
2009-06,ASN00081118,-36.8093,144.6203,484
2009-06,ASN00081120,-36.5886,145.0198,560
2009-06,ASN00081123,-36.7395,144.3266,542
2009-06,ASN00081063,-37.0833,143.4833,706
2009-06,ASN00081000,-37.0887,143.4747,434
2009-06,ASN00080128,-36.2847,143.3341,632
2009-06,ASN00080126,-35.7175,143.9111,419
2009-06,ASN00079100,-36.6697,142.1731,582
2009-06,ASN00079103,-37.295,142.6039,1244
2009-06,ASN00079105,-37.068,142.7412,674
2009-06,ASN00079107,-36.8132,141.2599,462
2009-06,ASN00080002,-36.116,143.7229,622
2009-06,ASN00080004,-35.9741,143.8525,422
2009-06,ASN00080015,-36.1647,144.7642,470
2009-06,ASN00080017,-36.0407,143.9403,450
2009-06,ASN00080020,-35.9661,144.3712,438
2009-06,ASN00080023,-35.7236,143.9197,408
2009-06,ASN00080024,-35.8674,143.8007,444
2009-06,ASN00080027,-36.3203,143.735,554
2009-06,ASN00080044,-35.9977,144.4244,478
2009-06,ASN00080049,-36.3613,144.7108,434
2009-06,ASN00080056,-36.2497,144.9531,560
2009-06,ASN00080067,-36.2717,143.3453,604
2009-06,ASN00080091,-36.335,145.0638,520
2009-06,ASN00080101,-36.0918,145.4531,500
2009-06,ASN00080103,-36.3794,144.2299,348
2009-06,ASN00080109,-35.9119,145.6447,202
2009-06,ASN00080125,-35.8876,145.3879,514
2009-06,ASN00081124,-36.0294,146.0306,448
2009-06,ASN00085304,-37.4967,146.8575,146
2009-06,ASN00081125,-36.4289,145.3947,488
2009-06,ASN00082009,-36.6085,146.5371,1220
2009-06,ASN00082116,-36.6083,146.3583,1000
2009-06,ASN00082128,-36.5131,146.4483,812
2009-06,ASN00082134,-36.6936,145.8785,1096
2009-06,ASN00082138,-36.4206,146.3056,666
2009-06,ASN00082139,-36.2136,147.5394,1268
2009-06,ASN00082140,-36.8542,145.9381,578
2009-06,ASN00082142,-36.9461,146.2197,850
2009-06,ASN00082143,-36.7861,145.6581,572
2009-06,ASN00082144,-36.8167,145.64,628
2009-06,ASN00082112,-36.6533,146.8567,1280
2009-06,ASN00082145,-36.8753,145.5783,630
2009-06,ASN00082147,-36.9217,145.6769,810
2009-06,ASN00082148,-36.8278,145.8494,1076
2009-06,ASN00082149,-36.7858,145.5683,652
2009-06,ASN00082151,-36.8628,145.7333,876
2009-06,ASN00082153,-36.8206,145.705,884
2009-06,ASN00082154,-36.8892,145.6814,1166
2009-06,ASN00082155,-36.8211,146.1278,1020
2009-06,ASN00082156,-36.7903,146.28,1234
2009-06,ASN00082158,-36.7478,146.5362,1356
2009-06,ASN00082146,-36.9322,145.5842,590
2009-06,ASN00082109,-36.6133,146.1131,864
2009-06,ASN00082105,-36.8314,146.3982,1250
2009-06,ASN00082103,-36.0243,147.5475,942
2009-06,ASN00082010,-36.1491,146.6106,685
2009-06,ASN00082015,-36.3084,146.5229,800
2009-06,ASN00082016,-36.7545,145.5727,612
2009-06,ASN00082018,-36.7691,147.6956,524
2009-06,ASN00082021,-36.0964,146.6008,833
2009-06,ASN00082029,-36.456,146.4299,812
2009-06,ASN00082033,-36.6975,146.2852,1063
2009-06,ASN00082039,-36.1047,146.5094,786
2009-06,ASN00082041,-36.1859,146.4694,1124
2009-06,ASN00082042,-36.8472,145.7308,1040
2009-06,ASN00082043,-36.7872,145.8225,1188
2009-06,ASN00082049,-36.6425,145.7234,1035
2009-06,ASN00082052,-35.9645,147.7374,739
2009-06,ASN00082057,-36.3025,146.7299,778
2009-06,ASN00082058,-36.3111,146.8381,974
2009-06,ASN00082068,-36.5293,147.3749,682
2009-06,ASN00082076,-36.5353,147.4984,732
2009-06,ASN00082083,-36.804,145.418,730
2009-06,ASN00082084,-36.7136,145.7603,1212
2009-06,ASN00082090,-36.4793,147.0297,958
2009-06,ASN00082096,-36.9005,145.5228,706
2009-06,ASN00082001,-36.3702,146.7132,998
2009-06,ASN00041050,-26.7797,151.1111,484
2009-06,ASN00040978,-27.0797,153.1803,1960
2009-06,ASN00041037,-27.3072,151.8506,384
2009-06,ASN00014901,-13.8345,131.1872,0
2009-06,ASN00014909,-13.3275,133.0861,0
2009-06,ASN00014932,-14.5229,132.3826,0
2009-06,ASN00014948,-14.2495,129.5282,0
2009-06,ASN00014949,-15.7442,131.9182,0
2009-06,ASN00014954,-14.9408,130.8092,0
2009-06,ASN00014955,-14.3202,132.4226,0
2009-06,ASN00014956,-13.9487,131.3191,0
2009-06,ASN00014967,-14.3055,132.0772,0
2009-06,ASN00014866,-17.6129,130.0713,2
2009-06,ASN00015085,-18.637,135.945,0
2009-06,ASN00015123,-18.8689,134.4991,0
2009-06,ASN00015131,-17.5521,133.5407,0
2009-06,ASN00015135,-19.6423,134.1833,0
2009-06,ASN00015139,-19.933,134.3548,0
2009-06,ASN00015501,-23.1273,133.836,0
2009-06,ASN00015511,-25.3139,131.7571,36
2009-06,ASN00015521,-23.2837,134.4229,8
2009-06,ASN00015548,-20.1883,130.0161,0
2009-06,ASN00015585,-21.7498,135.2382,36
2009-06,ASN00015088,-19.0579,136.7066,0
2009-06,ASN00015590,-23.7951,133.889,24
2009-06,ASN00014864,-16.3541,131.5147,0
2009-06,ASN00014856,-18.3902,129.4299,0
2009-06,ASN00014515,-12.5013,135.8001,0
2009-06,ASN00014517,-11.9971,135.5726,8
2009-06,ASN00014518,-13.9747,136.4631,10
2009-06,ASN00014612,-15.5748,133.2138,0
2009-06,ASN00014626,-16.2636,133.3782,0
2009-06,ASN00014627,-13.6714,134.3414,0
2009-06,ASN00014639,-15.9179,132.3831,0
2009-06,ASN00014646,-14.8528,134.036,0
2009-06,ASN00014647,-15.2712,132.9127,0
2009-06,ASN00014857,-19.2798,129.9422,0
2009-06,ASN00014652,-14.5264,132.8006,0
2009-06,ASN00014704,-16.4423,136.076,0
2009-06,ASN00014723,-16.0757,136.3041,2
2009-06,ASN00014729,-15.6293,136.3881,0
2009-06,ASN00014824,-16.1196,130.4282,0
2009-06,ASN00014825,-16.403,131.0145,0
2009-06,ASN00014829,-18.3325,130.6358,0
2009-06,ASN00014840,-17.3871,131.1166,0
2009-06,ASN00014847,-16.1176,130.9558,0
2009-06,ASN00014853,-15.97,129.0407,8
2009-06,ASN00014703,-15.7426,136.8192,18
2009-06,ASN00015594,-23.4564,134.6849,7
2009-06,ASN00015602,-22.9494,136.1442,10
2009-06,ASN00015607,-22.1305,132.0812,0
2009-06,ASN00016055,-32.3792,135.5247,520
2009-06,ASN00016056,-32.1232,137.1505,0
2009-06,ASN00016065,-30.449,137.1692,122
2009-06,ASN00016067,-32.4398,136.0671,402
2009-06,ASN00016086,-31.7646,135.6494,194
2009-06,ASN00016090,-29.0347,134.7222,24
2009-06,ASN00016095,-26.2085,133.8545,42
2009-06,ASN00016096,-30.4829,136.8772,56
2009-06,ASN00016097,-26.2635,132.1771,56
2009-06,ASN00016035,-30.4027,136.392,30
2009-06,ASN00016098,-30.7051,134.5786,120
2009-06,ASN00017024,-30.066,138.2739,48
2009-06,ASN00017028,-27.724,140.7633,0
2009-06,ASN00017032,-30.9904,138.5787,140
2009-06,ASN00017037,-29.239,137.9058,0
2009-06,ASN00017041,-30.9372,138.8919,170
2009-06,ASN00017043,-27.5553,135.4456,6
2009-06,ASN00017054,-31.1278,138.9618,98
2009-06,ASN00017089,-27.7205,138.2548,34
2009-06,ASN00017098,-31.1881,138.2785,114
2009-06,ASN00017014,-31.0939,138.6786,500
2009-06,ASN00016034,-32.1572,135.0722,533
2009-06,ASN00016032,-32.5226,136.4926,212
2009-06,ASN00016031,-30.2406,133.9885,92
2009-06,ASN00015611,-22.7228,131.1685,0
2009-06,ASN00015617,-24.1313,134.3737,40
2009-06,ASN00015618,-22.2747,137.9733,40
2009-06,ASN00015626,-22.3961,134.2335,34
2009-06,ASN00015633,-24.0636,132.7444,12
2009-06,ASN00015635,-25.1896,130.9737,34
2009-06,ASN00015641,-20.5476,130.3466,20
2009-06,ASN00015643,-22.4518,133.6377,28
2009-06,ASN00015652,-24.2914,131.5488,37
2009-06,ASN00015653,-22.9689,134.2415,20
2009-06,ASN00015660,-25.3602,131.0196,62
2009-06,ASN00015661,-22.2109,134.1182,34
2009-06,ASN00015666,-20.1824,130.0148,0
2009-06,ASN00015667,-23.6338,132.7311,56
2009-06,ASN00015673,-23.5312,134.3743,20
2009-06,ASN00016001,-31.1558,136.8054,140
2009-06,ASN00016005,-32.3997,137.225,206
2009-06,ASN00016006,-29.9434,134.1506,100
2009-06,ASN00016021,-31.2609,135.2374,144
2009-06,ASN00016028,-30.0047,136.0445,34
2009-06,ASN00016030,-30.1809,135.6629,60
2009-06,ASN00014508,-12.2741,136.8203,4
2009-06,ASN00017099,-30.311,139.3357,73
2009-06,ASN00014405,-12.0569,134.2339,8
2009-06,ASN00014401,-11.6502,133.3796,152
2009-06,ASN00010917,-32.6722,116.6706,1468
2009-06,ASN00011003,-31.6797,128.8792,106
2009-06,ASN00011008,-31.8433,127.8572,446
2009-06,ASN00011017,-32.4569,123.8653,439
2009-06,ASN00011019,-32.2464,126.3008,492
2009-06,ASN00011022,-31.7117,128.8867,82
2009-06,ASN00011052,-30.8453,128.1092,200
2009-06,ASN00012009,-32.2147,121.7547,314
2009-06,ASN00012011,-30.9869,119.1142,400
2009-06,ASN00010916,-33.6856,117.6064,1332
2009-06,ASN00012025,-27.9331,120.0575,307
2009-06,ASN00012043,-29.3361,121.4944,186
2009-06,ASN00012044,-33.5547,120.6997,672
2009-06,ASN00012045,-28.6306,122.4072,110
2009-06,ASN00012064,-31.3356,118.98,540
2009-06,ASN00012071,-32.9869,121.6239,508
2009-06,ASN00012072,-27.9875,119.2961,318
2009-06,ASN00012077,-32.8606,121.7081,548
2009-06,ASN00012079,-31.0381,119.3064,480
2009-06,ASN00012083,-31.3011,118.6922,508
2009-06,ASN00012038,-30.7847,121.4533,384
2009-06,ASN00012092,-28.5606,119.0161,326
2009-06,ASN00010912,-32.5878,117.6408,710
2009-06,ASN00010908,-32.0294,116.8742,908
2009-06,ASN00010641,-33.375,116.9053,1248
2009-06,ASN00010647,-33.3075,117.3403,991
2009-06,ASN00010692,-33.1131,118.84,388
2009-06,ASN00010702,-32.1003,118.8058,438
2009-06,ASN00010704,-33.3281,117.5628,590
2009-06,ASN00010705,-32.3344,118.8492,504
2009-06,ASN00010729,-34.3439,118.6306,785
2009-06,ASN00010792,-34.1692,118.9444,896
2009-06,ASN00010799,-32.6339,118.0103,424
2009-06,ASN00010911,-33.1006,118.4647,396
2009-06,ASN00010802,-33.4661,118.6361,523
2009-06,ASN00010866,-33.9317,117.3258,1406
2009-06,ASN00010869,-33.5942,120.1833,435
2009-06,ASN00010872,-33.1722,118.2475,654
2009-06,ASN00010878,-33.5381,119.6564,655
2009-06,ASN00010889,-32.885,118.6347,300
2009-06,ASN00010893,-34.3078,117.4347,750
2009-06,ASN00010897,-34.2206,118.5042,693
2009-06,ASN00010904,-32.1717,118.6136,568
2009-06,ASN00010905,-33.8878,119.1092,830
2009-06,ASN00010831,-33.4836,117.61,699
2009-06,ASN00012107,-33.4225,121.9894,666
2009-06,ASN00012117,-31.2186,121.6181,370
2009-06,ASN00012141,-30.0242,119.28,524
2009-06,ASN00014112,-12.3786,130.8469,0
2009-06,ASN00014142,-11.4022,130.4217,0
2009-06,ASN00014143,-12.8003,131.0507,0
2009-06,ASN00014144,-12.3962,130.8785,0
2009-06,ASN00014149,-12.4558,131.0505,0
2009-06,ASN00014153,-11.1538,132.143,10
2009-06,ASN00014183,-12.8324,130.9713,0
2009-06,ASN00014198,-12.6594,132.8939,0
2009-06,ASN00014204,-13.7578,131.574,0
2009-06,ASN00014092,-13.2373,131.1042,0
2009-06,ASN00014219,-12.5491,131.0794,8
2009-06,ASN00014226,-12.5764,131.0829,4
2009-06,ASN00014246,-12.3784,130.9057,0
2009-06,ASN00014253,-13.1672,130.1225,0
2009-06,ASN00014264,-12.7121,130.9889,0
2009-06,ASN00014265,-12.4126,130.9202,0
2009-06,ASN00014266,-12.4121,130.9669,0
2009-06,ASN00014272,-13.0545,131.0252,0
2009-06,ASN00014274,-11.0468,132.9791,24
2009-06,ASN00014277,-12.635,130.3725,2
2009-06,ASN00014222,-12.6374,131.0763,0
2009-06,ASN00014059,-14.0829,131.8099,0
2009-06,ASN00014055,-13.481,131.1173,0
2009-06,ASN00014041,-12.605,131.2988,0
2009-06,ASN00012152,-31.2617,120.0219,688
2009-06,ASN00012223,-33.2242,121.3544,642
2009-06,ASN00012239,-28.4967,119.7436,292
2009-06,ASN00012297,-33.4853,122.5867,646
2009-06,ASN00012305,-28.6133,122.4236,136
2009-06,ASN00012306,-33.5239,122.9469,711
2009-06,ASN00012308,-33.3356,122.0697,564
2009-06,ASN00012314,-27.8386,120.7031,212
2009-06,ASN00012320,-31.2353,119.3564,476
2009-06,ASN00013005,-26.2225,121.5561,36
2009-06,ASN00013006,-26.4006,120.9539,80
2009-06,ASN00013011,-26.1317,126.5839,58
2009-06,ASN00013015,-25.7964,122.9753,32
2009-06,ASN00013017,-25.0341,128.301,410
2009-06,ASN00013018,-26.1208,121.9403,78
2009-06,ASN00013024,-26.5172,122.8078,21
2009-06,ASN00013030,-21.7125,122.2281,84
2009-06,ASN00013032,-25.6361,121.3533,87
2009-06,ASN00014013,-12.81,130.4576,36
2009-06,ASN00014015,-12.4239,130.8925,0
2009-06,ASN00014040,-12.4227,130.8844,0
2009-06,ASN00014404,-12.0931,134.8919,0
2009-06,ASN00010635,-33.7853,116.9064,1174
2009-06,ASN00017110,-30.5963,138.4219,124
2009-06,ASN00017119,-30.8406,138.3224,80
2009-06,ASN00021019,-33.8315,138.7917,828
2009-06,ASN00021020,-33.359,138.393,1134
2009-06,ASN00021021,-33.2705,138.357,538
2009-06,ASN00021022,-33.4669,138.4424,254
2009-06,ASN00021024,-33.4595,138.7475,1100
2009-06,ASN00021025,-33.8347,138.6532,1205
2009-06,ASN00021027,-33.2036,138.6059,538
2009-06,ASN00021029,-33.5867,138.3343,690
2009-06,ASN00021031,-33.1851,138.3001,758
2009-06,ASN00021016,-33.353,138.2057,363
2009-06,ASN00021033,-33.9136,138.7195,944
2009-06,ASN00021042,-33.6029,137.9348,859
2009-06,ASN00021044,-34.1848,138.1478,236
2009-06,ASN00021045,-33.5407,138.2244,712
2009-06,ASN00021055,-33.2296,138.8844,584
2009-06,ASN00021057,-33.5707,138.4503,786
2009-06,ASN00021060,-33.2025,138.6024,526
2009-06,ASN00021062,-33.3041,138.7553,1120
2009-06,ASN00021063,-34.1564,138.1827,606
2009-06,ASN00021072,-33.3265,138.3172,888
2009-06,ASN00021034,-33.5592,138.903,960
2009-06,ASN00021075,-33.7464,138.6058,770
2009-06,ASN00021015,-33.7045,138.2927,644
2009-06,ASN00021012,-33.8682,138.01,854
2009-06,ASN00020002,-32.076,140.9969,181
2009-06,ASN00020004,-31.6516,139.5491,160
2009-06,ASN00020010,-32.0646,139.382,122
2009-06,ASN00020013,-32.4292,139.9887,104
2009-06,ASN00020017,-32.4467,140.9233,154
2009-06,ASN00020020,-32.6416,139.6496,154
2009-06,ASN00020022,-33.2458,140.0345,202
2009-06,ASN00020025,-33.5009,139.5154,228
2009-06,ASN00020028,-33.7622,140.1251,356
2009-06,ASN00021013,-33.1851,138.4968,916
2009-06,ASN00020049,-31.6382,140.513,94
2009-06,ASN00020055,-31.7484,140.3426,184
2009-06,ASN00020059,-31.6619,140.6289,86
2009-06,ASN00020062,-32.5707,139.5645,164
2009-06,ASN00021001,-34.026,138.6846,288
2009-06,ASN00021002,-34.1424,138.4225,187
2009-06,ASN00021003,-33.845,138.4901,390
2009-06,ASN00021004,-33.5643,138.7595,872
2009-06,ASN00021007,-33.6947,138.4057,738
2009-06,ASN00021010,-33.7459,138.5628,714
2009-06,ASN00020053,-32.1698,140.7959,140
2009-06,ASN00021076,-33.9309,138.814,732
2009-06,ASN00021077,-33.6781,138.9371,742
2009-06,ASN00021102,-33.35,138.102,604
2009-06,ASN00022046,-35.1121,137.7395,634
2009-06,ASN00022049,-35.2795,136.9392,808
2009-06,ASN00022050,-33.9703,137.6628,818
2009-06,ASN00022054,-34.5552,137.8581,672
2009-06,ASN00022055,-34.6492,137.7272,660
2009-06,ASN00022056,-34.402,137.7185,1014
2009-06,ASN00022803,-35.8426,138.1327,602
2009-06,ASN00022811,-35.5989,137.4386,904
2009-06,ASN00022815,-35.7255,137.2591,1374
2009-06,ASN00022044,-34.239,137.9883,622
2009-06,ASN00022823,-35.7549,136.5959,1149
2009-06,ASN00022835,-35.734,137.1212,1860
2009-06,ASN00022836,-35.8096,137.792,795
2009-06,ASN00022839,-35.9609,137.091,1468
2009-06,ASN00022841,-35.7114,137.5231,820
2009-06,ASN00023005,-34.9464,138.6519,574
2009-06,ASN00023011,-34.9167,138.5956,458
2009-06,ASN00023013,-34.7977,138.6281,430
2009-06,ASN00023023,-34.7674,138.6434,241
2009-06,ASN00023024,-34.8978,138.5092,468
2009-06,ASN00022831,-35.7501,137.7217,846
2009-06,ASN00022036,-34.7477,137.6309,764
2009-06,ASN00022033,-34.4724,137.885,1018
2009-06,ASN00022031,-34.748,137.5276,858
2009-06,ASN00021104,-33.9943,138.4539,624
2009-06,ASN00021106,-33.953,138.3903,626
2009-06,ASN00021110,-33.7876,137.7068,1092
2009-06,ASN00021120,-33.2549,138.7867,908
2009-06,ASN00021127,-33.8828,138.6389,1202
2009-06,ASN00021130,-34.1002,138.631,728
2009-06,ASN00021131,-33.8226,138.5933,932
2009-06,ASN00021133,-33.7676,138.2182,718
2009-06,ASN00022003,-34.6981,137.7116,760
2009-06,ASN00022008,-34.3745,137.6733,1162
2009-06,ASN00022009,-34.7708,137.5952,194
2009-06,ASN00022011,-34.0672,137.5925,914
2009-06,ASN00022012,-34.0402,137.9004,841
2009-06,ASN00022013,-34.4951,137.4836,728
2009-06,ASN00022014,-34.7785,137.8579,298
2009-06,ASN00022015,-34.2971,138.0014,336
2009-06,ASN00022017,-34.9122,137.7977,664
2009-06,ASN00022018,-34.9906,137.3995,1052
2009-06,ASN00022020,-33.9323,137.6282,770
2009-06,ASN00022022,-34.1447,138.0146,856
2009-06,ASN00022023,-35.0203,137.6064,208
2009-06,ASN00020001,-31.9695,140.5436,229
2009-06,ASN00017115,-29.1266,140.9018,84
2009-06,ASN00020000,-32.0498,140.162,107
2009-06,ASN00019114,-32.4295,138.8922,268
2009-06,ASN00018086,-34.3756,136.1026,358
2009-06,ASN00018091,-34.2617,136.2092,698
2009-06,ASN00018094,-32.4035,134.5323,590
2009-06,ASN00018096,-33.6824,136.6831,479
2009-06,ASN00018098,-32.9475,135.2754,518
2009-06,ASN00018106,-31.4492,130.8976,238
2009-06,ASN00018107,-34.5911,135.7572,1700
2009-06,ASN00018110,-30.6143,130.4136,124
2009-06,ASN00018113,-33.965,136.2472,928
2009-06,ASN00018083,-33.043,135.4519,662
2009-06,ASN00018114,-30.1591,131.579,137
2009-06,ASN00018116,-33.7081,136.5026,490
2009-06,ASN00018120,-33.0539,137.5205,392
2009-06,ASN00018144,-34.5424,135.6997,1274
2009-06,ASN00018164,-33.6993,135.9238,754
2009-06,ASN00018165,-33.5733,135.602,728
2009-06,ASN00018166,-32.2811,134.4714,464
2009-06,ASN00018171,-34.1361,135.3319,1290
2009-06,ASN00018172,-32.921,135.9996,736
2009-06,ASN00018174,-33.7234,136.1511,626
2009-06,ASN00018115,-35.3365,136.1174,820
2009-06,ASN00018176,-33.3416,136.7518,568
2009-06,ASN00018079,-32.7963,134.2116,1447
2009-06,ASN00018069,-33.6501,134.888,1365
2009-06,ASN00017123,-28.0997,140.1956,6
2009-06,ASN00017126,-29.6587,138.0684,18
2009-06,ASN00017130,-29.7138,137.9017,20
2009-06,ASN00017131,-29.9062,139.7345,56
2009-06,ASN00018001,-33.9118,136.5697,322
2009-06,ASN00018012,-32.1297,133.6976,416
2009-06,ASN00018014,-33.7011,136.4937,632
2009-06,ASN00018019,-34.3853,135.4697,1316
2009-06,ASN00018022,-33.6772,136.9116,360
2009-06,ASN00018077,-32.3752,133.9353,694
2009-06,ASN00018023,-34.2644,135.7266,478
2009-06,ASN00018034,-32.7324,137.1505,220
2009-06,ASN00018040,-33.1414,136.4125,558
2009-06,ASN00018043,-34.4139,135.8224,1375
2009-06,ASN00018044,-33.1332,135.5552,712
2009-06,ASN00018046,-33.5679,135.7571,718
2009-06,ASN00018047,-32.0723,133.9401,517
2009-06,ASN00018054,-33.0314,134.7015,788
2009-06,ASN00018060,-31.7782,132.2038,582
2009-06,ASN00018063,-31.932,133.0056,446
2009-06,ASN00018024,-33.4678,136.2113,736
2009-06,ASN00018182,-31.9661,133.3316,510
2009-06,ASN00018184,-33.6125,136.3722,866
2009-06,ASN00018186,-32.5534,136.7123,328
2009-06,ASN00019032,-32.7335,138.6135,148
2009-06,ASN00019034,-32.9737,138.8375,182
2009-06,ASN00019037,-33.0216,138.0002,714
2009-06,ASN00019038,-32.3538,138.0371,490
2009-06,ASN00019042,-32.8454,138.2116,790
2009-06,ASN00019043,-32.9495,138.5174,660
2009-06,ASN00019046,-31.775,138.6529,314
2009-06,ASN00019047,-32.6923,138.3247,447
2009-06,ASN00019048,-32.6521,138.1003,658
2009-06,ASN00019031,-32.8776,139.0578,460
2009-06,ASN00019052,-33.0338,138.2686,1048
2009-06,ASN00019057,-32.552,138.8688,250
2009-06,ASN00019061,-32.0545,138.6427,349
2009-06,ASN00019062,-33.0287,138.7489,520
2009-06,ASN00019070,-31.5286,138.6093,639
2009-06,ASN00019078,-32.5172,137.8425,272
2009-06,ASN00019106,-32.627,139.1923,186
2009-06,ASN00019111,-31.4763,139.1134,112
2009-06,ASN00019112,-33.023,138.0698,704
2009-06,ASN00019113,-31.448,138.4531,184
2009-06,ASN00019053,-33.0856,138.2211,302
2009-06,ASN00019024,-32.8294,138.1907,1138
2009-06,ASN00019017,-31.8846,138.435,314
2009-06,ASN00019013,-32.5373,138.5626,448
2009-06,ASN00018188,-34.6252,135.4725,1416
2009-06,ASN00018189,-33.7516,135.1863,1500
2009-06,ASN00018190,-32.9004,136.1858,448
2009-06,ASN00018192,-34.5993,135.8784,928
2009-06,ASN00018193,-33.0267,136.3171,620
2009-06,ASN00018195,-32.8427,135.1515,740
2009-06,ASN00018198,-33.4138,136.5989,812
2009-06,ASN00018201,-32.5091,137.7144,254
2009-06,ASN00018203,-34.344,136.0471,918
2009-06,ASN00018204,-33.5879,134.8859,1212
2009-06,ASN00018205,-34.7405,135.845,1317
2009-06,ASN00018209,-33.8189,135.4857,822
2009-06,ASN00018213,-33.7412,135.0804,1250
2009-06,ASN00018214,-32.9232,136.4778,556
2009-06,ASN00019001,-33.0524,138.4277,700
2009-06,ASN00019002,-32.2507,137.9776,516
2009-06,ASN00019005,-32.8247,138.6907,490
2009-06,ASN00019006,-32.881,138.3519,612
2009-06,ASN00019008,-32.4618,138.2004,346
2009-06,ASN00019009,-32.4244,138.5304,324
2009-06,ASN00019010,-32.0695,138.4948,254
2009-06,ASN00019115,-33.0188,138.6153,704
2009-06,ASN00010633,-33.5803,120.0458,654
2009-06,ASN00010628,-32.0094,117.4014,620
2009-06,ASN00010626,-32.5336,117.0831,918
2009-06,ASN00008077,-29.6006,115.9392,485
2009-06,ASN00008095,-28.5367,115.5142,513
2009-06,ASN00008100,-28.3456,114.6367,884
2009-06,ASN00008107,-29.4417,116.2875,152
2009-06,ASN00008113,-27.8325,114.7364,716
2009-06,ASN00008121,-29.5339,115.7628,480
2009-06,ASN00008137,-30.8917,116.7186,566
2009-06,ASN00008143,-29.2872,115.6331,764
2009-06,ASN00008146,-30.0706,116.2092,430
2009-06,ASN00008072,-29.7586,116.4444,416
2009-06,ASN00008157,-28.8978,115.8628,866
2009-06,ASN00008202,-30.6219,116.3794,700
2009-06,ASN00008237,-28.6857,115.2806,808
2009-06,ASN00008240,-28.8939,115.4539,708
2009-06,ASN00008251,-27.7119,114.165,1010
2009-06,ASN00008254,-30.7092,116.7744,398
2009-06,ASN00008271,-28.8114,115.9675,782
2009-06,ASN00008283,-30.1453,116.3844,530
2009-06,ASN00008285,-28.3181,114.7614,1145
2009-06,ASN00008286,-28.275,114.6761,856
2009-06,ASN00008200,-28.6936,115.0408,828
2009-06,ASN00008290,-28.3008,113.5936,614
2009-06,ASN00008066,-30.7008,117.0608,476
2009-06,ASN00008060,-29.0364,115.5536,482
2009-06,ASN00007177,-23.6042,117.6892,242
2009-06,ASN00007179,-24.4114,118.9408,0
2009-06,ASN00007180,-25.0386,120.0064,240
2009-06,ASN00007185,-23.1725,117.7494,310
2009-06,ASN00007197,-28.2817,118.3111,244
2009-06,ASN00007600,-28.1156,117.8425,244
2009-06,ASN00008002,-30.5967,116.7714,506
2009-06,ASN00008005,-30.7294,116.02,720
2009-06,ASN00008008,-30.5831,116.135,576
2009-06,ASN00008064,-30.6719,116.3078,698
2009-06,ASN00008013,-29.3303,116.1433,582
2009-06,ASN00008016,-30.445,117.0406,456
2009-06,ASN00008022,-30.2911,116.3306,768
2009-06,ASN00008025,-29.6889,115.8869,480
2009-06,ASN00008028,-28.5008,114.7897,556
2009-06,ASN00008037,-29.8819,116.0233,532
2009-06,ASN00008050,-28.7769,114.605,1010
2009-06,ASN00008051,-28.7953,114.6975,1174
2009-06,ASN00008052,-28.17,114.7614,244
2009-06,ASN00008057,-29.5486,115.0689,922
2009-06,ASN00008014,-30.2192,116.7783,374
2009-06,ASN00008294,-28.2094,115.285,638
2009-06,ASN00008296,-29.2039,116.0247,452
2009-06,ASN00008297,-30.2761,116.6714,422
2009-06,ASN00009111,-32.44,116.0744,2458
2009-06,ASN00009112,-31.3928,116.0875,1502
2009-06,ASN00009113,-32.1108,116.0953,1918
2009-06,ASN00009131,-30.3081,115.0311,1104
2009-06,ASN00009151,-31.9556,115.7928,1297
2009-06,ASN00009168,-32.1189,116.1206,1992
2009-06,ASN00009172,-32.1011,115.8794,1550
2009-06,ASN00009178,-31.4628,115.8642,1836
2009-06,ASN00009193,-32.0069,115.5022,1152
2009-06,ASN00009106,-32.0486,115.9839,1607
2009-06,ASN00009199,-29.9486,114.9781,868
2009-06,ASN00009215,-31.9558,115.7619,1270
2009-06,ASN00009225,-31.9192,115.8728,1562
2009-06,ASN00009240,-32.0056,116.1364,2274
2009-06,ASN00009242,-32.3956,115.9744,2414
2009-06,ASN00009243,-31.335,115.5722,1904
2009-06,ASN00009248,-31.332,115.9513,1244
2009-06,ASN00009252,-31.7683,116.2475,2092
2009-06,ASN00009256,-32.2433,115.6839,1184
2009-06,ASN00009257,-32.1569,115.9275,1912
2009-06,ASN00009207,-32.0208,116.1167,1728
2009-06,ASN00009105,-31.7317,115.7931,887
2009-06,ASN00009066,-31.7908,116.1975,2080
2009-06,ASN00009053,-31.6669,116.0189,738
2009-06,ASN00008298,-28.7597,114.937,938
2009-06,ASN00008299,-29.1103,115.3173,710
2009-06,ASN00008300,-29.0692,115.0915,876
2009-06,ASN00008304,-28.9571,114.9492,754
2009-06,ASN00008305,-29.2778,114.9464,874
2009-06,ASN00008307,-28.89,115.4397,712
2009-06,ASN00008308,-28.8,115.76,730
2009-06,ASN00008309,-29.3,115.6597,580
2009-06,ASN00008310,-29.0291,115.5548,438
2009-06,ASN00009007,-31.8622,116.2658,2014
2009-06,ASN00009009,-31.605,116.1114,1570
2009-06,ASN00009014,-30.6969,115.5817,544
2009-06,ASN00009015,-32.0892,116.125,2068
2009-06,ASN00009018,-31.3461,115.9031,796
2009-06,ASN00009021,-31.9275,115.9764,1314
2009-06,ASN00009024,-31.5608,116.0842,1266
2009-06,ASN00009030,-31.8972,116.1575,2542
2009-06,ASN00009033,-30.9719,116.2089,895
2009-06,ASN00009037,-30.3381,115.5394,912
2009-06,ASN00009039,-32.3536,116.005,2098
2009-06,ASN00009040,-31.1428,116.0539,1237
2009-06,ASN00007176,-23.4169,119.7989,392
2009-06,ASN00009258,-32.2156,115.8758,1834
2009-06,ASN00007139,-29.2708,117.6836,776
2009-06,ASN00007101,-26.2822,118.6933,402
2009-06,ASN00003014,-18.2914,125.5869,0
2009-06,ASN00003019,-17.3306,124.8167,0
2009-06,ASN00003027,-18.1386,125.7764,0
2009-06,ASN00003028,-19.2536,121.4861,18
2009-06,ASN00003030,-18.6844,121.7803,12
2009-06,ASN00003032,-17.3706,123.6611,0
2009-06,ASN00003040,-17.9903,124.1922,0
2009-06,ASN00003048,-18.9158,125.5264,0
2009-06,ASN00003051,-16.7372,125.9086,26
2009-06,ASN00003009,-18.355,125.3033,0
2009-06,ASN00003057,-16.4514,123.0086,0
2009-06,ASN00003066,-18.5175,121.8072,0
2009-06,ASN00003068,-18.5075,123.4561,2
2009-06,ASN00003073,-16.6872,123.8375,0
2009-06,ASN00003080,-17.5736,123.8217,8
2009-06,ASN00003084,-17.3436,123.6781,0
2009-06,ASN00003093,-18.1814,125.5619,6
2009-06,ASN00003098,-17.0549,125.7108,24
2009-06,ASN00004006,-22.1828,119.935,20
2009-06,ASN00004016,-20.7867,118.5972,198
2009-06,ASN00003059,-19.0861,121.6764,5
2009-06,ASN00004019,-19.7419,120.8436,50
2009-06,ASN00003003,-17.9475,122.2353,62
2009-06,ASN00002067,-15.9816,128.9991,0
2009-06,ASN00001006,-15.51,128.1503,0
2009-06,ASN00001007,-13.7542,126.1485,0
2009-06,ASN00001018,-16.4181,126.1025,0
2009-06,ASN00001019,-14.2964,126.6453,0
2009-06,ASN00001020,-14.09,126.3867,0
2009-06,ASN00001023,-16.0086,127.9806,110
2009-06,ASN00001025,-15.3797,126.3114,0
2009-06,ASN00001031,-13.96,127.1964,0
2009-06,ASN00002009,-16.4203,126.4411,0
2009-06,ASN00003001,-17.2767,122.5711,24
2009-06,ASN00041047,-28.4147,151.0828,227
2009-06,ASN00002022,-18.016,126.3033,10
2009-06,ASN00002023,-18.0308,128.8942,0
2009-06,ASN00002026,-18.5958,127.6419,0
2009-06,ASN00002032,-17.0156,128.2175,24
2009-06,ASN00002043,-18.3368,126.1243,0
2009-06,ASN00002044,-16.1119,128.7414,0
2009-06,ASN00002049,-18.1947,127.8147,0
2009-06,ASN00002056,-15.7814,128.71,2
2009-06,ASN00002064,-16.6381,128.4517,0
2009-06,ASN00002021,-18.3869,126.9892,0
2009-06,ASN00004032,-20.3725,118.6317,92
2009-06,ASN00004038,-20.7483,118.8172,132
2009-06,ASN00004039,-20.9469,117.3733,638
2009-06,ASN00006044,-25.9261,113.5319,318
2009-06,ASN00006058,-27.4278,115.5147,312
2009-06,ASN00006069,-26.5903,115.9267,106
2009-06,ASN00006072,-23.0314,115.0414,125
2009-06,ASN00006097,-26.1203,113.3975,748
2009-06,ASN00006099,-26.8936,115.9561,198
2009-06,ASN00006105,-25.8925,113.5772,382
2009-06,ASN00007007,-26.9844,116.5361,149
2009-06,ASN00007014,-27.2528,117.6525,100
2009-06,ASN00006034,-25.3656,114.3594,274
2009-06,ASN00007017,-27.4233,117.8994,243
2009-06,ASN00007023,-25.6864,119.2258,187
2009-06,ASN00007030,-26.1142,117.5047,204
2009-06,ASN00007045,-26.6136,118.5372,44
2009-06,ASN00007059,-24.2297,118.2408,172
2009-06,ASN00007064,-27.3636,116.4261,90
2009-06,ASN00007068,-29.425,117.2906,586
2009-06,ASN00007078,-26.5597,118.5397,190
2009-06,ASN00007081,-28.8928,117.1333,770
2009-06,ASN00007090,-28.8439,117.8317,570
2009-06,ASN00007019,-24.0019,119.5725,160
2009-06,ASN00006022,-25.0544,115.21,252
2009-06,ASN00006011,-24.8878,113.67,338
2009-06,ASN00006010,-25.6114,115.4625,250
2009-06,ASN00004041,-20.8503,120.695,164
2009-06,ASN00004068,-19.7789,120.6417,37
2009-06,ASN00004083,-20.7097,116.7742,466
2009-06,ASN00004090,-20.7594,117.1583,376
2009-06,ASN00004106,-21.1756,119.7497,196
2009-06,ASN00005001,-21.8047,117.8056,196
2009-06,ASN00005006,-22.9119,116.2903,236
2009-06,ASN00005007,-22.2406,114.0967,458
2009-06,ASN00005008,-21.1906,115.9797,406
2009-06,ASN00005012,-21.5906,117.0656,366
2009-06,ASN00005014,-21.7869,117.8647,0
2009-06,ASN00005017,-21.6689,115.1092,426
2009-06,ASN00005022,-21.975,116.0653,541
2009-06,ASN00005029,-21.6767,116.3928,350
2009-06,ASN00005036,-22.9367,115.9825,74
2009-06,ASN00005061,-20.7278,116.7483,459
2009-06,ASN00005069,-21.6392,116.3308,378
2009-06,ASN00005084,-21.4606,115.0197,590
2009-06,ASN00005094,-20.875,115.4056,236
2009-06,ASN00005095,-22.9367,116.9731,220
2009-06,ASN00006008,-25.0481,114.0294,517
2009-06,ASN00007103,-25.48,119.6492,212
2009-06,ASN00009260,-32.4697,116.2143,2480
2009-06,ASN00009263,-31.8372,115.95,1235
2009-06,ASN00009264,-31.7078,115.7242,1180
2009-06,ASN00010060,-31.9886,118.5106,484
2009-06,ASN00010061,-31.1417,116.9558,576
2009-06,ASN00010064,-31.2747,116.5075,806
2009-06,ASN00010070,-30.3686,117.1133,470
2009-06,ASN00010073,-31.6183,117.7217,475
2009-06,ASN00010076,-31.0597,116.7319,566
2009-06,ASN00010082,-31.1125,117.9186,307
2009-06,ASN00010084,-30.1056,117.3597,356
2009-06,ASN00010091,-31.6322,117.0081,490
2009-06,ASN00010058,-31.2994,116.8269,250
2009-06,ASN00010092,-31.4756,118.2789,392
2009-06,ASN00010097,-30.6569,117.2625,412
2009-06,ASN00010111,-31.6508,116.6586,730
2009-06,ASN00010112,-31.1842,118.1006,356
2009-06,ASN00010118,-31.9917,118.0264,564
2009-06,ASN00010119,-31.795,118.3947,440
2009-06,ASN00010121,-31.6431,117.4872,438
2009-06,ASN00010124,-31.5136,118.1753,514
2009-06,ASN00010126,-31.1153,117.7942,466
2009-06,ASN00010134,-31.3119,116.515,732
2009-06,ASN00010095,-31.5936,118.2347,668
2009-06,ASN00010135,-30.4869,118.1258,412
2009-06,ASN00010053,-31.7233,118.4372,458
2009-06,ASN00010042,-31.1936,117.0311,222
2009-06,ASN00009989,-33.6458,115.9553,2238
2009-06,ASN00009990,-33.4775,115.7393,2296
2009-06,ASN00009991,-33.5711,115.8383,1988
2009-06,ASN00009992,-33.5435,115.5509,2312
2009-06,ASN00009994,-33.3608,116.1717,2544
2009-06,ASN00009997,-33.7647,115.8431,1804
2009-06,ASN00009998,-34.9469,116.7222,2666
2009-06,ASN00010007,-30.8081,117.8603,409
2009-06,ASN00010009,-31.2744,116.5092,882
2009-06,ASN00010043,-31.7661,116.9167,756
2009-06,ASN00010010,-30.9386,117.9642,356
2009-06,ASN00010012,-31.5278,117.4361,490
2009-06,ASN00010016,-31.8775,118.15,208
2009-06,ASN00010019,-31.3958,118.4808,558
2009-06,ASN00010026,-30.0606,117.1417,372
2009-06,ASN00010031,-31.3742,117.5861,294
2009-06,ASN00010032,-30.9964,117.3953,338
2009-06,ASN00010039,-31.0072,117.2042,356
2009-06,ASN00010040,-31.6089,117.8775,458
2009-06,ASN00010041,-31.6192,117.4372,398
2009-06,ASN00010011,-30.4731,118.3819,267
2009-06,ASN00010136,-30.5892,118.1489,386
2009-06,ASN00010138,-31.814,116.341,1503
2009-06,ASN00010143,-31.415,117.2664,482
2009-06,ASN00010530,-33.9144,117.0994,1314
2009-06,ASN00010531,-33.7069,117.2411,1296
2009-06,ASN00010534,-32.4825,117.5647,582
2009-06,ASN00010536,-32.3292,117.8733,590
2009-06,ASN00010537,-34.2961,117.5533,745
2009-06,ASN00010541,-33.8594,118.8158,704
2009-06,ASN00010546,-33.3142,117.74,600
2009-06,ASN00010556,-32.4797,116.8167,464
2009-06,ASN00010558,-33.9372,118.0075,278
2009-06,ASN00010527,-32.3756,117.5128,680
2009-06,ASN00010560,-32.5403,119.1122,328
2009-06,ASN00010568,-32.4419,118.8983,452
2009-06,ASN00010571,-32.3789,116.8258,860
2009-06,ASN00010582,-33.83,117.159,1532
2009-06,ASN00010584,-32.6719,118.1547,226
2009-06,ASN00010603,-32.4231,118.2003,372
2009-06,ASN00010611,-33.2761,119.7753,442
2009-06,ASN00010612,-32.0656,118.3956,638
2009-06,ASN00010614,-32.9342,117.1797,1082
2009-06,ASN00010622,-33.9644,118.4889,780
2009-06,ASN00010565,-32.6744,119.4144,413
2009-06,ASN00010524,-32.3725,117.0072,853
2009-06,ASN00010520,-33.6614,117.0539,1184
2009-06,ASN00010518,-32.4006,118.6058,488
2009-06,ASN00010145,-31.3756,117.5853,501
2009-06,ASN00010149,-31.3361,117.8164,434
2009-06,ASN00010150,-31.6358,116.7961,176
2009-06,ASN00010151,-31.5317,118.0986,446
2009-06,ASN00010155,-30.7686,117.1361,461
2009-06,ASN00010160,-31.4533,117.1194,342
2009-06,ASN00010163,-31.7711,117.1433,1008
2009-06,ASN00010192,-30.5539,118.2828,356
2009-06,ASN00010286,-31.6219,117.2217,384
2009-06,ASN00010294,-31.5736,117.5097,391
2009-06,ASN00010304,-31.485,116.5383,674
2009-06,ASN00010307,-31.7936,116.6278,944
2009-06,ASN00010308,-31.55,116.4867,572
2009-06,ASN00010310,-31.7647,116.3464,1522
2009-06,ASN00010311,-31.8997,116.765,808
2009-06,ASN00010502,-34.2553,118.2214,825
2009-06,ASN00010503,-32.0311,118.0947,554
2009-06,ASN00010508,-33.6361,117.9278,766
2009-06,ASN00010511,-32.8022,117.5025,370
2009-06,ASN00010513,-32.3869,118.2622,526
2009-06,ASN00010515,-32.1083,116.9247,848
2009-06,ASN00009988,-33.6808,115.6242,2520
2009-06,ASN00009987,-33.6414,115.7028,2552
2009-06,ASN00009982,-33.3878,115.8538,2418
2009-06,ASN00009978,-33.7563,115.2096,2786
2009-06,ASN00009594,-34.435,119.3628,1400
2009-06,ASN00009600,-33.9525,115.1969,1972
2009-06,ASN00009603,-33.6858,115.4008,2120
2009-06,ASN00009611,-34.9761,116.7328,1272
2009-06,ASN00009613,-34.1436,115.2261,2688
2009-06,ASN00009615,-34.715,118.4692,1200
2009-06,ASN00009616,-34.0911,116.6628,1418
2009-06,ASN00009617,-33.9486,116.1311,2104
2009-06,ASN00009619,-34.1519,116.2042,1550
2009-06,ASN00009592,-34.4478,116.0433,2786
2009-06,ASN00009626,-33.7106,121.5619,958
2009-06,ASN00009633,-34.8644,118.1122,1576
2009-06,ASN00009635,-34.3633,117.0836,1350
2009-06,ASN00009636,-33.8358,115.0747,2886
2009-06,ASN00009642,-33.1336,115.8808,1133
2009-06,ASN00009645,-33.7981,121.1503,850
2009-06,ASN00009647,-34.9506,117.2769,2526
2009-06,ASN00009654,-34.3986,119.3778,1138
2009-06,ASN00009678,-34.8772,117.6725,1940
2009-06,ASN00009692,-34.2258,115.7622,2036
2009-06,ASN00009628,-33.36,116.1467,1282
2009-06,ASN00009590,-34.6339,116.1236,2311
2009-06,ASN00009589,-34.9919,116.8206,2460
2009-06,ASN00009587,-33.9967,116.4253,1370
2009-06,ASN00009276,-30.5744,115.2231,976
2009-06,ASN00009500,-35.0289,117.8808,2212
2009-06,ASN00009506,-34.4678,116.9169,1566
2009-06,ASN00009507,-32.6836,116.5194,1624
2009-06,ASN00009513,-33.2136,115.85,2012
2009-06,ASN00009515,-33.6611,115.3456,1343
2009-06,ASN00009518,-34.3728,115.1358,1930
2009-06,ASN00009519,-33.5372,115.0189,1750
2009-06,ASN00009527,-33.3969,115.7833,2886
2009-06,ASN00009531,-34.9617,117.3567,1250
2009-06,ASN00009532,-34.9528,117.3733,2150
2009-06,ASN00009534,-33.5719,115.8247,2570
2009-06,ASN00009538,-32.7103,116.0594,2890
2009-06,ASN00009542,-33.6825,121.8275,902
2009-06,ASN00009547,-34.0717,115.0986,2926
2009-06,ASN00009556,-33.9781,116.3336,1606
2009-06,ASN00009573,-34.2508,116.145,1848
2009-06,ASN00009574,-33.9592,115.0642,2001
2009-06,ASN00009575,-32.8556,116.45,1722
2009-06,ASN00009579,-33.7633,122.0675,942
2009-06,ASN00009584,-33.7422,121.995,890
2009-06,ASN00009738,-33.4531,116.3025,2169
2009-06,ASN00023031,-34.9697,138.6331,449
2009-06,ASN00009739,-33.6789,122.3311,954
2009-06,ASN00009752,-34.7233,117.3494,1846
2009-06,ASN00009897,-33.8536,123.0069,672
2009-06,ASN00009899,-34.8883,118.0789,1370
2009-06,ASN00009904,-34.5967,116.1072,3530
2009-06,ASN00009908,-34.2292,115.9294,2130
2009-06,ASN00009912,-33.445,115.8508,2940
2009-06,ASN00009914,-33.3197,116.6464,1620
2009-06,ASN00009917,-33.7058,115.7878,2766
2009-06,ASN00009927,-33.6028,116.0128,2604
2009-06,ASN00009928,-34.8389,116.7211,2628
2009-06,ASN00009894,-32.9183,115.9217,2281
2009-06,ASN00009936,-32.6239,116.0603,3363
2009-06,ASN00009958,-34.6625,117.8394,1116
2009-06,ASN00009961,-33.9306,120.1283,836
2009-06,ASN00009964,-34.5714,117.0106,8210
2009-06,ASN00009965,-33.3567,115.6447,2200
2009-06,ASN00009967,-34.7772,117.6508,1307
2009-06,ASN00009968,-34.5683,116.3367,2510
2009-06,ASN00009971,-33.7844,115.4075,2510
2009-06,ASN00009976,-32.6453,115.8644,1774
2009-06,ASN00009977,-32.5219,115.7119,1336
2009-06,ASN00009957,-35.0367,116.9247,2816
2009-06,ASN00009877,-33.6033,115.4983,2096
2009-06,ASN00009871,-34.8361,116.0308,2616
2009-06,ASN00009868,-33.7078,120.8653,862
2009-06,ASN00009754,-34.5961,118.5519,1075
2009-06,ASN00009766,-35.0597,117.8658,2244
2009-06,ASN00009769,-32.5698,116.4385,2140
2009-06,ASN00009771,-33.7411,115.4697,2384
2009-06,ASN00009772,-33.7608,121.2156,804
2009-06,ASN00009776,-33.7931,115.3189,2438
2009-06,ASN00009784,-34.9319,117.1606,2300
2009-06,ASN00009789,-33.83,121.8925,1088
2009-06,ASN00009801,-34.1597,115.1892,2680
2009-06,ASN00009803,-33.7831,115.3447,1140
2009-06,ASN00009804,-33.8811,122.2167,1308
2009-06,ASN00009805,-34.9769,116.7286,1208
2009-06,ASN00009813,-33.7297,122.755,788
2009-06,ASN00009815,-33.8819,122.5661,1492
2009-06,ASN00009822,-33.7753,121.555,1060
2009-06,ASN00009842,-33.7964,115.6658,2462
2009-06,ASN00009843,-34.4417,116.9944,1112
2009-06,ASN00009848,-34.7719,118.1317,1330
2009-06,ASN00009850,-34.5378,117.7197,1322
2009-06,ASN00009852,-34.8883,118.3958,1482
2009-06,ASN00009865,-34.3997,118.8867,946
2009-06,ASN00009741,-34.9414,117.8022,1756
2009-06,ASN00023034,-34.9524,138.5204,390
2009-06,ASN00002012,-18.2292,127.6636,0
2009-06,ASN00023043,-34.7607,138.6311,486
2009-06,ASN00039054,-24.1967,150.3714,214
2009-06,ASN00039059,-24.1116,152.7161,1144
2009-06,ASN00039066,-25.6167,151.6156,566
2009-06,ASN00039067,-23.5798,150.4044,120
2009-06,ASN00039068,-23.8104,150.9783,128
2009-06,ASN00039070,-25.1694,151.6375,512
2009-06,ASN00039071,-24.5722,149.9694,192
2009-06,ASN00039073,-25.5908,151.2986,509
2009-06,ASN00039083,-23.3753,150.4775,78
2009-06,ASN00039043,-23.5255,150.5078,132
2009-06,ASN00039085,-24.7298,153.2089,716
2009-06,ASN00039092,-24.6792,152.1881,222
2009-06,ASN00039095,-24.6342,152.0228,355
2009-06,ASN00039097,-24.7158,152.0075,380
2009-06,ASN00039102,-23.9078,150.1953,110
2009-06,ASN00039104,-24.8642,151.1247,224
2009-06,ASN00039106,-24.4081,150.7258,166
2009-06,ASN00039123,-23.8553,151.2628,162
2009-06,ASN00039128,-24.8885,152.3235,386
2009-06,ASN00039129,-24.6156,151.105,86
2009-06,ASN00039089,-24.4935,150.5709,149
2009-06,ASN00039135,-24.8036,152.4547,426
2009-06,ASN00039040,-24.9933,151.9606,390
2009-06,ASN00039035,-23.1375,149.9726,134
2009-06,ASN00037120,-21.8958,143.0967,90
2009-06,ASN00038000,-24.3597,139.4714,0
2009-06,ASN00038003,-22.9117,139.9039,0
2009-06,ASN00038004,-24.8522,143.6672,384
2009-06,ASN00038009,-24.7856,139.5919,0
2009-06,ASN00038010,-22.9144,138.8036,30
2009-06,ASN00038012,-24.8303,143.9331,168
2009-06,ASN00038014,-23.365,139.6556,0
2009-06,ASN00038020,-25.79,139.5856,0
2009-06,ASN00039036,-25.3706,151.1222,418
2009-06,ASN00038024,-25.4228,142.6564,380
2009-06,ASN00038035,-25.5903,143.8917,438
2009-06,ASN00038049,-24.8519,142.6964,162
2009-06,ASN00038056,-25.6653,142.1086,0
2009-06,ASN00038060,-25.1806,142.6817,120
2009-06,ASN00038062,-24.6947,143.1275,48
2009-06,ASN00038063,-25.1494,142.9833,85
2009-06,ASN00039000,-25.1333,151.1292,368
2009-06,ASN00039009,-24.8408,152.2414,422
2009-06,ASN00039018,-24.0222,151.7642,500
2009-06,ASN00038026,-25.8975,139.3472,10
2009-06,ASN00039142,-24.8139,149.9892,282
2009-06,ASN00039151,-24.8075,150.2197,278
2009-06,ASN00039158,-24.9472,150.0789,236
2009-06,ASN00039341,-25.5247,151.76,588
2009-06,ASN00039343,-25.5378,151.32,496
2009-06,ASN00039346,-25.695,151.3325,800
2009-06,ASN00039349,-23.6211,150.1567,64
2009-06,ASN00040004,-27.6297,152.7111,237
2009-06,ASN00040020,-26.8848,152.1006,712
2009-06,ASN00040026,-25.5997,152.5925,952
2009-06,ASN00040028,-25.6006,152.2614,696
2009-06,ASN00040042,-28.0142,153.1664,1534
2009-06,ASN00039340,-25.62,151.59,686
2009-06,ASN00040043,-27.0314,153.4661,1038
2009-06,ASN00040056,-27.3914,152.5014,461
2009-06,ASN00040057,-26.1842,152.9136,978
2009-06,ASN00040068,-25.9319,153.1906,1112
2009-06,ASN00040071,-26.3828,151.1922,824
2009-06,ASN00040075,-27.2397,152.4219,628
2009-06,ASN00040078,-26.4769,152.945,1540
2009-06,ASN00040079,-27.5831,152.3806,256
2009-06,ASN00040082,-27.5436,152.3375,428
2009-06,ASN00040083,-27.5428,152.2817,442
2009-06,ASN00040051,-26.7297,152.7169,930
2009-06,ASN00039339,-25.1475,151.6286,354
2009-06,ASN00039338,-24.9822,152.0731,450
2009-06,ASN00039334,-24.0213,150.9603,70
2009-06,ASN00039168,-25.1025,152.5603,432
2009-06,ASN00039175,-24.4167,151.2119,132
2009-06,ASN00039186,-24.9297,152.1983,366
2009-06,ASN00039201,-24.3278,149.8556,230
2009-06,ASN00039205,-24.8725,150.8236,238
2009-06,ASN00039220,-24.6544,151.6311,290
2009-06,ASN00039241,-23.7583,151.3097,152
2009-06,ASN00039242,-23.4009,150.6238,26
2009-06,ASN00039251,-24.7275,151.4308,144
2009-06,ASN00039252,-24.2122,151.4219,202
2009-06,ASN00039255,-24.1664,151.5128,250
2009-06,ASN00039256,-25.1475,151.6286,452
2009-06,ASN00039278,-24.8394,150.7444,260
2009-06,ASN00039290,-24.4131,150.5208,166
2009-06,ASN00039303,-25.2558,152.2819,454
2009-06,ASN00039313,-25.1367,151.98,430
2009-06,ASN00039314,-24.1542,151.8875,624
2009-06,ASN00039319,-25.1303,151.1297,310
2009-06,ASN00039321,-25.4,151.1,350
2009-06,ASN00039326,-23.8697,151.2214,138
2009-06,ASN00039332,-24.41,149.8356,116
2009-06,ASN00037112,-23.9686,143.3031,80
2009-06,ASN00040089,-26.0564,152.7889,1045
2009-06,ASN00037106,-21.8831,139.9728,0
2009-06,ASN00037046,-22.2903,142.4731,12
2009-06,ASN00034061,-22.9372,149.1386,88
2009-06,ASN00034084,-20.0464,146.2708,0
2009-06,ASN00034094,-20.9994,146.4272,0
2009-06,ASN00034100,-22.2411,148.43,0
2009-06,ASN00035001,-23.5522,147.7461,74
2009-06,ASN00035014,-26.1206,149.9614,474
2009-06,ASN00035015,-25.4025,149.1044,284
2009-06,ASN00035016,-23.0856,148.0236,94
2009-06,ASN00035026,-23.7139,149.6725,80
2009-06,ASN00034044,-21.0767,146.5133,0
2009-06,ASN00035039,-26.3564,150.0464,536
2009-06,ASN00035049,-24.5608,145.7869,318
2009-06,ASN00035053,-23.1864,147.3539,424
2009-06,ASN00035063,-24.2111,148.7403,350
2009-06,ASN00035064,-24.4481,147.8986,352
2009-06,ASN00035065,-24.123,148.0856,48
2009-06,ASN00035068,-25.6103,148.9444,384
2009-06,ASN00035069,-24.8819,146.2564,223
2009-06,ASN00035070,-25.6408,149.7958,184
2009-06,ASN00035072,-24.8856,146.2781,222
2009-06,ASN00035040,-25.5811,148.4811,82
2009-06,ASN00035077,-24.9214,148.6006,360
2009-06,ASN00034027,-22.7744,148.81,150
2009-06,ASN00034010,-20.4328,146.0131,0
2009-06,ASN00033287,-19.9717,147.2508,150
2009-06,ASN00033288,-19.6433,147.3972,30
2009-06,ASN00033289,-20.1425,147.5631,0
2009-06,ASN00033290,-20.2897,147.9019,20
2009-06,ASN00033291,-20.3089,147.2961,70
2009-06,ASN00033292,-20.5819,147.5981,10
2009-06,ASN00033294,-23.1364,150.7506,238
2009-06,ASN00033295,-19.4569,147.4833,78
2009-06,ASN00033299,-21.2725,148.8203,180
2009-06,ASN00034015,-22.0656,147.7219,260
2009-06,ASN00033300,-21.1439,149.0753,60
2009-06,ASN00033302,-21.1772,148.8311,200
2009-06,ASN00033303,-21.1397,149.1883,290
2009-06,ASN00033306,-20.4103,148.2306,80
2009-06,ASN00033307,-19.4167,146.5364,44
2009-06,ASN00033308,-22.7433,150.6578,666
2009-06,ASN00033310,-23.2,150.3978,128
2009-06,ASN00033312,-23.2233,150.605,88
2009-06,ASN00033313,-22.8264,150.3372,130
2009-06,ASN00034007,-20.7019,147.0175,64
2009-06,ASN00033301,-21.3228,148.835,170
2009-06,ASN00035079,-24.6217,147.4064,530
2009-06,ASN00035081,-26.2853,149.8283,460
2009-06,ASN00035088,-24.3339,147.9425,364
2009-06,ASN00036031,-23.4372,144.2769,74
2009-06,ASN00036034,-24.4303,145.4306,324
2009-06,ASN00036036,-23.6239,145.6892,63
2009-06,ASN00036037,-22.595,144.5469,70
2009-06,ASN00036046,-21.6292,145.1167,64
2009-06,ASN00036050,-22.0231,145.9831,0
2009-06,ASN00036074,-22.3022,145.99,0
2009-06,ASN00036094,-24.4464,144.1094,410
2009-06,ASN00036127,-24.6017,143.8314,250
2009-06,ASN00036028,-22.1769,144.0486,10
2009-06,ASN00036143,-24.4214,145.4672,362
2009-06,ASN00036168,-24.9553,145.2489,250
2009-06,ASN00036172,-21.9667,144.3333,0
2009-06,ASN00037000,-22.1542,142.49,0
2009-06,ASN00037003,-20.4661,138.4683,0
2009-06,ASN00037010,-19.9225,138.1214,0
2009-06,ASN00037030,-21.8886,143.6019,260
2009-06,ASN00037034,-21.8125,139.9267,0
2009-06,ASN00037036,-21.84,140.8925,0
2009-06,ASN00037039,-22.3617,143.0836,18
2009-06,ASN00036160,-22.2717,147.0903,0
2009-06,ASN00036026,-24.2591,144.4406,428
2009-06,ASN00036023,-21.5119,144.6339,80
2009-06,ASN00036011,-22.2067,145.0083,0
2009-06,ASN00035090,-24.9588,148.3743,460
2009-06,ASN00035094,-22.4831,147.5172,60
2009-06,ASN00035109,-22.8181,148.49,208
2009-06,ASN00035117,-25.3864,149.7842,274
2009-06,ASN00035131,-23.1331,148.5267,32
2009-06,ASN00035132,-23.4292,148.9272,178
2009-06,ASN00035135,-25.7583,149.4067,304
2009-06,ASN00035151,-25.2797,148.85,198
2009-06,ASN00035165,-24.0717,146.6139,108
2009-06,ASN00035182,-25.6753,149.6331,176
2009-06,ASN00035207,-24.2236,148.0958,666
2009-06,ASN00035211,-22.6217,147.6589,132
2009-06,ASN00035221,-23.3039,148.1056,0
2009-06,ASN00035225,-24.2897,148.1053,350
2009-06,ASN00035242,-25.8986,150.1297,506
2009-06,ASN00035264,-23.5694,148.1756,134
2009-06,ASN00035274,-23.8467,148.1083,0
2009-06,ASN00035282,-25.6333,149.7833,170
2009-06,ASN00036004,-22.9717,145.245,62
2009-06,ASN00036006,-21.7117,144.3928,2
2009-06,ASN00036007,-23.5544,145.2883,110
2009-06,ASN00037056,-22.2628,143.7447,250
2009-06,ASN00033286,-19.7586,147.2436,0
2009-06,ASN00040093,-26.1831,152.6414,754
2009-06,ASN00040104,-27.949,152.6235,642
2009-06,ASN00040841,-28.1481,152.57,670
2009-06,ASN00040842,-27.3917,153.1292,944
2009-06,ASN00040844,-28.135,153.1883,1480
2009-06,ASN00040845,-28.2006,153.1872,1640
2009-06,ASN00040846,-28.0017,153.3083,1460
2009-06,ASN00040848,-28.2083,153.27,2200
2009-06,ASN00040849,-27.9136,153.3657,1492
2009-06,ASN00040854,-27.6839,153.1947,1160
2009-06,ASN00040856,-25.9007,153.0891,1150
2009-06,ASN00040836,-27.6272,152.7461,680
2009-06,ASN00040861,-26.6006,153.0903,1158
2009-06,ASN00040867,-27.9406,152.6236,636
2009-06,ASN00040868,-25.7417,152.2353,702
2009-06,ASN00040876,-28.2372,152.4867,970
2009-06,ASN00040878,-27.6947,153.1364,880
2009-06,ASN00040881,-27.9561,153.4233,1230
2009-06,ASN00040882,-28.1653,153.2161,1330
2009-06,ASN00040889,-26.4472,152.4869,236
2009-06,ASN00040891,-25.6022,152.2603,670
2009-06,ASN00040892,-25.9586,152.5753,32
2009-06,ASN00040865,-28.0936,152.7158,732
2009-06,ASN00040893,-26.0642,152.7728,930
2009-06,ASN00040833,-25.7683,152.525,360
2009-06,ASN00040830,-26.6278,152.7042,670
2009-06,ASN00040770,-27.5152,153.2492,1200
2009-06,ASN00040777,-26.4572,152.6803,810
2009-06,ASN00040778,-26.3583,152.6283,870
2009-06,ASN00040782,-26.3297,152.8136,950
2009-06,ASN00040784,-27.615,153.0444,870
2009-06,ASN00040785,-27.6017,152.9511,760
2009-06,ASN00040786,-27.7456,152.9081,500
2009-06,ASN00040790,-27.5467,153.0717,580
2009-06,ASN00040793,-27.7633,152.8367,580
2009-06,ASN00040832,-28.2033,152.77,570
2009-06,ASN00040794,-27.6956,152.9333,870
2009-06,ASN00040808,-27.2641,152.1959,518
2009-06,ASN00040811,-26.0833,152.2167,380
2009-06,ASN00040814,-26.5256,152.7428,900
2009-06,ASN00040816,-27.6658,152.6989,640
2009-06,ASN00040823,-27.1381,152.3294,160
2009-06,ASN00040824,-26.1711,152.5994,810
2009-06,ASN00040825,-25.9,152.3497,590
2009-06,ASN00040827,-25.7167,151.8,160
2009-06,ASN00040829,-27.5439,152.1133,280
2009-06,ASN00040801,-26.3878,152.6842,236
2009-06,ASN00040896,-25.6517,152.6633,950
2009-06,ASN00040902,-25.4969,152.3836,520
2009-06,ASN00040903,-25.2386,152.5319,380
2009-06,ASN00040946,-28.2153,152.8681,720
2009-06,ASN00040947,-28.1481,152.57,780
2009-06,ASN00040948,-28.1461,152.7358,910
2009-06,ASN00040949,-28.0033,152.6875,690
2009-06,ASN00040958,-27.2169,153.0922,1126
2009-06,ASN00040964,-27.6696,153.0442,724
2009-06,ASN00040965,-27.2442,153.0867,1096
2009-06,ASN00040969,-27.0717,153.1058,2316
2009-06,ASN00040976,-27.4753,152.9753,1087
2009-06,ASN00040945,-28.0708,152.9272,770
2009-06,ASN00040979,-27.1247,152.9356,1540
2009-06,ASN00041012,-26.6764,150.8992,526
2009-06,ASN00041013,-28.2264,152.0661,354
2009-06,ASN00041014,-28.3539,151.6281,338
2009-06,ASN00041016,-27.5331,151.2025,426
2009-06,ASN00041022,-28.5,151.9722,590
2009-06,ASN00041024,-27.2067,151.8467,614
2009-06,ASN00041025,-27.5742,151.0839,215
2009-06,ASN00041034,-28.4039,151.4703,223
2009-06,ASN00023042,-34.9387,138.6607,582
2009-06,ASN00040980,-27.1822,153.0186,1170
2009-06,ASN00040944,-28.1692,152.9833,810
2009-06,ASN00040943,-28.2453,152.8908,820
2009-06,ASN00040942,-28.3222,152.7697,810
2009-06,ASN00040904,-25.2756,152.5089,440
2009-06,ASN00040905,-25.2928,152.4097,440
2009-06,ASN00040906,-25.4019,152.5317,600
2009-06,ASN00040907,-25.3289,152.5619,730
2009-06,ASN00040908,-26.3911,153.0403,382
2009-06,ASN00040912,-27.7597,152.47,320
2009-06,ASN00040913,-27.4808,153.0389,876
2009-06,ASN00040914,-27.4942,152.4972,606
2009-06,ASN00040922,-26.5737,151.8398,746
2009-06,ASN00040924,-26.9028,152.7664,1000
2009-06,ASN00040928,-27.5639,152.8208,1023
2009-06,ASN00040931,-28.2314,153.1356,1820
2009-06,ASN00040932,-28.2608,153.0917,800
2009-06,ASN00040933,-28.27,153.0264,660
2009-06,ASN00040935,-27.7864,153.0161,700
2009-06,ASN00040936,-28.0614,153.0408,830
2009-06,ASN00040937,-27.9978,153.1575,1400
2009-06,ASN00040938,-27.9108,153.1047,820
2009-06,ASN00040939,-27.9681,152.9861,780
2009-06,ASN00040940,-27.8336,152.9878,750
2009-06,ASN00040941,-28.0708,152.8558,950
2009-06,ASN00040764,-27.939,153.4283,1398
2009-06,ASN00040094,-27.8117,152.6675,612
2009-06,ASN00040763,-27.395,152.6097,552
2009-06,ASN00040761,-27.7828,153.1889,1130
2009-06,ASN00040223,-27.4178,153.1142,902
2009-06,ASN00040224,-27.4193,153.0024,1156
2009-06,ASN00040231,-27.4565,153.18,1212
2009-06,ASN00040246,-26.5539,151.4156,908
2009-06,ASN00040247,-26.8422,152.5803,824
2009-06,ASN00040255,-26.41,151.815,794
2009-06,ASN00040258,-26.8408,151.9806,210
2009-06,ASN00040259,-26.8933,151.8975,740
2009-06,ASN00040269,-27.6374,153.3735,1279
2009-06,ASN00040211,-27.5717,153.0078,924
2009-06,ASN00040284,-26.9586,152.9619,1988
2009-06,ASN00040290,-28.1725,152.72,788
2009-06,ASN00040301,-27.1882,151.9634,514
2009-06,ASN00040307,-26.9664,151.7086,700
2009-06,ASN00040312,-27.7354,152.9443,612
2009-06,ASN00040320,-27.4174,153.1552,1591
2009-06,ASN00040334,-25.5097,152.0456,448
2009-06,ASN00040335,-27.9694,153.2133,1980
2009-06,ASN00040341,-27.8794,153.2139,1590
2009-06,ASN00040343,-27.0397,152.8678,1286
2009-06,ASN00040289,-27.1136,151.8517,588
2009-06,ASN00040345,-27.8064,153.2072,890
2009-06,ASN00040209,-27.4361,153.5456,2482
2009-06,ASN00040199,-26.7433,151.8439,740
2009-06,ASN00040106,-26.5956,152.7281,1188
2009-06,ASN00040118,-26.6234,152.684,784
2009-06,ASN00040120,-27.4617,152.5747,424
2009-06,ASN00040123,-26.6225,152.8656,1514
2009-06,ASN00040126,-25.5161,152.7156,600
2009-06,ASN00040139,-28.0708,152.6119,540
2009-06,ASN00040140,-27.1492,152.5781,812
2009-06,ASN00040141,-27.6163,153.2039,1360
2009-06,ASN00040144,-25.7411,152.2364,670
2009-06,ASN00040206,-26.325,152.7869,966
2009-06,ASN00040145,-27.0625,152.7789,1452
2009-06,ASN00040162,-28.1634,153.2126,423
2009-06,ASN00040167,-28.326,152.7696,2610
2009-06,ASN00040169,-26.8425,152.8819,1482
2009-06,ASN00040170,-27.3042,152.0542,454
2009-06,ASN00040177,-26.1639,151.6014,714
2009-06,ASN00040184,-27.6322,152.5944,397
2009-06,ASN00040189,-27.1147,152.555,937
2009-06,ASN00040196,-28.14,153.4293,1962
2009-06,ASN00040197,-27.9695,153.1952,666
2009-06,ASN00040151,-25.605,152.5892,947
2009-06,ASN00040385,-26.5539,151.6678,918
2009-06,ASN00040388,-27.6342,152.2206,430
2009-06,ASN00040390,-25.65,152.6647,905
2009-06,ASN00040537,-27.4973,153.4078,2354
2009-06,ASN00040550,-28.2452,153.2369,2638
2009-06,ASN00040607,-28.2031,153.2719,2224
2009-06,ASN00040609,-28.1178,153.4457,1814
2009-06,ASN00040635,-26.8369,152.4914,840
2009-06,ASN00040659,-27.6956,152.9408,276
2009-06,ASN00040671,-26.2839,151.1897,990
2009-06,ASN00040672,-27.5486,152.0236,404
2009-06,ASN00040677,-28.1752,152.6557,628
2009-06,ASN00040534,-28.1629,153.2641,1724
2009-06,ASN00040686,-26.1842,152.8208,1054
2009-06,ASN00040693,-27.3786,152.8164,1108
2009-06,ASN00040695,-26.6842,152.9589,1150
2009-06,ASN00040708,-26.0336,151.0603,644
2009-06,ASN00040714,-28.0708,152.9272,580
2009-06,ASN00040715,-27.6473,153.1718,1156
2009-06,ASN00040717,-28.1681,153.5053,1844
2009-06,ASN00040722,-26.0942,151.4417,658
2009-06,ASN00040738,-27.9114,153.1056,570
2009-06,ASN00040754,-28.2153,152.8681,540
2009-06,ASN00040688,-25.9575,152.4919,660
2009-06,ASN00040517,-27.1953,152.7539,1296
2009-06,ASN00040516,-27.8429,153.3502,935
2009-06,ASN00040503,-27.6075,152.58,350
2009-06,ASN00040394,-28.2321,152.7829,678
2009-06,ASN00040395,-27.7183,152.1211,480
2009-06,ASN00040396,-26.7778,152.8033,1490
2009-06,ASN00040405,-25.322,152.8817,648
2009-06,ASN00040407,-28.0557,153.033,790
2009-06,ASN00040412,-25.2483,152.6636,426
2009-06,ASN00040416,-28.0017,153.3083,1530
2009-06,ASN00040417,-28.0686,153.4241,420
2009-06,ASN00040424,-27.755,152.0814,284
2009-06,ASN00040430,-25.2825,152.8994,610
2009-06,ASN00040449,-27.5572,152.2308,482
2009-06,ASN00040455,-25.85,151.3667,596
2009-06,ASN00040458,-27.5314,153.1825,1188
2009-06,ASN00040463,-27.5797,152.9875,963
2009-06,ASN00040469,-25.8694,152.3172,530
2009-06,ASN00040478,-25.5047,153.1289,864
2009-06,ASN00040480,-27.2883,152.1239,538
2009-06,ASN00040485,-28.249,152.5232,994
2009-06,ASN00040490,-28.2086,152.5389,814
2009-06,ASN00040493,-27.78,152.5346,342
2009-06,ASN00040500,-26.6403,151.9431,810
2009-06,ASN00040762,-27.8336,152.9878,580
2009-06,ASN00033285,-23.0883,150.11,120
2009-06,ASN00041018,-27.9317,151.9058,68
2009-06,ASN00033277,-21.1789,148.8297,150
2009-06,ASN00024518,-35.6902,139.3375,524
2009-06,ASN00024519,-35.4068,138.9701,370
2009-06,ASN00024521,-35.1234,139.2592,364
2009-06,ASN00024525,-34.853,139.1607,462
2009-06,ASN00024528,-33.9888,139.08,751
2009-06,ASN00024531,-34.5719,139.2961,382
2009-06,ASN00024536,-35.2546,139.4542,72
2009-06,ASN00024537,-35.619,139.4378,566
2009-06,ASN00024551,-35.1093,139.0806,446
2009-06,ASN00024515,-35.2959,139.0328,318
2009-06,ASN00024554,-35.1978,139.5871,264
2009-06,ASN00024564,-34.3515,139.6153,372
2009-06,ASN00024572,-35.2828,139.2031,310
2009-06,ASN00024573,-34.4085,139.1274,140
2009-06,ASN00024575,-34.5444,139.193,586
2009-06,ASN00024576,-35.348,138.9771,424
2009-06,ASN00024577,-35.7344,139.2675,580
2009-06,ASN00024578,-34.0647,139.6605,506
2009-06,ASN00024579,-34.8788,138.974,914
2009-06,ASN00024580,-35.2836,138.8934,468
2009-06,ASN00024555,-34.2571,139.0923,635
2009-06,ASN00024582,-35.1016,139.1426,412
2009-06,ASN00024511,-34.1754,139.0847,692
2009-06,ASN00024508,-35.125,139.0433,412
2009-06,ASN00023890,-35.0012,138.62,1232
2009-06,ASN00023891,-34.9847,138.7404,1306
2009-06,ASN00023892,-34.8856,138.7562,878
2009-06,ASN00023894,-35.5194,138.8177,372
2009-06,ASN00023896,-34.8757,138.7103,666
2009-06,ASN00023897,-35.3159,138.6218,732
2009-06,ASN00023905,-34.9695,138.741,1238
2009-06,ASN00024001,-34.2591,140.4708,289
2009-06,ASN00024003,-34.1658,140.7541,296
2009-06,ASN00024509,-34.3515,139.1289,408
2009-06,ASN00024008,-34.2579,140.6478,306
2009-06,ASN00024013,-34.4442,140.4958,242
2009-06,ASN00024024,-34.439,140.5978,210
2009-06,ASN00024025,-34.2717,140.5964,190
2009-06,ASN00024029,-34.2159,140.186,424
2009-06,ASN00024031,-34.17,139.817,524
2009-06,ASN00024048,-34.1983,140.6766,238
2009-06,ASN00024501,-34.0954,139.1543,638
2009-06,ASN00024502,-34.6923,139.4396,298
2009-06,ASN00024504,-34.1233,139.3509,594
2009-06,ASN00024010,-34.2918,140.3632,382
2009-06,ASN00024584,-35.065,139.2273,338
2009-06,ASN00025000,-34.7314,140.5036,137
2009-06,ASN00025002,-34.8276,139.6673,255
2009-06,ASN00026000,-37.4861,140.0115,664
2009-06,ASN00026007,-36.7124,140.9552,512
2009-06,ASN00026012,-36.8309,139.8526,490
2009-06,ASN00026016,-36.9731,140.3664,584
2009-06,ASN00026017,-36.501,140.3835,540
2009-06,ASN00026018,-37.5872,140.3426,214
2009-06,ASN00026020,-37.8333,140.7833,911
2009-06,ASN00026021,-37.7473,140.7739,592
2009-06,ASN00026025,-37.3803,140.8379,180
2009-06,ASN00025562,-35.3778,140.5378,220
2009-06,ASN00026026,-37.1628,139.756,824
2009-06,ASN00026062,-36.9229,140.5809,512
2009-06,ASN00026067,-37.9594,140.7703,176
2009-06,ASN00026086,-37.3797,140.3294,608
2009-06,ASN00026091,-37.2906,140.8254,380
2009-06,ASN00026095,-36.9655,139.7164,680
2009-06,ASN00026098,-37.5422,140.8137,122
2009-06,ASN00026099,-36.9813,140.727,464
2009-06,ASN00026100,-36.6539,140.5212,494
2009-06,ASN00026101,-37.4003,140.3351,582
2009-06,ASN00026058,-36.6064,140.7118,328
2009-06,ASN00025561,-36.3994,140.8424,332
2009-06,ASN00025560,-36.3098,140.74,128
2009-06,ASN00025558,-35.4696,139.9461,275
2009-06,ASN00025006,-35.09,139.8972,417
2009-06,ASN00025013,-35.2977,140.6667,290
2009-06,ASN00025014,-34.7169,140.7352,290
2009-06,ASN00025015,-35.268,140.9075,340
2009-06,ASN00025018,-34.7884,140.5003,306
2009-06,ASN00025036,-35.1524,140.288,386
2009-06,ASN00025039,-35.0393,139.9844,282
2009-06,ASN00025042,-35.244,139.8261,380
2009-06,ASN00025046,-35.0662,140.856,362
2009-06,ASN00025050,-34.6345,140.2432,380
2009-06,ASN00025051,-34.5876,140.0791,392
2009-06,ASN00025502,-35.379,139.5617,95
2009-06,ASN00025504,-35.6984,139.8633,152
2009-06,ASN00025506,-35.38,140.1588,362
2009-06,ASN00025507,-36.098,140.3556,532
2009-06,ASN00025512,-35.3805,140.2519,360
2009-06,ASN00025513,-35.3627,139.9503,46
2009-06,ASN00025514,-35.8806,140.0594,90
2009-06,ASN00025519,-36.3654,140.9096,314
2009-06,ASN00025523,-35.8597,139.5599,408
2009-06,ASN00025557,-36.1058,140.3273,498
2009-06,ASN00023887,-35.1712,138.6783,552
2009-06,ASN00026103,-37.134,140.7273,542
2009-06,ASN00023885,-35.1586,138.5057,494
2009-06,ASN00023881,-34.7742,139.0062,778
2009-06,ASN00023355,-34.207,138.7886,748
2009-06,ASN00023357,-34.4709,138.9991,606
2009-06,ASN00023365,-34.2318,138.6952,842
2009-06,ASN00023369,-34.4557,138.9222,580
2009-06,ASN00023370,-34.3143,138.7293,514
2009-06,ASN00023372,-34.4534,139.0638,580
2009-06,ASN00023373,-34.4761,139.0056,630
2009-06,ASN00023374,-34.2523,139.0183,506
2009-06,ASN00023704,-35.0077,138.6498,882
2009-06,ASN00023349,-34.0936,138.7952,718
2009-06,ASN00023705,-34.8148,138.9474,852
2009-06,ASN00023709,-35.0611,138.6585,824
2009-06,ASN00023710,-35.1087,138.6256,762
2009-06,ASN00023714,-35.3736,138.806,460
2009-06,ASN00023718,-35.4987,138.7638,70
2009-06,ASN00023719,-34.8237,138.8859,286
2009-06,ASN00023720,-35.0303,138.8148,806
2009-06,ASN00023721,-35.0608,138.5647,688
2009-06,ASN00023722,-34.9303,139.014,824
2009-06,ASN00023723,-35.4935,138.4575,886
2009-06,ASN00023707,-35.0102,138.7602,1191
2009-06,ASN00023725,-34.5569,139.1338,630
2009-06,ASN00023348,-34.5103,138.835,540
2009-06,ASN00023318,-34.5169,138.9598,753
2009-06,ASN00023055,-34.9552,138.5356,342
2009-06,ASN00033280,-19.6333,147.1103,10
2009-06,ASN00023076,-34.432,138.2587,674
2009-06,ASN00023083,-34.7111,138.6222,550
2009-06,ASN00023087,-34.5371,138.6049,540
2009-06,ASN00023096,-34.8564,138.6844,692
2009-06,ASN00023101,-34.8925,138.6422,460
2009-06,ASN00023105,-34.9808,138.621,672
2009-06,ASN00023107,-34.601,138.7359,602
2009-06,ASN00023319,-34.2778,138.7725,670
2009-06,ASN00023108,-35.0495,138.7259,822
2009-06,ASN00023115,-34.9473,138.5827,472
2009-06,ASN00023122,-34.5106,138.6763,504
2009-06,ASN00023128,-34.2015,138.597,748
2009-06,ASN00023129,-34.4611,138.5581,518
2009-06,ASN00023305,-34.4577,138.9277,564
2009-06,ASN00023306,-34.1697,138.8095,716
2009-06,ASN00023307,-34.3412,138.9155,194
2009-06,ASN00023310,-34.005,138.8142,884
2009-06,ASN00023314,-34.158,138.7483,852
2009-06,ASN00023114,-34.9542,138.6586,640
2009-06,ASN00023726,-34.9044,138.8742,197
2009-06,ASN00023727,-35.0484,138.7354,882
2009-06,ASN00023731,-34.8331,138.8215,852
2009-06,ASN00023817,-35.0221,138.7344,1106
2009-06,ASN00023820,-34.6805,138.8561,822
2009-06,ASN00023822,-35.1802,139.0239,394
2009-06,ASN00023825,-35.5288,138.8067,393
2009-06,ASN00023839,-35.0216,138.6097,850
2009-06,ASN00023842,-34.9784,138.7088,1236
2009-06,ASN00023846,-35.0028,138.6635,746
2009-06,ASN00023858,-34.763,138.7765,728
2009-06,ASN00023860,-34.9499,138.6866,664
2009-06,ASN00023810,-34.971,138.7042,1172
2009-06,ASN00023865,-34.8944,138.8099,924
2009-06,ASN00023867,-34.9342,138.7467,1302
2009-06,ASN00023871,-35.3175,138.4636,624
2009-06,ASN00023873,-34.9913,138.6937,964
2009-06,ASN00023875,-35.5695,138.2864,1098
2009-06,ASN00023876,-35.2276,138.5366,162
2009-06,ASN00023877,-34.7863,138.8651,874
2009-06,ASN00023878,-34.7253,138.9273,464
2009-06,ASN00023879,-34.8476,138.8751,826
2009-06,ASN00023880,-34.7595,138.9341,904
2009-06,ASN00023866,-35.0068,138.8033,816
2009-06,ASN00023806,-34.8067,138.7552,810
2009-06,ASN00023804,-35.5544,138.5997,474
2009-06,ASN00023803,-34.9423,138.727,950
2009-06,ASN00023732,-35.1351,138.5274,432
2009-06,ASN00023733,-35.0639,138.8509,757
2009-06,ASN00023734,-35.1213,138.6769,736
2009-06,ASN00023735,-35.3497,138.6223,362
2009-06,ASN00023737,-34.7735,139.0501,734
2009-06,ASN00023738,-35.39,138.4652,513
2009-06,ASN00023739,-35.0369,138.913,514
2009-06,ASN00023741,-35.4519,138.3227,526
2009-06,ASN00023742,-35.5299,138.6896,411
2009-06,ASN00023747,-35.256,138.8901,502
2009-06,ASN00023750,-34.9563,138.7443,1388
2009-06,ASN00023752,-34.6717,138.8885,314
2009-06,ASN00023753,-35.2705,138.5591,106
2009-06,ASN00023754,-35.458,138.35,116
2009-06,ASN00023756,-34.6603,138.9262,922
2009-06,ASN00023758,-34.7398,138.8715,934
2009-06,ASN00023786,-34.8269,139.0086,688
2009-06,ASN00023787,-35.0247,138.8578,724
2009-06,ASN00023788,-34.9838,138.7179,1428
2009-06,ASN00023799,-35.2183,138.7342,774
2009-06,ASN00023801,-34.9482,138.8071,254
2009-06,ASN00023882,-34.8713,138.9058,1048
2009-06,ASN00026104,-36.8465,140.5592,494
2009-06,ASN00023085,-34.9222,138.6805,636
2009-06,ASN00026107,-36.437,140.3356,540
2009-06,ASN00032042,-17.9364,145.9253,380
2009-06,ASN00032043,-18.7218,145.9237,124
2009-06,ASN00032045,-18.6508,146.2047,6
2009-06,ASN00032050,-19.2033,146.6131,6
2009-06,ASN00032064,-19.0074,146.2057,124
2009-06,ASN00032078,-18.6494,146.1769,257
2009-06,ASN00032094,-18.6156,146.1811,326
2009-06,ASN00032098,-19.0506,146.4058,8
2009-06,ASN00032101,-18.9558,146.2886,20
2009-06,ASN00032040,-19.2483,146.7661,4
2009-06,ASN00032109,-18.1069,145.8053,0
2009-06,ASN00032152,-17.5475,145.9292,180
2009-06,ASN00032155,-17.6094,145.9786,140
2009-06,ASN00032160,-17.6089,145.9792,270
2009-06,ASN00032161,-17.5967,145.9014,270
2009-06,ASN00032162,-17.615,145.8011,190
2009-06,ASN00032163,-17.5236,146.0325,440
2009-06,ASN00032164,-17.6808,145.8878,20
2009-06,ASN00032165,-17.5308,145.8464,290
2009-06,ASN00032166,-17.5456,145.9325,310
2009-06,ASN00032117,-18.6867,146.2969,226
2009-06,ASN00032167,-17.9919,145.9425,60
2009-06,ASN00032037,-17.6053,145.9972,302
2009-06,ASN00032032,-18.5872,146.2508,509
2009-06,ASN00031187,-17.4694,145.7311,440
2009-06,ASN00031188,-17.0039,145.4281,20
2009-06,ASN00031189,-16.6583,145.5672,82
2009-06,ASN00031191,-18.1494,145.4803,0
2009-06,ASN00031196,-17.7047,145.1461,0
2009-06,ASN00031197,-18.0394,144.8856,0
2009-06,ASN00031198,-17.3769,145.3803,0
2009-06,ASN00031200,-17.5908,145.5294,120
2009-06,ASN00031205,-16.9794,145.6747,180
2009-06,ASN00032033,-17.4608,145.8822,301
2009-06,ASN00031209,-15.4461,145.1861,22
2009-06,ASN00031213,-14.9672,145.3106,36
2009-06,ASN00032001,-18.8828,146.17,64
2009-06,ASN00032002,-18.5742,146.2225,370
2009-06,ASN00032004,-18.2553,146.0197,122
2009-06,ASN00032009,-17.835,146.0986,438
2009-06,ASN00032019,-17.7214,145.9222,268
2009-06,ASN00032020,-17.5556,145.9556,320
2009-06,ASN00032023,-18.5819,146.2839,459
2009-06,ASN00032031,-18.5406,146.3356,432
2009-06,ASN00031210,-17.0672,145.4283,0
2009-06,ASN00032169,-18.1919,145.3325,10
2009-06,ASN00032170,-18.4125,145.7722,160
2009-06,ASN00032171,-18.6347,146.1444,290
2009-06,ASN00033077,-23.0967,150.7342,134
2009-06,ASN00033080,-21.0003,148.7375,320
2009-06,ASN00033095,-21.8031,149.3569,120
2009-06,ASN00033096,-20.2081,148.13,0
2009-06,ASN00033106,-20.3658,148.9536,112
2009-06,ASN00033111,-22.8131,149.89,108
2009-06,ASN00033119,-21.1172,149.2169,396
2009-06,ASN00033151,-19.5953,146.9342,24
2009-06,ASN00033170,-22.3614,149.3747,40
2009-06,ASN00033076,-23.1333,150.3669,80
2009-06,ASN00033175,-20.2144,147.7761,0
2009-06,ASN00033210,-22.3472,149.5242,66
2009-06,ASN00033247,-20.4925,148.555,150
2009-06,ASN00033255,-20.3531,148.9508,190
2009-06,ASN00033260,-23.16,150.96,178
2009-06,ASN00033263,-20.4186,148.1108,0
2009-06,ASN00033270,-20.525,148.2125,110
2009-06,ASN00033265,-20.2886,148.1175,0
2009-06,ASN00033267,-20.2197,148.1217,0
2009-06,ASN00026105,-37.1776,139.8054,820
2009-06,ASN00033195,-22.4703,150.1786,78
2009-06,ASN00033073,-19.8314,147.13,4
2009-06,ASN00033068,-21.1631,148.87,210
2009-06,ASN00033065,-22.3458,149.5356,75
2009-06,ASN00032172,-18.4606,145.7383,390
2009-06,ASN00032173,-18.6797,145.9961,100
2009-06,ASN00032174,-18.4889,145.9364,120
2009-06,ASN00032176,-18.1439,145.61,50
2009-06,ASN00032183,-18.7497,146.115,100
2009-06,ASN00032184,-18.4506,145.8294,150
2009-06,ASN00032185,-18.5789,146.2803,430
2009-06,ASN00032186,-18.8478,145.9067,150
2009-06,ASN00033001,-19.5775,147.4075,82
2009-06,ASN00033002,-19.6169,147.3758,32
2009-06,ASN00033008,-22.8461,150.6475,490
2009-06,ASN00033013,-20.5534,147.8464,54
2009-06,ASN00033032,-19.6667,147.4147,6
2009-06,ASN00033038,-21.6256,149.2367,312
2009-06,ASN00033041,-20.5392,148.6572,290
2009-06,ASN00033045,-21.1706,149.1794,300
2009-06,ASN00033051,-19.8789,146.6319,10
2009-06,ASN00033053,-21.0011,148.9364,290
2009-06,ASN00033059,-21.4267,149.2164,438
2009-06,ASN00033060,-21.1422,149.0381,315
2009-06,ASN00033062,-20.0997,146.8892,0
2009-06,ASN00031186,-17.6803,145.6603,110
2009-06,ASN00031185,-17.5175,145.6089,180
2009-06,ASN00033266,-20.2381,148.0311,0
2009-06,ASN00031183,-17.3594,145.5922,130
2009-06,ASN00029004,-17.7425,139.5475,0
2009-06,ASN00029008,-20.7089,140.5192,0
2009-06,ASN00029012,-18.2044,142.2447,0
2009-06,ASN00029030,-20.4247,141.4047,0
2009-06,ASN00029037,-17.3297,141.8797,0
2009-06,ASN00029038,-15.4818,141.7483,4
2009-06,ASN00029047,-19.6242,138.6386,0
2009-06,ASN00029058,-20.6672,141.7214,0
2009-06,ASN00029061,-18.9511,138.0531,0
2009-06,ASN00029000,-18.2952,139.2828,0
2009-06,ASN00029063,-17.6872,141.0733,2
2009-06,ASN00029069,-17.3383,138.2508,0
2009-06,ASN00029077,-17.7483,139.5356,0
2009-06,ASN00029092,-19.8392,140.9336,0
2009-06,ASN00029100,-18.6419,139.2516,0
2009-06,ASN00029110,-15.6386,141.8228,0
2009-06,ASN00029121,-20.5958,139.6939,0
2009-06,ASN00029126,-20.7361,139.4817,0
2009-06,ASN00029127,-20.6778,139.4875,0
2009-06,ASN00029129,-21.215,140.2333,0
2009-06,ASN00029065,-18.7881,139.7119,0
2009-06,ASN00028035,-14.7117,143.7303,0
2009-06,ASN00028031,-14.7317,143.5864,0
2009-06,ASN00028023,-14.9258,144.1994,0
2009-06,ASN00026109,-37.3818,139.9454,756
2009-06,ASN00031184,-17.4442,145.5094,90
2009-06,ASN00026110,-36.7746,140.0222,278
2009-06,ASN00027000,-13.3539,141.7208,0
2009-06,ASN00027015,-12.4536,142.6389,20
2009-06,ASN00027038,-16.4231,143.1456,0
2009-06,ASN00027042,-12.6267,141.8836,0
2009-06,ASN00027044,-13.0658,142.4511,0
2009-06,ASN00027045,-12.6778,141.9208,0
2009-06,ASN00027054,-10.0511,143.0686,308
2009-06,ASN00027058,-10.5844,142.29,68
2009-06,ASN00027061,-14.5181,142.0389,0
2009-06,ASN00027063,-13.4381,142.9417,0
2009-06,ASN00027064,-13.1325,142.7872,0
2009-06,ASN00027072,-12.0933,142.5589,97
2009-06,ASN00027073,-13.7606,143.1183,0
2009-06,ASN00027075,-12.6167,142.0869,2
2009-06,ASN00028000,-15.5581,144.4453,0
2009-06,ASN00028004,-16.0008,144.0758,0
2009-06,ASN00028008,-12.785,143.3047,206
2009-06,ASN00028013,-16.2217,144.7081,0
2009-06,ASN00029131,-20.02,139.8433,0
2009-06,ASN00029132,-20.6556,142.1006,0
2009-06,ASN00033269,-20.3078,148.2181,0
2009-06,ASN00029139,-17.1142,139.5981,0
2009-06,ASN00031037,-16.3842,145.5592,57
2009-06,ASN00031040,-17.0692,145.7742,20
2009-06,ASN00031044,-16.4569,145.3775,220
2009-06,ASN00031046,-17.677,145.115,20
2009-06,ASN00031051,-17.3442,144.9306,0
2009-06,ASN00031062,-16.3906,145.3511,96
2009-06,ASN00031069,-17.6697,145.2414,22
2009-06,ASN00031075,-17.1694,145.5481,86
2009-06,ASN00031104,-17.1644,145.8783,350
2009-06,ASN00031036,-16.8178,145.6383,120
2009-06,ASN00031108,-17.1347,145.4281,8
2009-06,ASN00031125,-17.3439,145.5028,119
2009-06,ASN00031131,-17.3394,144.6797,0
2009-06,ASN00031140,-17.27,145.8997,580
2009-06,ASN00031141,-17.2639,145.8536,0
2009-06,ASN00031147,-14.6683,145.4467,203
2009-06,ASN00031168,-17.5875,145.6,240
2009-06,ASN00031180,-16.5319,145.1325,0
2009-06,ASN00031181,-17.545,145.7156,300
2009-06,ASN00029136,-21.3661,140.4986,0
2009-06,ASN00031119,-17.6758,145.2783,30
2009-06,ASN00031032,-17.4311,145.2028,0
2009-06,ASN00031182,-17.5875,145.5997,160
2009-06,ASN00031012,-16.0969,145.4575,738
2009-06,ASN00029141,-20.6664,140.505,0
2009-06,ASN00029150,-20.8422,141.4292,0
2009-06,ASN00031024,-17.535,145.4822,56
2009-06,ASN00029154,-18.4306,141.2686,0
2009-06,ASN00029167,-18.7569,138.7056,0
2009-06,ASN00030022,-20.8192,144.2333,0
2009-06,ASN00030048,-18.6242,144.5739,0
2009-06,ASN00030072,-20.0969,144.9875,0
2009-06,ASN00030082,-19.7037,144.3775,0
2009-06,ASN00030088,-19.3769,144.1156,0
2009-06,ASN00029152,-18.7036,138.4839,0
2009-06,ASN00030115,-19.055,144.9594,40
2009-06,ASN00031011,-16.8736,145.7458,44
2009-06,ASN00031010,-16.9333,145.7833,5
2009-06,ASN00030103,-18.2225,143.9697,0
2009-06,ASN00030161,-20.7017,143.1167,0
2009-06,ASN00031004,-17.3436,145.9217,764
2009-06,ASN00030149,-21.0442,144.0992,0
2009-06,ASN00030124,-18.3039,143.5306,0
2009-06,ASN00030127,-20.9942,144.6433,10
2009-06,ASN00030137,-19.6347,145.7886,30
2009-06,ASN00030158,-18.4564,143.2986,0
2009-07,ASN00061372,-31.8017,150.925,382
2009-07,ASN00061373,-31.9583,150.8567,150
2009-07,ASN00061375,-33.2894,151.2107,358
2009-07,ASN00061376,-33.0759,151.5382,262
2009-07,ASN00061377,-33.0933,151.6317,588
2009-07,ASN00061381,-33.4036,151.3928,540
2009-07,ASN00061382,-33.1681,151.2181,230
2009-07,ASN00061383,-33.2528,151.3164,370
2009-07,ASN00061385,-33.0789,151.3403,220
2009-07,ASN00061392,-31.7416,150.7937,474
2009-07,ASN00061394,-33.2177,151.1251,292
2009-07,ASN00061405,-32.6753,151.6219,244
2009-07,ASN00061406,-33.0831,151.6511,210
2009-07,ASN00062003,-32.6657,149.1016,322
2009-07,ASN00062009,-31.9963,149.9856,230
2009-07,ASN00061366,-33.2815,151.5766,748
2009-07,ASN00062013,-32.3634,149.5329,520
2009-07,ASN00062021,-32.5956,149.5956,490
2009-07,ASN00061387,-33.245,151.5119,460
2009-07,ASN00061363,-32.0335,150.8264,238
2009-07,ASN00061309,-32.6881,150.9728,294
2009-07,ASN00061350,-32.1714,151.5942,444
2009-07,ASN00061209,-32.9597,150.675,276
2009-07,ASN00061211,-33.3588,150.7058,251
2009-07,ASN00061216,-33.4176,151.159,290
2009-07,ASN00061217,-33.2904,150.9708,0
2009-07,ASN00061220,-33.2381,151.3003,376
2009-07,ASN00061226,-32.936,151.1393,240
2009-07,ASN00061250,-32.6296,151.5919,220
2009-07,ASN00061260,-32.7886,151.3377,248
2009-07,ASN00061287,-32.1852,150.1737,162
2009-07,ASN00061360,-32.05,150.8528,65
2009-07,ASN00061288,-32.3322,151.4595,284
2009-07,ASN00061295,-32.8108,151.3396,208
2009-07,ASN00061306,-31.8988,150.658,402
2009-07,ASN00061324,-32.2451,150.513,234
2009-07,ASN00061327,-32.8248,151.2613,170
2009-07,ASN00061329,-32.8323,151.3085,104
2009-07,ASN00061336,-33.1556,150.6847,170
2009-07,ASN00061339,-32.5584,151.8043,364
2009-07,ASN00061346,-31.8626,151.4398,820
2009-07,ASN00061349,-32.5667,151.6083,125
2009-07,ASN00061294,-33.4666,151.4126,662
2009-07,ASN00062032,-32.3592,149.9484,512
2009-07,ASN00063029,-33.744,149.1046,906
2009-07,ASN00062089,-32.8936,149.3808,554
2009-07,ASN00063142,-33.577,149.8591,442
2009-07,ASN00063146,-33.5544,150.0526,466
2009-07,ASN00063214,-33.3561,149.4058,392
2009-07,ASN00063229,-33.6773,148.6115,432
2009-07,ASN00063234,-33.6708,148.8565,450
2009-07,ASN00063245,-33.6492,149.0759,760
2009-07,ASN00063246,-33.5105,150.3711,342
2009-07,ASN00063254,-33.3211,149.0828,735
2009-07,ASN00063271,-34.0417,149.3611,642
2009-07,ASN00063132,-33.3808,150.0818,370
2009-07,ASN00063283,-33.7,150.0278,560
2009-07,ASN00063290,-33.4983,150.5215,182
2009-07,ASN00063291,-33.412,149.654,366
2009-07,ASN00063292,-33.6185,150.2741,308
2009-07,ASN00063293,-33.74,149.8822,260
2009-07,ASN00063295,-33.6297,150.2803,340
2009-07,ASN00063297,-33.5728,149.9128,350
2009-07,ASN00063298,-33.6144,149.6981,350
2009-07,ASN00063302,-33.8275,149.6033,520
2009-07,ASN00063303,-33.3813,149.127,878
2009-07,ASN00063287,-33.4111,149.5861,420
2009-07,ASN00063119,-34.2347,149.265,846
2009-07,ASN00063118,-33.5156,150.4892,282
2009-07,ASN00063117,-33.6739,149.0471,847
2009-07,ASN00062093,-32.7236,149.7702,419
2009-07,ASN00062099,-32.8366,148.9963,339
2009-07,ASN00062100,-32.7244,150.229,560
2009-07,ASN00062101,-32.5628,149.6149,412
2009-07,ASN00062102,-32.5204,150.0817,387
2009-07,ASN00063005,-33.4289,149.5559,417
2009-07,ASN00063013,-33.5366,150.4413,182
2009-07,ASN00063028,-33.6929,150.5291,136
2009-07,ASN00063035,-33.0362,149.4146,492
2009-07,ASN00063036,-33.8199,150.0227,506
2009-07,ASN00063039,-33.7122,150.3087,406
2009-07,ASN00063043,-33.5343,150.6338,138
2009-07,ASN00063049,-33.6094,150.0856,444
2009-07,ASN00063061,-33.8222,149.3244,690
2009-07,ASN00063063,-33.6774,149.8374,575
2009-07,ASN00063073,-33.6896,149.5633,656
2009-07,ASN00063076,-33.0807,149.6901,344
2009-07,ASN00063081,-33.6956,150.5408,120
2009-07,ASN00063093,-34.3093,149.9677,589
2009-07,ASN00061205,-33.0297,151.1401,234
2009-07,ASN00063114,-33.3439,149.1617,700
2009-07,ASN00062075,-32.4753,149.5151,243
2009-07,ASN00063113,-33.5497,148.91,800
2009-07,ASN00061041,-33.0955,151.5506,148
2009-07,ASN00061196,-31.7069,151.2131,394
2009-07,ASN00059040,-30.3107,153.1187,422
2009-07,ASN00059047,-31.1802,152.9681,580
2009-07,ASN00059070,-30.4508,152.6231,210
2009-07,ASN00059107,-30.566,152.6528,222
2009-07,ASN00059110,-30.6688,152.7638,292
2009-07,ASN00059113,-30.3098,152.7636,620
2009-07,ASN00059122,-30.8217,152.5067,190
2009-07,ASN00059124,-29.9806,152.7222,35
2009-07,ASN00059128,-30.9783,152.5106,200
2009-07,ASN00059030,-30.9225,153.087,640
2009-07,ASN00059138,-30.6639,152.6528,420
2009-07,ASN00059140,-30.3442,152.7187,336
2009-07,ASN00060002,-32.4129,152.2079,230
2009-07,ASN00060015,-32.0063,151.9597,140
2009-07,ASN00060017,-31.7004,152.5833,630
2009-07,ASN00060024,-31.7816,152.6684,726
2009-07,ASN00060031,-31.3364,152.7852,570
2009-07,ASN00060036,-31.862,152.3444,288
2009-07,ASN00060042,-32.1532,151.9511,254
2009-07,ASN00060046,-31.6877,152.2688,582
2009-07,ASN00059139,-30.1014,153.0009,102
2009-07,ASN00060065,-32.2942,152.3047,400
2009-07,ASN00059019,-30.3641,152.4061,452
2009-07,ASN00059007,-31.0711,152.7717,230
2009-07,ASN00058171,-28.9263,153.4178,662
2009-07,ASN00063304,-33.7181,149.5106,490
2009-07,ASN00058180,-28.6069,153.2083,270
2009-07,ASN00058186,-28.3283,153.4,100
2009-07,ASN00058193,-28.3538,153.293,75
2009-07,ASN00058194,-28.3811,152.7174,66
2009-07,ASN00058198,-28.8353,153.5585,714
2009-07,ASN00058199,-28.7364,153.1634,152
2009-07,ASN00058201,-28.7967,153.2386,210
2009-07,ASN00059009,-30.2358,153.0163,332
2009-07,ASN00058202,-28.7406,153.075,110
2009-07,ASN00058206,-28.7231,153.3614,310
2009-07,ASN00058208,-28.8775,153.052,86
2009-07,ASN00058212,-29.183,153.3964,614
2009-07,ASN00058214,-28.8343,153.2616,310
2009-07,ASN00058216,-28.6399,153.6358,614
2009-07,ASN00058220,-28.705,152.8414,66
2009-07,ASN00058222,-29.7847,153.2639,370
2009-07,ASN00059002,-30.65,152.8486,260
2009-07,ASN00059006,-30.1619,153.0982,370
2009-07,ASN00058204,-28.3217,153.3467,90
2009-07,ASN00061201,-33.0259,151.1882,244
2009-07,ASN00060075,-31.95,151.7923,262
2009-07,ASN00060090,-31.3422,152.341,362
2009-07,ASN00061054,-32.7103,152.1612,942
2009-07,ASN00061055,-32.9185,151.7985,436
2009-07,ASN00061071,-32.4027,151.9664,470
2009-07,ASN00061078,-32.7932,151.8359,502
2009-07,ASN00061093,-33.3653,151.3264,708
2009-07,ASN00061095,-32.1939,151.0932,388
2009-07,ASN00061096,-32.5997,151.618,277
2009-07,ASN00061097,-31.9201,151.2355,488
2009-07,ASN00061100,-32.7667,151.0872,150
2009-07,ASN00061031,-32.7756,151.735,288
2009-07,ASN00061106,-32.3564,151.8059,438
2009-07,ASN00061119,-33.385,150.9856,150
2009-07,ASN00061130,-32.5113,150.7968,390
2009-07,ASN00061135,-32.1018,151.2333,555
2009-07,ASN00061143,-32.654,151.021,296
2009-07,ASN00061151,-32.2426,151.683,432
2009-07,ASN00061152,-32.9995,151.2908,220
2009-07,ASN00061170,-32.2809,151.7948,436
2009-07,ASN00061191,-32.6126,150.9761,290
2009-07,ASN00061192,-32.2092,150.7365,210
2009-07,ASN00061110,-32.8736,150.7936,150
2009-07,ASN00060085,-31.3865,152.2482,390
2009-07,ASN00061017,-32.4022,151.7582,310
2009-07,ASN00061012,-33.0853,151.4633,280
2009-07,ASN00060095,-32.375,152.3808,450
2009-07,ASN00060099,-32.4436,152.1561,730
2009-07,ASN00060104,-31.4138,151.598,714
2009-07,ASN00060106,-31.6647,152.0637,420
2009-07,ASN00060112,-32.0525,151.9147,282
2009-07,ASN00060116,-31.4367,152.4633,404
2009-07,ASN00060117,-31.8833,152.15,235
2009-07,ASN00060118,-31.7753,152.0778,440
2009-07,ASN00060121,-31.5667,152.2401,592
2009-07,ASN00061014,-32.6385,151.4173,266
2009-07,ASN00060122,-31.8922,152.2739,360
2009-07,ASN00060130,-31.2936,152.3121,449
2009-07,ASN00060137,-31.7683,151.8889,280
2009-07,ASN00060139,-31.4336,152.8655,780
2009-07,ASN00060141,-31.8896,152.512,536
2009-07,ASN00060144,-32.3796,152.5062,639
2009-07,ASN00060146,-31.9572,152.585,122
2009-07,ASN00060148,-32.1625,152.2614,270
2009-07,ASN00061007,-32.0332,150.5836,206
2009-07,ASN00061010,-32.5879,151.7813,366
2009-07,ASN00060128,-31.5833,151.3167,470
2009-07,ASN00060096,-32.2583,152.1208,80
2009-07,ASN00068229,-35.2439,150.5098,322
2009-07,ASN00064009,-32.0159,149.3964,256
2009-07,ASN00069048,-35.7581,149.8252,92
2009-07,ASN00069049,-35.1165,150.0847,256
2009-07,ASN00069050,-36.2967,149.843,190
2009-07,ASN00069052,-35.7343,150.0508,298
2009-07,ASN00069054,-36.2967,149.51,148
2009-07,ASN00069065,-36.5676,149.7511,42
2009-07,ASN00069066,-36.9296,149.646,0
2009-07,ASN00069068,-36.6036,149.9984,4
2009-07,ASN00069088,-36.1935,149.4735,158
2009-07,ASN00069042,-35.7661,149.9416,68
2009-07,ASN00069114,-36.5404,149.8229,46
2009-07,ASN00069127,-35.6864,149.8386,116
2009-07,ASN00069132,-35.4253,149.7835,192
2009-07,ASN00069134,-35.7234,150.1872,193
2009-07,ASN00069137,-37.2622,150.0504,60
2009-07,ASN00069138,-35.3635,150.4827,228
2009-07,ASN00069139,-36.6722,149.8191,28
2009-07,ASN00069140,-36.4948,149.7434,82
2009-07,ASN00069142,-35.924,150.0362,112
2009-07,ASN00069145,-35.9775,149.8611,130
2009-07,ASN00069121,-35.4411,150.2857,270
2009-07,ASN00069147,-36.9077,149.8989,24
2009-07,ASN00069041,-35.2514,149.9158,218
2009-07,ASN00069035,-35.7564,149.815,80
2009-07,ASN00068245,-34.9528,150.7019,550
2009-07,ASN00068246,-34.5707,150.8383,568
2009-07,ASN00068247,-34.7679,150.562,322
2009-07,ASN00068248,-34.6625,150.4333,190
2009-07,ASN00068249,-34.9636,150.0967,240
2009-07,ASN00068255,-34.4875,150.4014,230
2009-07,ASN00069002,-36.6884,149.838,34
2009-07,ASN00069003,-36.6278,149.5705,24
2009-07,ASN00069006,-35.7011,149.7896,100
2009-07,ASN00069036,-36.0876,150.0508,130
2009-07,ASN00069010,-35.4489,149.799,152
2009-07,ASN00069014,-36.3881,149.8882,92
2009-07,ASN00069015,-37.0557,149.9053,48
2009-07,ASN00069017,-36.2519,150.2275,192
2009-07,ASN00069018,-35.9093,150.1532,150
2009-07,ASN00069019,-36.8402,149.5257,106
2009-07,ASN00069022,-36.2144,150.1358,74
2009-07,ASN00069023,-35.6488,150.1454,186
2009-07,ASN00069029,-37.3623,149.6984,296
2009-07,ASN00069033,-35.9017,149.9611,80
2009-07,ASN00069013,-36.7677,149.6951,10
2009-07,ASN00068243,-34.5776,150.5118,286
2009-07,ASN00069148,-35.9004,150.1437,218
2009-07,ASN00070005,-36.9113,149.2379,108
2009-07,ASN00070231,-35.3266,149.0492,413
2009-07,ASN00070237,-36.5902,149.3824,132
2009-07,ASN00070242,-35.2572,149.0742,450
2009-07,ASN00070246,-35.3098,149.1269,408
2009-07,ASN00070247,-35.2776,149.1095,74
2009-07,ASN00070261,-35.6904,149.5869,100
2009-07,ASN00070263,-34.7495,149.7034,372
2009-07,ASN00070269,-34.6653,149.9888,210
2009-07,ASN00070278,-36.2318,149.1243,106
2009-07,ASN00070217,-36.2939,148.9725,10
2009-07,ASN00070299,-36.1827,149.3467,20
2009-07,ASN00070308,-35.3757,149.087,368
2009-07,ASN00070309,-36.9131,149.0372,6
2009-07,ASN00070326,-37.1475,149.1496,492
2009-07,ASN00070328,-37.0016,149.2336,100
2009-07,ASN00070330,-34.8085,149.7312,294
2009-07,ASN00070334,-35.1138,149.9624,240
2009-07,ASN00070335,-35.2,149.955,170
2009-07,ASN00058167,-28.4147,153.3339,110
2009-07,ASN00070336,-36.5971,149.2974,94
2009-07,ASN00070307,-35.2459,149.1068,430
2009-07,ASN00069150,-35.3785,150.0032,230
2009-07,ASN00070214,-35.6311,149.5,318
2009-07,ASN00070161,-36.425,149.1139,124
2009-07,ASN00070016,-35.5889,149.4478,318
2009-07,ASN00070025,-34.4578,149.4693,565
2009-07,ASN00070032,-35.2274,148.9139,646
2009-07,ASN00070043,-34.7823,149.2681,416
2009-07,ASN00070045,-35.1548,149.057,478
2009-07,ASN00070054,-36.2009,149.0602,148
2009-07,ASN00070060,-35.1559,149.7725,260
2009-07,ASN00070061,-35.5646,149.7406,228
2009-07,ASN00070071,-34.6514,149.5024,526
2009-07,ASN00070165,-36.3541,149.198,56
2009-07,ASN00070077,-34.9031,149.67,356
2009-07,ASN00070084,-36.9325,148.9393,128
2009-07,ASN00070106,-36.8439,149.3897,76
2009-07,ASN00070112,-34.7226,149.1816,320
2009-07,ASN00070117,-34.7169,149.1207,472
2009-07,ASN00070124,-34.3024,149.8767,806
2009-07,ASN00070131,-34.545,149.6245,558
2009-07,ASN00070143,-34.6389,149.9541,210
2009-07,ASN00070144,-34.4084,149.8836,504
2009-07,ASN00070147,-34.5604,149.7381,466
2009-07,ASN00070080,-34.4048,149.8197,686
2009-07,ASN00064008,-31.2712,149.2714,272
2009-07,ASN00068241,-34.5638,150.79,318
2009-07,ASN00068233,-34.8517,150.3883,100
2009-07,ASN00065103,-33.3627,147.9205,318
2009-07,ASN00065106,-32.0358,148.6552,388
2009-07,ASN00065111,-33.8449,148.6497,394
2009-07,ASN00065112,-33.4818,148.2608,256
2009-07,ASN00066011,-33.8,151.2,480
2009-07,ASN00066013,-33.8523,151.0985,466
2009-07,ASN00066034,-33.8507,151.1295,495
2009-07,ASN00066036,-33.9186,151.1402,480
2009-07,ASN00066037,-33.9465,151.1731,574
2009-07,ASN00065099,-32.3778,148.8741,276
2009-07,ASN00066048,-33.8483,151.1105,462
2009-07,ASN00066058,-33.9942,151.1292,620
2009-07,ASN00066059,-33.6908,151.2253,638
2009-07,ASN00066073,-33.9105,151.2276,835
2009-07,ASN00066078,-34.0517,150.98,326
2009-07,ASN00066080,-33.7809,151.2044,695
2009-07,ASN00066098,-33.8809,151.2658,706
2009-07,ASN00066124,-33.7917,151.0181,370
2009-07,ASN00066128,-33.5965,151.3221,644
2009-07,ASN00066137,-33.9181,150.9864,388
2009-07,ASN00066052,-33.9096,151.2419,768
2009-07,ASN00066142,-33.6761,151.1818,628
2009-07,ASN00065096,-33.2682,148.3945,390
2009-07,ASN00065070,-32.2206,148.5753,250
2009-07,ASN00064010,-32.1141,149.0365,358
2009-07,ASN00064015,-31.8227,149.1217,280
2009-07,ASN00064017,-31.3304,149.2699,246
2009-07,ASN00064024,-31.5622,148.9547,174
2009-07,ASN00064025,-31.8231,149.72,242
2009-07,ASN00064027,-31.3125,149.2048,300
2009-07,ASN00064029,-32.0156,149.3925,112
2009-07,ASN00064050,-31.646,149.6209,192
2009-07,ASN00064054,-31.7914,149.6705,218
2009-07,ASN00065084,-33.3711,148.5917,410
2009-07,ASN00065000,-32.4975,148.7488,296
2009-07,ASN00065013,-33.4278,148.3721,237
2009-07,ASN00065020,-33.183,148.6941,308
2009-07,ASN00065022,-33.1628,148.5879,446
2009-07,ASN00065023,-33.0866,148.8598,397
2009-07,ASN00065030,-32.5192,148.5187,312
2009-07,ASN00065034,-32.5635,148.9503,324
2009-07,ASN00065041,-33.0956,148.8692,354
2009-07,ASN00065051,-32.9283,148.7547,354
2009-07,ASN00065068,-33.1281,148.2428,226
2009-07,ASN00065010,-33.2869,148.7396,460
2009-07,ASN00068239,-34.5253,150.4217,222
2009-07,ASN00066156,-33.7791,151.1121,462
2009-07,ASN00066188,-33.7402,151.2173,652
2009-07,ASN00068035,-34.6642,150.7586,382
2009-07,ASN00068044,-34.4474,150.4568,280
2009-07,ASN00068072,-34.9469,150.5353,182
2009-07,ASN00068080,-34.9158,150.7312,574
2009-07,ASN00068083,-34.9282,150.7484,712
2009-07,ASN00068088,-35.0938,150.6228,418
2009-07,ASN00068110,-34.4829,150.8555,430
2009-07,ASN00068125,-34.0904,150.5052,172
2009-07,ASN00068151,-35.0936,150.8049,664
2009-07,ASN00068024,-34.2272,150.9111,728
2009-07,ASN00068160,-34.0542,150.8772,240
2009-07,ASN00068192,-34.0391,150.689,184
2009-07,ASN00068200,-34.2075,150.7095,222
2009-07,ASN00068202,-34.6033,150.5487,266
2009-07,ASN00068213,-34.8667,150.605,190
2009-07,ASN00068215,-34.4167,150.1967,170
2009-07,ASN00068216,-34.1194,150.7402,270
2009-07,ASN00068217,-34.6866,150.5253,310
2009-07,ASN00068224,-34.5858,150.6264,370
2009-07,ASN00068228,-34.3691,150.9291,592
2009-07,ASN00068181,-34.7275,150.5208,210
2009-07,ASN00066176,-34.0658,151.0567,320
2009-07,ASN00068007,-34.0254,150.6455,134
2009-07,ASN00067119,-33.8511,150.8567,226
2009-07,ASN00066194,-33.9057,151.1134,494
2009-07,ASN00066204,-34.0009,151.0738,368
2009-07,ASN00067002,-33.6667,150.6696,171
2009-07,ASN00067017,-33.8136,150.9392,0
2009-07,ASN00067019,-33.8193,150.9127,276
2009-07,ASN00067021,-33.6165,150.7477,37
2009-07,ASN00067023,-33.4972,151.0931,282
2009-07,ASN00067026,-33.7704,150.9318,319
2009-07,ASN00067027,-33.8902,150.5934,145
2009-07,ASN00068000,-34.5712,150.7761,369
2009-07,ASN00067033,-33.6022,150.7794,171
2009-07,ASN00067104,-33.6617,150.9,210
2009-07,ASN00067105,-33.6004,150.7761,166
2009-07,ASN00067108,-33.8969,150.7281,202
2009-07,ASN00067109,-33.7678,150.9814,305
2009-07,ASN00067110,-33.7858,150.9236,225
2009-07,ASN00067111,-33.7931,151.0167,320
2009-07,ASN00067112,-33.7672,151.0186,425
2009-07,ASN00067113,-33.7195,150.6783,154
2009-07,ASN00067114,-33.8667,150.8611,250
2009-07,ASN00067094,-33.4383,150.8917,168
2009-07,ASN00058165,-28.6229,153.409,508
2009-07,ASN00049002,-34.6398,143.561,146
2009-07,ASN00058161,-29.7583,153.0297,104
2009-07,ASN00044026,-28.0706,145.6808,46
2009-07,ASN00044038,-27.02,147.1536,10
2009-07,ASN00044040,-26.1108,144.8728,0
2009-07,ASN00044041,-25.9719,146.6189,14
2009-07,ASN00044044,-26.3453,147.1258,0
2009-07,ASN00044045,-27.4133,147.4314,0
2009-07,ASN00044047,-26.44,147.6942,0
2009-07,ASN00044050,-26.4156,147.1131,0
2009-07,ASN00044054,-28.8061,147.1194,176
2009-07,ASN00044021,-26.4139,146.2558,8
2009-07,ASN00044056,-26.4458,147.5453,12
2009-07,ASN00044070,-26.375,147.0394,0
2009-07,ASN00044075,-27.265,148.0814,90
2009-07,ASN00044111,-25.8517,146.1894,2
2009-07,ASN00044137,-27.8717,148.0344,40
2009-07,ASN00044142,-27.6844,147.6981,0
2009-07,ASN00044153,-28.1631,145.0431,0
2009-07,ASN00044154,-28.3875,148.3111,30
2009-07,ASN00044174,-27.62,145.8281,38
2009-07,ASN00044181,-28.9972,144.4094,35
2009-07,ASN00044057,-25.4992,146.5442,0
2009-07,ASN00044194,-28.3544,148.8217,108
2009-07,ASN00044010,-28.0336,147.4803,76
2009-07,ASN00043109,-28.0489,148.5942,58
2009-07,ASN00043035,-27.159,149.0703,24
2009-07,ASN00043037,-26.2094,149.0894,10
2009-07,ASN00043043,-26.6133,149.3878,14
2009-07,ASN00043045,-28.0944,148.9731,58
2009-07,ASN00043051,-26.2625,149.2389,6
2009-07,ASN00043052,-27.0006,149.4969,40
2009-07,ASN00043054,-25.8428,148.5669,0
2009-07,ASN00043060,-26.0756,147.9044,0
2009-07,ASN00043061,-25.9847,148.5567,4
2009-07,ASN00043112,-26.7997,148.5989,46
2009-07,ASN00043065,-27.7683,148.7147,100
2009-07,ASN00043091,-26.5442,148.7778,16
2009-07,ASN00043093,-26.6064,148.5372,10
2009-07,ASN00043095,-27.3867,149.3878,44
2009-07,ASN00043099,-26.82,148.0244,40
2009-07,ASN00043101,-27.3117,148.8267,10
2009-07,ASN00043102,-26.49,147.9792,10
2009-07,ASN00043105,-26.4083,148.7833,210
2009-07,ASN00043106,-26.5089,148.1314,18
2009-07,ASN00043108,-25.96,148.3867,2
2009-07,ASN00043080,-27.2275,148.7411,20
2009-07,ASN00043020,-26.4888,147.9777,20
2009-07,ASN00044208,-26.1394,145.6639,0
2009-07,ASN00044223,-25.4536,147.3031,0
2009-07,ASN00047048,-32.0012,141.4694,192
2009-07,ASN00047049,-32.0682,141.1097,140
2009-07,ASN00047053,-34.1065,141.9189,146
2009-07,ASN00047056,-32.419,141.5525,152
2009-07,ASN00047058,-32.3902,142.4164,176
2009-07,ASN00047078,-33.2714,141.5962,218
2009-07,ASN00047093,-33.7492,142.2205,10
2009-07,ASN00047104,-32.804,141.5096,216
2009-07,ASN00047106,-32.9703,142.3855,80
2009-07,ASN00047046,-33.2552,141.7984,212
2009-07,ASN00047107,-34.3206,142.3645,100
2009-07,ASN00048025,-29.3513,146.8126,144
2009-07,ASN00048027,-31.484,145.8294,182
2009-07,ASN00048031,-29.5407,148.5818,145
2009-07,ASN00048047,-29.1509,148.6252,54
2009-07,ASN00048079,-29.7029,144.1482,102
2009-07,ASN00048115,-31.424,145.2539,222
2009-07,ASN00048168,-29.1173,147.8993,124
2009-07,ASN00048237,-31.5389,145.7964,180
2009-07,ASN00048243,-29.431,147.9722,55
2009-07,ASN00048015,-29.9614,146.8651,117
2009-07,ASN00044211,-25.3353,147.3,0
2009-07,ASN00047040,-33.9297,142.3572,90
2009-07,ASN00047029,-33.3856,142.5696,77
2009-07,ASN00045007,-26.1133,144.1333,0
2009-07,ASN00045009,-27.4008,141.8114,4
2009-07,ASN00045015,-26.6125,144.2578,0
2009-07,ASN00045025,-27.9867,143.815,6
2009-07,ASN00045029,-28.0722,141.5317,0
2009-07,ASN00046002,-29.7656,143.1142,30
2009-07,ASN00046006,-29.0885,141.2033,0
2009-07,ASN00046012,-31.5194,143.385,148
2009-07,ASN00046015,-31.4459,142.1352,86
2009-07,ASN00047033,-33.4268,142.5719,86
2009-07,ASN00046022,-31.4469,143.6548,106
2009-07,ASN00046052,-29.4089,143.3808,14
2009-07,ASN00046124,-29.8718,142.434,44
2009-07,ASN00046126,-29.4448,142.0567,14
2009-07,ASN00046128,-31.0867,141.7017,60
2009-07,ASN00046129,-30.8517,143.0742,70
2009-07,ASN00047013,-32.9669,143.1071,136
2009-07,ASN00047016,-34.0398,141.2652,153
2009-07,ASN00047019,-32.3937,142.4173,188
2009-07,ASN00047022,-32.4757,143.9409,180
2009-07,ASN00046043,-31.5631,143.3747,98
2009-07,ASN00048245,-30.0362,145.9521,160
2009-07,ASN00043015,-25.8428,148.5669,2
2009-07,ASN00042115,-28.0697,149.9794,60
2009-07,ASN00041314,-27.7578,151.4483,50
2009-07,ASN00041323,-28.0187,152.2861,88
2009-07,ASN00041338,-28.8,151.8433,142
2009-07,ASN00041339,-27.2131,151.1856,0
2009-07,ASN00041344,-28.2075,151.5608,44
2009-07,ASN00041348,-28.1667,150.6444,74
2009-07,ASN00041359,-27.4034,151.7413,24
2009-07,ASN00041365,-28.6514,151.6336,198
2009-07,ASN00109507,-33.444,115.8536,1616
2009-07,ASN00041277,-26.7675,151.2075,2
2009-07,ASN00041369,-27.5233,151.8819,42
2009-07,ASN00041371,-28.4572,151.6817,150
2009-07,ASN00041388,-28.055,151.3297,72
2009-07,ASN00041391,-28.3611,151.1464,90
2009-07,ASN00041397,-28.1422,150.1319,74
2009-07,ASN00041404,-27.9592,151.6664,64
2009-07,ASN00041405,-27.7952,151.7387,52
2009-07,ASN00041415,-28.2367,151.5347,112
2009-07,ASN00041445,-28.2144,151.9194,64
2009-07,ASN00041456,-28.0621,152.3675,66
2009-07,ASN00041370,-28.1236,150.5431,85
2009-07,ASN00041457,-28.4225,151.2131,116
2009-07,ASN00041276,-27.9292,152.1606,48
2009-07,ASN00041240,-27.1858,151.1419,46
2009-07,ASN00070339,-35.4184,149.0937,334
2009-07,ASN00041098,-28.2858,152.2425,52
2009-07,ASN00041100,-28.8544,151.1681,118
2009-07,ASN00041106,-27.9651,152.0752,58
2009-07,ASN00041112,-28.4033,150.0517,60
2009-07,ASN00041116,-28.9231,151.9306,172
2009-07,ASN00041120,-28.1897,152.2064,70
2009-07,ASN00041128,-28.4997,150.5928,104
2009-07,ASN00041134,-28.3128,152.4025,134
2009-07,ASN00041250,-27.7894,151.4133,152
2009-07,ASN00041145,-26.8397,151.165,100
2009-07,ASN00041162,-28.2694,150.8106,144
2009-07,ASN00041166,-27.6764,151.6022,54
2009-07,ASN00041170,-27.5433,151.6383,56
2009-07,ASN00041175,-28.6217,151.9533,150
2009-07,ASN00041182,-27.1667,151.5697,64
2009-07,ASN00041191,-27.2627,151.3747,22
2009-07,ASN00041208,-28.3542,152.3392,88
2009-07,ASN00041229,-28.0775,152.2625,70
2009-07,ASN00041230,-28.7208,151.1825,130
2009-07,ASN00041152,-27.9753,150.9225,46
2009-07,ASN00042116,-28.23,149.5617,46
2009-07,ASN00041464,-28.1553,152.33,62
2009-07,ASN00041473,-28.1022,151.8119,80
2009-07,ASN00041536,-28.2883,152.1053,30
2009-07,ASN00041537,-28.3394,152.2944,20
2009-07,ASN00041540,-29.1694,151.3414,140
2009-07,ASN00041543,-28.0719,151.1861,124
2009-07,ASN00041545,-27.6539,150.9136,42
2009-07,ASN00041546,-27.9803,150.515,18
2009-07,ASN00041547,-28.9236,151.9289,190
2009-07,ASN00041548,-28.8675,151.1611,100
2009-07,ASN00041551,-26.9669,151.4847,40
2009-07,ASN00041535,-28.3731,152.14,20
2009-07,ASN00042002,-27.2067,150.2828,60
2009-07,ASN00042022,-27.3236,149.8828,38
2009-07,ASN00042023,-26.6581,150.1844,10
2009-07,ASN00042025,-26.5519,150.6322,2
2009-07,ASN00042034,-27.1689,150.0019,30
2009-07,ASN00042035,-26.6439,149.6278,18
2009-07,ASN00042078,-26.9186,150.4722,0
2009-07,ASN00042100,-27.7644,150.0694,50
2009-07,ASN00042104,-28.3839,149.6747,90
2009-07,ASN00042112,-26.6569,150.1819,12
2009-07,ASN00042016,-27.3411,150.0619,38
2009-07,ASN00041469,-27.0289,151.0947,12
2009-07,ASN00041534,-28.2111,152.0275,30
2009-07,ASN00041532,-28.3558,151.9967,40
2009-07,ASN00041486,-26.9575,150.8633,0
2009-07,ASN00041489,-28.3011,150.2936,124
2009-07,ASN00041490,-26.9,150.7833,0
2009-07,ASN00041493,-27.4967,150.4539,52
2009-07,ASN00041495,-28.4828,151.2831,120
2009-07,ASN00041503,-28.2167,152.05,30
2009-07,ASN00041504,-27.7358,151.4117,66
2009-07,ASN00041506,-28.6561,150.6653,98
2009-07,ASN00041507,-28.6656,150.445,80
2009-07,ASN00041533,-28.2292,152.2269,20
2009-07,ASN00041508,-27.7267,150.6453,11810
2009-07,ASN00041510,-27.4722,151.9481,34
2009-07,ASN00041512,-27.3825,151.9244,18
2009-07,ASN00041519,-28.5767,150.845,40
2009-07,ASN00041522,-27.1605,151.2634,30
2009-07,ASN00041525,-28.2061,152.1003,54
2009-07,ASN00041528,-27.0481,151.6314,6
2009-07,ASN00041529,-27.5425,151.9134,38
2009-07,ASN00041530,-28.2006,152.2156,50
2009-07,ASN00041531,-28.1167,152.0642,40
2009-07,ASN00041509,-27.6783,150.3483,78
2009-07,ASN00058162,-28.7278,153.4622,630
2009-07,ASN00049000,-32.8831,144.3088,126
2009-07,ASN00049045,-34.5594,143.0754,112
2009-07,ASN00056032,-29.0479,152.0172,147
2009-07,ASN00056034,-30.6437,151.4906,372
2009-07,ASN00056037,-30.5264,151.6697,298
2009-07,ASN00056052,-29.0988,151.7416,226
2009-07,ASN00056057,-30.0867,151.3909,296
2009-07,ASN00056077,-31.0678,151.5022,440
2009-07,ASN00056094,-29.5488,151.9942,234
2009-07,ASN00056098,-29.5817,151.9483,194
2009-07,ASN00056100,-29.6315,151.5561,312
2009-07,ASN00056028,-30.7338,151.5105,448
2009-07,ASN00056111,-29.7799,151.3503,335
2009-07,ASN00056176,-30.1369,151.2581,218
2009-07,ASN00056202,-28.9776,152.1552,94
2009-07,ASN00056205,-29.8995,151.965,0
2009-07,ASN00056207,-28.5417,151.9909,76
2009-07,ASN00056229,-30.2126,151.6787,366
2009-07,ASN00056234,-30.9874,151.5855,310
2009-07,ASN00056236,-31.0109,151.6246,330
2009-07,ASN00056237,-29.8025,151.2726,238
2009-07,ASN00056238,-30.5273,151.6158,324
2009-07,ASN00056141,-28.8867,152.1144,138
2009-07,ASN00056239,-28.7014,152.0974,156
2009-07,ASN00056023,-28.3933,152.4157,48
2009-07,ASN00056013,-29.6953,151.6936,346
2009-07,ASN00055183,-31.2962,150.8606,468
2009-07,ASN00055190,-31.3658,150.8357,494
2009-07,ASN00055202,-30.9537,150.2494,224
2009-07,ASN00055220,-30.9585,150.1505,234
2009-07,ASN00055254,-30.7902,150.629,146
2009-07,ASN00055257,-31.2208,150.8213,354
2009-07,ASN00055262,-31.3505,151.3177,622
2009-07,ASN00055276,-30.8828,150.4928,88
2009-07,ASN00055282,-31.4753,150.5439,504
2009-07,ASN00056018,-29.7752,151.0819,198
2009-07,ASN00055303,-30.8098,150.7524,274
2009-07,ASN00055311,-31.2171,150.8185,352
2009-07,ASN00055313,-31.2717,150.9167,438
2009-07,ASN00055319,-30.6126,150.5862,258
2009-07,ASN00055325,-31.0742,150.8362,302
2009-07,ASN00055331,-30.7299,150.5784,218
2009-07,ASN00055335,-31.5347,151.1806,688
2009-07,ASN00056001,-29.7183,151.355,280
2009-07,ASN00056008,-29.4421,151.8483,236
2009-07,ASN00056010,-30.9406,151.7078,300
2009-07,ASN00055309,-31.1472,151.2306,414
2009-07,ASN00055181,-31.2547,151.1208,522
2009-07,ASN00056240,-30.3358,151.7367,130
2009-07,ASN00056243,-29.678,151.694,320
2009-07,ASN00058027,-29.4227,153.2533,416
2009-07,ASN00058036,-28.31,153.2228,170
2009-07,ASN00058040,-28.5451,153.4948,374
2009-07,ASN00058044,-28.5966,153.2233,286
2009-07,ASN00058045,-29.9691,152.7265,0
2009-07,ASN00058056,-28.2025,153.5502,222
2009-07,ASN00058059,-29.6309,153.0286,74
2009-07,ASN00058068,-29.4133,153.0153,106
2009-07,ASN00058070,-28.6384,153.4128,600
2009-07,ASN00058023,-28.7908,153.3958,481
2009-07,ASN00058077,-29.6224,152.9605,52
2009-07,ASN00058080,-29.87,153.2653,458
2009-07,ASN00058097,-29.1514,153.2792,402
2009-07,ASN00058099,-29.2822,152.9888,124
2009-07,ASN00058102,-29.737,152.7852,50
2009-07,ASN00058113,-28.4738,153.0861,408
2009-07,ASN00058127,-28.7319,153.4065,495
2009-07,ASN00058147,-28.6696,153.2789,230
2009-07,ASN00058148,-28.5276,153.1519,286
2009-07,ASN00058158,-28.3395,153.3809,110
2009-07,ASN00058079,-29.7619,153.1047,166
2009-07,ASN00056242,-29.7796,151.1121,198
2009-07,ASN00058020,-28.2886,153.3651,114
2009-07,ASN00058012,-29.4333,153.3633,668
2009-07,ASN00057003,-28.737,152.6228,54
2009-07,ASN00057005,-28.9279,152.3759,42
2009-07,ASN00057014,-29.5577,152.1388,110
2009-07,ASN00057018,-28.8914,152.5663,40
2009-07,ASN00057023,-30.2892,152.1701,74
2009-07,ASN00057024,-28.3879,152.6083,78
2009-07,ASN00057028,-30.5644,151.907,167
2009-07,ASN00057035,-31.1333,152.1253,220
2009-07,ASN00057091,-30.7167,151.8531,132
2009-07,ASN00058019,-28.5314,153.3151,142
2009-07,ASN00057093,-29.5101,152.4897,2
2009-07,ASN00057103,-30.0093,152.0101,94
2009-07,ASN00057104,-31.2739,151.9655,698
2009-07,ASN00057114,-29.1967,152.595,56
2009-07,ASN00057119,-30.889,151.8547,244
2009-07,ASN00057123,-29.7603,152.2057,74
2009-07,ASN00057124,-30.4833,152.398,314
2009-07,ASN00057125,-30.3969,152.358,284
2009-07,ASN00058005,-28.3981,153.1731,70
2009-07,ASN00058007,-28.6369,153.588,712
2009-07,ASN00057095,-28.7551,152.4507,66
2009-07,ASN00049023,-34.4523,142.9109,95
2009-07,ASN00055176,-31.2573,151.0842,276
2009-07,ASN00055157,-31.0853,150.658,300
2009-07,ASN00051026,-31.5629,146.7181,94
2009-07,ASN00051033,-31.8576,147.1343,68
2009-07,ASN00051034,-31.4986,147.6865,140
2009-07,ASN00051042,-30.9252,147.869,68
2009-07,ASN00051049,-31.9861,147.9489,106
2009-07,ASN00051057,-30.6998,147.2232,66
2009-07,ASN00051066,-31.9478,148.62,304
2009-07,ASN00051122,-31.5558,148.5981,128
2009-07,ASN00051133,-31.2294,148.8861,154
2009-07,ASN00051018,-31.7055,148.6625,180
2009-07,ASN00051160,-31.7069,148.6358,0
2009-07,ASN00052016,-30.6088,148.972,170
2009-07,ASN00052020,-28.9786,148.9899,22
2009-07,ASN00052023,-30.3515,148.8843,118
2009-07,ASN00052067,-29.8136,148.9104,118
2009-07,ASN00052088,-30.0372,148.1223,82
2009-07,ASN00053002,-30.9469,149.0654,12
2009-07,ASN00053003,-29.9182,149.7919,214
2009-07,ASN00053018,-28.9917,150.017,132
2009-07,ASN00053033,-29.4748,150.1359,128
2009-07,ASN00051161,-30.9776,148.3798,124
2009-07,ASN00053034,-30.1187,149.3232,146
2009-07,ASN00051008,-32.4581,148.1491,152
2009-07,ASN00050139,-32.5613,148.3353,246
2009-07,ASN00049055,-34.1953,143.7916,130
2009-07,ASN00049061,-32.3884,144.7456,102
2009-07,ASN00049063,-33.052,144.1444,140
2009-07,ASN00049092,-33.6959,144.2757,110
2009-07,ASN00049103,-32.1698,144.2007,135
2009-07,ASN00049105,-32.5187,146.2819,230
2009-07,ASN00049132,-33.1898,145.3067,155
2009-07,ASN00049133,-33.516,144.7651,154
2009-07,ASN00050010,-33.5159,147.2541,268
2009-07,ASN00050141,-33.055,147.4427,234
2009-07,ASN00050014,-33.0818,147.1524,240
2009-07,ASN00050031,-32.7235,148.1902,240
2009-07,ASN00050037,-32.6309,147.5659,100
2009-07,ASN00050045,-33.8486,146.8261,286
2009-07,ASN00050052,-33.0664,147.2283,234
2009-07,ASN00050108,-32.5724,147.2162,192
2009-07,ASN00050110,-32.6358,148.058,230
2009-07,ASN00050117,-32.8952,148.2811,354
2009-07,ASN00050119,-32.9365,148.2452,236
2009-07,ASN00050137,-33.0682,147.2133,252
2009-07,ASN00050017,-33.9382,147.1962,372
2009-07,ASN00055164,-31.1805,151.3031,596
2009-07,ASN00053035,-29.8401,149.3207,112
2009-07,ASN00053044,-30.2257,149.4452,245
2009-07,ASN00054128,-29.8866,150.8951,221
2009-07,ASN00054141,-29.5833,150.37,145
2009-07,ASN00054146,-29.2333,151.3833,215
2009-07,ASN00054149,-30.1872,149.8642,162
2009-07,ASN00054160,-29.1199,151.2942,142
2009-07,ASN00055000,-30.9113,150.8579,358
2009-07,ASN00055002,-31.2342,149.8345,224
2009-07,ASN00055006,-31.6405,150.2356,360
2009-07,ASN00055007,-30.7056,150.0458,248
2009-07,ASN00054125,-30.1312,150.1462,314
2009-07,ASN00055016,-30.9963,151.2292,352
2009-07,ASN00055046,-31.5271,150.4296,304
2009-07,ASN00055049,-31.5086,150.6792,478
2009-07,ASN00055053,-31.346,149.8285,167
2009-07,ASN00055057,-31.7731,150.2856,312
2009-07,ASN00055065,-31.166,150.5441,246
2009-07,ASN00055066,-31.6218,150.8437,476
2009-07,ASN00055105,-30.7967,150.8647,300
2009-07,ASN00055122,-30.8415,150.9097,342
2009-07,ASN00055136,-30.9672,151.3451,401
2009-07,ASN00055041,-31.4605,151.1275,460
2009-07,ASN00053041,-28.8697,150.0903,152
2009-07,ASN00054124,-29.2743,150.2658,148
2009-07,ASN00054114,-30.0977,151.0089,234
2009-07,ASN00053073,-30.7632,149.0008,150
2009-07,ASN00053081,-30.8043,149.1246,160
2009-07,ASN00053085,-28.9665,149.6721,130
2009-07,ASN00053115,-29.4914,149.8458,116
2009-07,ASN00054003,-30.3781,150.6096,151
2009-07,ASN00054004,-29.8673,150.5715,188
2009-07,ASN00054013,-29.654,150.8291,206
2009-07,ASN00054023,-30.2948,150.8103,182
2009-07,ASN00054027,-29.5581,150.8871,190
2009-07,ASN00054117,-30.2244,150.723,110
2009-07,ASN00054029,-29.5416,150.5754,204
2009-07,ASN00054046,-29.3992,151.4107,262
2009-07,ASN00054049,-29.405,150.9012,212
2009-07,ASN00054073,-29.6448,151.2362,246
2009-07,ASN00054074,-29.6613,151.0196,236
2009-07,ASN00054076,-29.64,151.4297,278
2009-07,ASN00054078,-29.6754,151.1527,206
2009-07,ASN00054082,-29.6382,151.4055,284
2009-07,ASN00054102,-30.3735,150.6723,152
2009-07,ASN00054104,-29.3899,151.2448,172
2009-07,ASN00054038,-30.3154,149.8302,172
2009-07,ASN00070340,-35.1837,149.1122,490
2009-07,ASN00086074,-37.8219,145.1906,741
2009-07,ASN00070348,-35.8618,149.1321,242
2009-07,ASN00089085,-37.2775,142.9811,716
2009-07,ASN00089103,-37.9708,143.2189,664
2009-07,ASN00089106,-37.4152,143.6718,874
2009-07,ASN00089107,-37.3494,143.2956,1270
2009-07,ASN00089109,-37.3598,143.1961,738
2009-07,ASN00089111,-37.5174,143.7791,728
2009-07,ASN00089112,-37.7067,142.9378,748
2009-07,ASN00090001,-38.7481,143.6635,1776
2009-07,ASN00090005,-38.1954,143.6399,544
2009-07,ASN00090008,-38.3372,143.7844,650
2009-07,ASN00090010,-37.8595,141.7708,1174
2009-07,ASN00090013,-38.3215,141.406,1656
2009-07,ASN00090015,-38.8556,143.5128,1396
2009-07,ASN00090021,-38.3291,143.0779,892
2009-07,ASN00090022,-38.2798,143.6613,972
2009-07,ASN00090024,-37.6044,141.6853,808
2009-07,ASN00090026,-37.3443,141.6861,1160
2009-07,ASN00090033,-37.3563,141.2103,1309
2009-07,ASN00090035,-38.2333,143.7925,594
2009-07,ASN00089084,-37.9333,143.8667,498
2009-07,ASN00089074,-37.9477,143.2222,786
2009-07,ASN00089068,-37.9324,143.7864,454
2009-07,ASN00089048,-37.517,143.9275,1120
2009-07,ASN00088123,-37.25,144.4378,796
2009-07,ASN00088126,-37.0213,145.1091,404
2009-07,ASN00088130,-37.4234,145.7085,1306
2009-07,ASN00088137,-37.1644,143.5532,686
2009-07,ASN00088138,-37.2348,144.9962,478
2009-07,ASN00088162,-37.3807,144.9654,474
2009-07,ASN00088164,-37.2091,145.8423,616
2009-07,ASN00089002,-37.5127,143.7911,672
2009-07,ASN00089003,-37.2472,141.8415,850
2009-07,ASN00090036,-37.9695,141.3077,1836
2009-07,ASN00089009,-37.5267,142.0414,944
2009-07,ASN00089011,-37.6467,142.3419,584
2009-07,ASN00089016,-37.711,142.8395,682
2009-07,ASN00089018,-37.9543,143.3437,616
2009-07,ASN00089019,-37.4043,142.3843,1026
2009-07,ASN00089022,-37.6472,142.2309,884
2009-07,ASN00089025,-37.6854,143.3654,640
2009-07,ASN00089033,-37.6901,142.7253,408
2009-07,ASN00089034,-37.5483,142.7393,434
2009-07,ASN00089043,-37.3909,141.9194,922
2009-07,ASN00089010,-38.0297,143.6331,444
2009-07,ASN00090045,-38.1059,142.3216,770
2009-07,ASN00090055,-38.0339,141.9998,752
2009-07,ASN00090060,-38.4699,142.7502,1216
2009-07,ASN00090187,-38.4115,143.9771,792
2009-07,ASN00090188,-38.4831,143.9142,992
2009-07,ASN00091000,-41.5211,146.7158,1168
2009-07,ASN00091001,-41.2025,146.8156,1630
2009-07,ASN00091011,-40.6842,144.7181,1656
2009-07,ASN00091019,-41.8142,147.0922,892
2009-07,ASN00091029,-41.4978,146.535,1582
2009-07,ASN00091032,-41.7244,147.3208,494
2009-07,ASN00091034,-40.8842,145.2161,1610
2009-07,ASN00090186,-38.2867,142.4522,1210
2009-07,ASN00091039,-41.1839,146.4817,928
2009-07,ASN00091053,-41.25,147.2169,470
2009-07,ASN00091055,-41.5406,146.1364,2314
2009-07,ASN00091060,-40.905,145.3492,1618
2009-07,ASN00091072,-41.4678,147.1628,328
2009-07,ASN00091077,-41.575,147.4508,1042
2009-07,ASN00091086,-41.2439,147.7353,1694
2009-07,ASN00091090,-41.4475,146.8744,646
2009-07,ASN00091100,-40.4472,144.84,1360
2009-07,ASN00091107,-40.9972,145.7292,1378
2009-07,ASN00091041,-41.2383,146.9953,1419
2009-07,ASN00088121,-37.1425,144.9264,580
2009-07,ASN00090185,-38.5497,143.8594,1700
2009-07,ASN00090183,-38.6286,143.7306,2306
2009-07,ASN00090061,-38.421,143.8348,930
2009-07,ASN00090062,-37.8824,142.4235,1046
2009-07,ASN00090063,-37.875,142.2895,1078
2009-07,ASN00090067,-38.6196,142.9944,1410
2009-07,ASN00090070,-38.3846,141.6074,1006
2009-07,ASN00090076,-38.6771,143.6826,2506
2009-07,ASN00090077,-38.2362,142.9166,966
2009-07,ASN00090093,-38.7553,143.5103,2054
2009-07,ASN00090105,-37.7417,141.0657,1315
2009-07,ASN00090184,-38.4306,141.5437,1568
2009-07,ASN00090147,-38.3427,143.5848,566
2009-07,ASN00090165,-38.5582,143.1663,1492
2009-07,ASN00090167,-38.243,143.9887,565
2009-07,ASN00090171,-38.3148,141.4705,1532
2009-07,ASN00090173,-37.6486,142.0636,988
2009-07,ASN00090175,-38.3906,142.2347,1512
2009-07,ASN00090176,-38.0737,142.7744,696
2009-07,ASN00090180,-38.4583,144.0883,798
2009-07,ASN00090181,-38.241,143.1393,924
2009-07,ASN00090182,-37.583,141.3339,1252
2009-07,ASN00090153,-38.255,143.1256,655
2009-07,ASN00088119,-37.3167,145.7167,632
2009-07,ASN00088113,-37.3387,143.9861,772
2009-07,ASN00088110,-37.0809,144.2392,732
2009-07,ASN00086305,-37.6369,144.9072,344
2009-07,ASN00086314,-38.1992,145.4933,689
2009-07,ASN00086350,-37.4187,144.977,448
2009-07,ASN00086358,-37.8586,145.6532,966
2009-07,ASN00086361,-38.3646,145.1785,896
2009-07,ASN00086364,-37.6594,145.4457,629
2009-07,ASN00086369,-37.9535,145.1655,716
2009-07,ASN00086373,-38.4612,145.3101,808
2009-07,ASN00086374,-37.4652,145.2637,632
2009-07,ASN00086303,-37.8886,145.1928,864
2009-07,ASN00086377,-37.4225,145.0752,470
2009-07,ASN00086383,-37.7239,145.4094,686
2009-07,ASN00086393,-38.4617,144.9019,326
2009-07,ASN00087006,-37.6018,144.2295,564
2009-07,ASN00087007,-37.743,144.1406,485
2009-07,ASN00087014,-37.5512,143.9322,1014
2009-07,ASN00087016,-37.7654,144.1048,444
2009-07,ASN00087017,-37.4701,144.3069,1128
2009-07,ASN00087021,-37.8233,144.2078,296
2009-07,ASN00087029,-37.2698,144.723,770
2009-07,ASN00086379,-37.7917,145.2433,765
2009-07,ASN00087031,-37.8565,144.7566,298
2009-07,ASN00086299,-38.0222,145.3561,950
2009-07,ASN00086281,-38.3343,145.6696,1046
2009-07,ASN00086076,-37.8019,145.3675,1110
2009-07,ASN00086077,-37.98,145.0964,660
2009-07,ASN00086079,-38.2358,145.0667,754
2009-07,ASN00086088,-37.9142,145.0935,711
2009-07,ASN00086090,-37.7089,145.7855,1726
2009-07,ASN00086096,-37.7214,145.0059,382
2009-07,ASN00086104,-37.871,145.2561,746
2009-07,ASN00086105,-38.4282,145.0412,817
2009-07,ASN00086111,-37.9445,145.1764,897
2009-07,ASN00086282,-37.6655,144.8321,252
2009-07,ASN00086117,-37.477,145.1513,408
2009-07,ASN00086127,-38.6078,145.5965,1078
2009-07,ASN00086131,-37.5552,145.1259,382
2009-07,ASN00086142,-37.572,145.5014,426
2009-07,ASN00086210,-38.0651,145.1294,426
2009-07,ASN00086213,-38.3781,144.8997,654
2009-07,ASN00086223,-38.3391,145.0288,828
2009-07,ASN00086224,-37.9785,145.2235,788
2009-07,ASN00086232,-37.8303,144.9767,376
2009-07,ASN00086265,-38.3142,145.1756,753
2009-07,ASN00086119,-38.4836,145.1766,704
2009-07,ASN00091109,-41.1428,145.7058,2756
2009-07,ASN00087033,-37.991,144.4943,312
2009-07,ASN00087040,-37.7451,144.5687,268
2009-07,ASN00088015,-37.3049,143.7776,724
2009-07,ASN00088020,-37.3432,144.1575,498
2009-07,ASN00088021,-37.1995,144.0141,544
2009-07,ASN00088023,-37.2313,145.9124,860
2009-07,ASN00088029,-36.9579,144.6935,734
2009-07,ASN00088031,-37.0695,145.4177,806
2009-07,ASN00088032,-37.0856,143.9977,576
2009-07,ASN00088037,-37.2535,144.3825,998
2009-07,ASN00088042,-37.1965,144.3742,800
2009-07,ASN00088010,-37.2531,144.8614,688
2009-07,ASN00088043,-37.056,143.732,590
2009-07,ASN00088051,-37.0194,144.5203,780
2009-07,ASN00088056,-37.1714,143.701,718
2009-07,ASN00088060,-37.4475,145.2143,792
2009-07,ASN00088061,-37.3449,144.5365,930
2009-07,ASN00088064,-37.1225,144.8561,340
2009-07,ASN00088067,-37.2177,145.4211,610
2009-07,ASN00088103,-37.4958,145.7475,766
2009-07,ASN00088108,-37.1566,144.2079,726
2009-07,ASN00088109,-36.8886,145.1859,286
2009-07,ASN00088048,-37.105,144.0638,586
2009-07,ASN00087036,-37.4155,144.5569,192
2009-07,ASN00088009,-36.9886,143.9747,488
2009-07,ASN00087178,-38.2504,144.5104,269
2009-07,ASN00087042,-37.8539,144.11,488
2009-07,ASN00087043,-37.8197,144.1492,454
2009-07,ASN00087046,-37.6719,143.94,774
2009-07,ASN00087048,-37.8958,144.4387,169
2009-07,ASN00087075,-37.4964,144.5028,476
2009-07,ASN00087095,-37.6111,144.3,439
2009-07,ASN00087113,-38.0287,144.4783,308
2009-07,ASN00087118,-37.3508,144.6067,762
2009-07,ASN00087119,-38.3687,144.0843,378
2009-07,ASN00088002,-36.893,145.2316,314
2009-07,ASN00087121,-37.6831,144.6664,248
2009-07,ASN00087135,-38.2832,144.4784,800
2009-07,ASN00087160,-38.3404,144.3101,638
2009-07,ASN00087161,-37.6292,144.5026,242
2009-07,ASN00087162,-38.1435,144.1872,352
2009-07,ASN00087168,-37.9075,144.1303,298
2009-07,ASN00087171,-37.5223,144.4779,736
2009-07,ASN00087173,-37.294,144.7066,706
2009-07,ASN00087175,-37.2732,144.5974,852
2009-07,ASN00087176,-37.7569,144.7511,188
2009-07,ASN00087124,-38.2504,144.0854,552
2009-07,ASN00091118,-41.5664,147.2444,0
2009-07,ASN00091121,-40.9431,147.5922,982
2009-07,ASN00091126,-41.1708,146.4267,893
2009-07,ASN00094182,-42.5572,147.4033,316
2009-07,ASN00094185,-43.0336,147.2128,888
2009-07,ASN00094191,-43.2006,146.7683,1276
2009-07,ASN00094192,-43.4086,146.9567,934
2009-07,ASN00094195,-42.4544,147.4614,342
2009-07,ASN00094198,-43.4886,147.1444,1038
2009-07,ASN00094204,-42.6525,147.3578,282
2009-07,ASN00094212,-42.6867,147.4258,292
2009-07,ASN00094213,-43.1456,147.9617,1318
2009-07,ASN00094179,-43.0,146.928,552
2009-07,ASN00094214,-42.7033,147.1261,84
2009-07,ASN00094220,-42.9858,147.0742,664
2009-07,ASN00094221,-42.8514,147.6211,328
2009-07,ASN00094222,-42.9742,147.295,544
2009-07,ASN00094223,-42.97,147.3303,402
2009-07,ASN00094231,-42.9639,147.2022,918
2009-07,ASN00094232,-42.8367,147.1931,768
2009-07,ASN00094233,-42.6933,147.2617,298
2009-07,ASN00094236,-43.3692,147.3442,1824
2009-07,ASN00094237,-42.9372,147.1378,866
2009-07,ASN00094219,-43.1547,147.0539,726
2009-07,ASN00094239,-42.9639,147.2428,716
2009-07,ASN00094177,-42.7572,147.3817,336
2009-07,ASN00094172,-42.6531,147.3589,292
2009-07,ASN00094030,-42.8667,147.3322,293
2009-07,ASN00094039,-43.3583,147.2342,1098
2009-07,ASN00094040,-43.1983,147.0658,674
2009-07,ASN00094041,-43.6578,146.2711,1760
2009-07,ASN00094043,-43.2319,147.2547,1234
2009-07,ASN00094048,-42.9981,147.4056,516
2009-07,ASN00094061,-42.9264,147.5203,530
2009-07,ASN00094064,-42.7619,147.6197,464
2009-07,ASN00094068,-43.1547,147.2386,960
2009-07,ASN00094175,-42.9725,147.0342,772
2009-07,ASN00094071,-43.0153,147.9117,1324
2009-07,ASN00094087,-42.8967,147.235,816
2009-07,ASN00094097,-42.5436,147.5664,394
2009-07,ASN00094111,-42.9519,147.3496,420
2009-07,ASN00094125,-43.0239,147.255,568
2009-07,ASN00094130,-42.7469,147.5511,396
2009-07,ASN00094143,-42.5272,147.1236,3376
2009-07,ASN00094151,-42.9742,147.1692,936
2009-07,ASN00094155,-43.2397,148.0025,872
2009-07,ASN00094169,-43.0433,147.8667,505
2009-07,ASN00094082,-42.8569,147.4386,400
2009-07,ASN00094029,-42.8897,147.3278,402
2009-07,ASN00095001,-42.3883,147.0061,246
2009-07,ASN00095012,-42.4814,146.7114,352
2009-07,ASN00097061,-42.7428,145.9811,1962
2009-07,ASN00097072,-42.155,145.2908,3098
2009-07,ASN00097080,-42.985,145.5022,1750
2009-07,ASN00097083,-43.0425,146.2722,2962
2009-07,ASN00097085,-41.8444,145.5419,5858
2009-07,ASN00097091,-42.0961,145.5456,3658
2009-07,ASN00098000,-40.0092,144.1111,1872
2009-07,ASN00098004,-39.9097,144.0986,1978
2009-07,ASN00098011,-39.9283,143.8525,1686
2009-07,ASN00097054,-41.8822,145.3358,4062
2009-07,ASN00098017,-39.88,143.8831,1814
2009-07,ASN00099000,-40.3706,148.0231,586
2009-07,ASN00099005,-40.0911,148.0024,786
2009-07,ASN00099014,-40.0194,148.1825,694
2009-07,ASN00099021,-40.1558,148.1853,886
2009-07,ASN00099023,-40.1883,148.1178,972
2009-07,ASN00099025,-40.2319,148.19,1162
2009-07,ASN00109501,-32.938,116.024,1972
2009-07,ASN00109505,-33.5958,115.8186,1954
2009-07,ASN00041096,-27.5094,151.9547,14
2009-07,ASN00098023,-39.9647,144.0772,1866
2009-07,ASN00095003,-42.7097,146.8983,418
2009-07,ASN00097047,-41.4892,145.2083,3180
2009-07,ASN00097020,-42.0056,145.5419,2618
2009-07,ASN00095016,-42.3367,146.7475,344
2009-07,ASN00095046,-42.3811,147.0036,68
2009-07,ASN00095047,-42.3961,146.4897,752
2009-07,ASN00095048,-42.4842,146.7106,312
2009-07,ASN00095069,-42.8069,147.1144,538
2009-07,ASN00095072,-42.8033,146.9878,654
2009-07,ASN00095074,-42.7414,147.0489,468
2009-07,ASN00095075,-42.6803,146.7756,946
2009-07,ASN00095077,-42.6894,146.7122,590
2009-07,ASN00097024,-43.0609,146.704,1798
2009-07,ASN00095079,-42.8458,147.0294,692
2009-07,ASN00096033,-41.8997,146.6694,1900
2009-07,ASN00096038,-42.0572,147.286,728
2009-07,ASN00096046,-41.9822,146.7228,1084
2009-07,ASN00096069,-42.1289,146.2156,2134
2009-07,ASN00096070,-42.2558,146.8753,48
2009-07,ASN00096071,-42.1178,146.1772,2727
2009-07,ASN00096077,-41.5958,145.9311,4207
2009-07,ASN00097000,-42.1986,145.17,1962
2009-07,ASN00097006,-41.9933,145.5725,446
2009-07,ASN00096002,-42.1419,146.4931,772
2009-07,ASN00086068,-37.7408,145.0972,504
2009-07,ASN00094027,-43.4144,146.8731,1645
2009-07,ASN00094022,-43.0431,147.4133,596
2009-07,ASN00091290,-41.6308,146.7,1706
2009-07,ASN00091291,-41.3886,146.3219,2104
2009-07,ASN00091292,-40.8347,145.0847,1290
2009-07,ASN00091293,-41.0556,146.7856,868
2009-07,ASN00091299,-41.2431,147.4436,2494
2009-07,ASN00091304,-41.1164,145.8619,1632
2009-07,ASN00091305,-41.3144,147.3803,2070
2009-07,ASN00091306,-41.7256,147.0794,736
2009-07,ASN00091311,-41.5492,147.2144,788
2009-07,ASN00091288,-41.6706,146.7278,2036
2009-07,ASN00091312,-41.4406,146.1228,2680
2009-07,ASN00091317,-41.5136,147.2028,164
2009-07,ASN00091321,-41.3961,145.9342,3474
2009-07,ASN00091325,-41.7292,147.2358,464
2009-07,ASN00091332,-41.3528,146.4164,1886
2009-07,ASN00091340,-41.3592,147.01,1314
2009-07,ASN00091341,-41.3428,146.8964,1316
2009-07,ASN00091346,-41.2336,147.2064,1438
2009-07,ASN00092001,-41.9525,148.1839,190
2009-07,ASN00092002,-41.7792,147.7225,408
2009-07,ASN00091315,-41.51,147.0511,918
2009-07,ASN00092003,-41.8739,148.3036,300
2009-07,ASN00091286,-41.1208,146.8275,1144
2009-07,ASN00091267,-41.6494,146.6154,1770
2009-07,ASN00091150,-41.6419,146.5244,2128
2009-07,ASN00091153,-41.3356,146.2797,2052
2009-07,ASN00091156,-41.4717,146.6456,1288
2009-07,ASN00091161,-41.3886,146.5861,1310
2009-07,ASN00091171,-41.2708,146.5481,1316
2009-07,ASN00091186,-41.2039,146.265,240
2009-07,ASN00091197,-41.4864,147.4386,1405
2009-07,ASN00091198,-41.3917,147.4242,2028
2009-07,ASN00091219,-41.1708,147.4883,1494
2009-07,ASN00091271,-41.3959,147.3006,1626
2009-07,ASN00091223,-40.9089,144.7094,2304
2009-07,ASN00091236,-41.5128,146.8303,1138
2009-07,ASN00091237,-41.4194,147.1222,1004
2009-07,ASN00091245,-40.6828,144.69,1502
2009-07,ASN00091255,-41.2339,146.9294,1036
2009-07,ASN00091259,-41.1492,145.1517,2536
2009-07,ASN00091260,-41.4883,146.9047,1044
2009-07,ASN00091262,-41.1333,146.8461,944
2009-07,ASN00091263,-41.4889,147.2326,252
2009-07,ASN00091266,-41.3972,146.4953,1294
2009-07,ASN00091227,-41.5267,146.6583,2182
2009-07,ASN00094025,-42.8494,147.2547,712
2009-07,ASN00092005,-42.8122,147.8289,896
2009-07,ASN00092010,-42.5844,148.0636,518
2009-07,ASN00092134,-41.1256,147.8617,1372
2009-07,ASN00093002,-42.3958,147.3042,118
2009-07,ASN00093007,-42.2664,147.5281,356
2009-07,ASN00093014,-42.3006,147.3711,364
2009-07,ASN00093023,-42.4031,147.3908,322
2009-07,ASN00093033,-41.9347,147.4931,472
2009-07,ASN00093040,-42.3075,147.1672,264
2009-07,ASN00093044,-41.8172,147.5664,368
2009-07,ASN00093046,-42.305,147.5708,328
2009-07,ASN00092129,-41.0458,148.2592,924
2009-07,ASN00093049,-42.3696,147.4631,286
2009-07,ASN00093052,-42.163,147.5805,322
2009-07,ASN00093053,-42.025,147.4953,446
2009-07,ASN00093055,-41.8658,147.4494,440
2009-07,ASN00093059,-41.9311,147.4256,338
2009-07,ASN00094001,-42.4158,147.1347,278
2009-07,ASN00094005,-42.7433,147.2372,340
2009-07,ASN00094008,-42.8339,147.5033,462
2009-07,ASN00094010,-43.4892,147.1453,1394
2009-07,ASN00094020,-43.3167,147.0075,856
2009-07,ASN00093051,-42.0317,147.4907,396
2009-07,ASN00092008,-42.0117,148.0747,202
2009-07,ASN00092124,-42.6619,148.0181,474
2009-07,ASN00092120,-41.3381,148.2792,614
2009-07,ASN00092011,-40.9589,148.0086,1142
2009-07,ASN00092014,-41.5308,148.1969,376
2009-07,ASN00092017,-42.7856,147.8086,818
2009-07,ASN00092019,-42.0067,147.7975,692
2009-07,ASN00092020,-41.82,147.9551,334
2009-07,ASN00092024,-41.4703,147.8919,614
2009-07,ASN00092027,-42.5519,147.8753,512
2009-07,ASN00092028,-42.5853,147.9142,514
2009-07,ASN00092030,-41.0825,147.9353,1322
2009-07,ASN00092123,-40.7292,148.125,708
2009-07,ASN00092045,-40.9928,148.3467,758
2009-07,ASN00092051,-41.27,147.9492,1906
2009-07,ASN00092064,-41.5633,148.1414,328
2009-07,ASN00092067,-40.8586,148.0178,818
2009-07,ASN00092079,-42.2133,147.7831,452
2009-07,ASN00092099,-42.7153,147.7525,856
2009-07,ASN00092109,-41.4622,147.57,338
2009-07,ASN00092111,-41.4342,147.7192,1900
2009-07,ASN00092113,-41.4136,148.2744,256
2009-07,ASN00092114,-41.9953,148.2794,148
2009-07,ASN00092047,-42.2708,147.6942,456
2009-07,ASN00086063,-38.2656,145.5692,824
2009-07,ASN00086039,-37.7915,144.9067,346
2009-07,ASN00086038,-37.7276,144.9066,310
2009-07,ASN00076043,-34.9272,142.1765,238
2009-07,ASN00076044,-35.1759,143.37,190
2009-07,ASN00076046,-35.167,143.2781,260
2009-07,ASN00076047,-35.0694,142.3158,254
2009-07,ASN00076050,-35.2555,143.3683,310
2009-07,ASN00076051,-34.362,141.9038,146
2009-07,ASN00076064,-35.1201,142.004,296
2009-07,ASN00076067,-34.3883,141.5954,234
2009-07,ASN00076069,-34.9536,142.7392,255
2009-07,ASN00076038,-35.2628,141.1789,258
2009-07,ASN00076103,-35.189,142.3725,230
2009-07,ASN00076106,-35.2484,141.0808,134
2009-07,ASN00076107,-35.2848,141.4949,306
2009-07,ASN00076109,-35.3678,141.0625,210
2009-07,ASN00076133,-34.1051,141.0166,98
2009-07,ASN00077001,-35.9809,143.6479,412
2009-07,ASN00077005,-35.6367,142.995,274
2009-07,ASN00077008,-35.9244,142.851,390
2009-07,ASN00077009,-35.5504,142.9207,326
2009-07,ASN00077010,-35.7151,142.3569,296
2009-07,ASN00076105,-34.7164,143.1506,182
2009-07,ASN00077014,-35.717,143.1074,365
2009-07,ASN00076037,-34.1928,141.5996,34
2009-07,ASN00076018,-35.1136,142.9194,86
2009-07,ASN00075026,-34.442,145.5612,198
2009-07,ASN00075032,-33.4915,145.5249,182
2009-07,ASN00075039,-33.2833,146.3707,99
2009-07,ASN00075041,-34.2487,146.0695,234
2009-07,ASN00075042,-34.476,144.3013,152
2009-07,ASN00075044,-33.8192,145.6235,36
2009-07,ASN00075046,-35.0885,144.0349,126
2009-07,ASN00075049,-34.4456,144.1728,169
2009-07,ASN00075054,-35.2849,145.2098,164
2009-07,ASN00076031,-34.2358,142.0867,118
2009-07,ASN00075062,-34.8096,144.1654,116
2009-07,ASN00075072,-33.9376,146.6062,200
2009-07,ASN00075079,-34.2502,146.1897,168
2009-07,ASN00075081,-35.0365,144.456,186
2009-07,ASN00075140,-34.1533,145.1409,70
2009-07,ASN00075142,-33.9247,145.5205,98
2009-07,ASN00075163,-33.3476,145.8703,200
2009-07,ASN00076000,-34.85,142.7811,274
2009-07,ASN00076012,-35.1702,143.0001,178
2009-07,ASN00076017,-35.1945,143.04,218
2009-07,ASN00075071,-35.2119,144.816,164
2009-07,ASN00075017,-33.17,146.642,190
2009-07,ASN00077015,-35.5574,142.5432,336
2009-07,ASN00077028,-35.7955,142.8768,400
2009-07,ASN00079028,-36.6722,142.2991,548
2009-07,ASN00079031,-36.9865,143.2727,828
2009-07,ASN00079032,-36.8612,142.9332,778
2009-07,ASN00079036,-36.7416,141.9429,314
2009-07,ASN00079037,-36.9,143.1137,848
2009-07,ASN00079039,-36.9065,143.3384,890
2009-07,ASN00079040,-36.6189,143.2631,164
2009-07,ASN00079046,-37.0936,142.4344,1138
2009-07,ASN00079050,-37.3162,142.6975,864
2009-07,ASN00079019,-37.1847,142.8553,329
2009-07,ASN00079075,-36.6287,142.6321,658
2009-07,ASN00079097,-37.1169,141.8031,630
2009-07,ASN00079099,-37.0222,141.2657,784
2009-07,ASN00079100,-36.6697,142.1731,620
2009-07,ASN00079103,-37.295,142.6039,1968
2009-07,ASN00079105,-37.068,142.7412,796
2009-07,ASN00079107,-36.8132,141.2599,890
2009-07,ASN00080002,-36.116,143.7229,408
2009-07,ASN00080004,-35.9741,143.8525,319
2009-07,ASN00080014,-36.1348,143.9186,474
2009-07,ASN00079078,-37.0607,141.9882,426
2009-07,ASN00077025,-35.4609,143.6286,264
2009-07,ASN00079017,-36.7181,141.4729,348
2009-07,ASN00079015,-36.8721,142.6308,664
2009-07,ASN00077033,-35.3833,142.1869,385
2009-07,ASN00077034,-35.9296,143.4992,392
2009-07,ASN00077039,-35.5046,142.8493,304
2009-07,ASN00077040,-35.5254,142.7267,333
2009-07,ASN00077052,-35.6803,142.6664,368
2009-07,ASN00077079,-36.0086,143.3719,332
2009-07,ASN00077082,-35.9338,142.2805,408
2009-07,ASN00077088,-35.987,142.915,86
2009-07,ASN00077094,-35.3766,143.5416,266
2009-07,ASN00079016,-36.7281,142.7303,738
2009-07,ASN00078010,-36.4644,142.0327,538
2009-07,ASN00078015,-36.3092,141.6486,400
2009-07,ASN00078029,-36.46,142.5858,396
2009-07,ASN00078038,-36.2705,142.2165,354
2009-07,ASN00078040,-36.2882,141.7347,540
2009-07,ASN00078072,-36.3697,142.9709,450
2009-07,ASN00078086,-36.14,141.9878,374
2009-07,ASN00079002,-36.9532,143.1976,718
2009-07,ASN00079003,-36.6994,143.1594,582
2009-07,ASN00079008,-36.9389,141.8714,650
2009-07,ASN00078013,-36.3986,141.8797,512
2009-07,ASN00080015,-36.1647,144.7642,320
2009-07,ASN00075016,-33.9871,145.3904,86
2009-07,ASN00075007,-33.8436,144.9073,138
2009-07,ASN00072146,-36.0692,146.9534,550
2009-07,ASN00072150,-35.1583,147.4573,362
2009-07,ASN00072156,-35.9333,147.7167,698
2009-07,ASN00072159,-35.3019,147.9402,878
2009-07,ASN00072160,-36.069,146.9509,546
2009-07,ASN00072161,-35.9371,148.3779,2362
2009-07,ASN00072162,-36.2304,148.1405,1198
2009-07,ASN00072163,-35.899,148.1821,842
2009-07,ASN00072169,-35.7108,148.0026,148
2009-07,ASN00072142,-35.72,147.3103,640
2009-07,ASN00073000,-34.1442,147.386,296
2009-07,ASN00073014,-33.9029,148.1718,488
2009-07,ASN00073017,-34.0824,148.365,486
2009-07,ASN00073019,-34.8456,147.5714,313
2009-07,ASN00073021,-34.0391,148.5552,372
2009-07,ASN00073022,-34.6479,148.1606,480
2009-07,ASN00073025,-34.791,147.5592,384
2009-07,ASN00073029,-34.5495,148.3493,416
2009-07,ASN00073032,-34.0112,147.7937,325
2009-07,ASN00073043,-34.4918,148.1266,632
2009-07,ASN00073007,-34.9997,148.5984,828
2009-07,ASN00073044,-35.0581,147.753,462
2009-07,ASN00072141,-35.725,148.4915,1400
2009-07,ASN00072098,-35.3448,148.3837,1064
2009-07,ASN00070349,-35.5293,148.7721,1126
2009-07,ASN00071000,-35.9962,148.7693,576
2009-07,ASN00071005,-36.5029,148.835,133
2009-07,ASN00071019,-36.5067,148.8281,110
2009-07,ASN00071021,-36.4818,148.5873,480
2009-07,ASN00071032,-36.4917,148.2859,1050
2009-07,ASN00071041,-36.5031,148.304,2193
2009-07,ASN00072004,-35.5203,148.1453,1490
2009-07,ASN00072023,-36.1039,147.0329,620
2009-07,ASN00072101,-35.7112,147.4859,634
2009-07,ASN00072042,-35.2765,147.7362,542
2009-07,ASN00072044,-35.3194,148.2341,1016
2009-07,ASN00072050,-36.0355,147.2707,744
2009-07,ASN00072053,-35.7542,147.8445,1154
2009-07,ASN00072056,-35.3947,148.247,928
2009-07,ASN00072078,-35.6767,147.5178,679
2009-07,ASN00072080,-35.7226,147.9291,943
2009-07,ASN00072082,-35.5528,147.9827,1291
2009-07,ASN00072089,-35.9784,148.0855,636
2009-07,ASN00072091,-35.9383,148.3842,2149
2009-07,ASN00072043,-35.778,148.0141,1066
2009-07,ASN00075012,-35.4201,144.6002,196
2009-07,ASN00073051,-34.2054,148.5533,494
2009-07,ASN00073100,-33.9119,148.4383,577
2009-07,ASN00074106,-35.817,145.6004,287
2009-07,ASN00074110,-35.3305,146.2652,205
2009-07,ASN00074118,-34.5139,146.1848,184
2009-07,ASN00074126,-35.385,147.0558,352
2009-07,ASN00074127,-35.1069,147.3636,437
2009-07,ASN00074129,-35.7228,144.7865,290
2009-07,ASN00074162,-34.9349,146.3031,168
2009-07,ASN00074188,-35.6724,147.0361,482
2009-07,ASN00074202,-34.8504,146.9778,232
2009-07,ASN00074104,-35.2683,147.1142,364
2009-07,ASN00074205,-35.162,147.0274,306
2009-07,ASN00074217,-34.7565,147.3482,266
2009-07,ASN00074234,-35.0371,147.1933,345
2009-07,ASN00074249,-34.8016,145.8904,224
2009-07,ASN00074258,-35.5575,144.9458,62
2009-07,ASN00074261,-34.531,146.9806,280
2009-07,ASN00074262,-35.7861,144.6002,254
2009-07,ASN00074264,-35.4091,147.2479,522
2009-07,ASN00074267,-33.9956,146.7683,186
2009-07,ASN00075004,-35.2847,144.5334,134
2009-07,ASN00074208,-35.6074,145.2012,180
2009-07,ASN00073054,-33.9262,147.2418,310
2009-07,ASN00074088,-35.5579,146.1653,240
2009-07,ASN00074081,-35.9878,146.0061,343
2009-07,ASN00073109,-34.425,148.5408,526
2009-07,ASN00073110,-33.9462,148.0775,468
2009-07,ASN00073113,-34.1985,148.0047,402
2009-07,ASN00073115,-35.1687,148.2311,621
2009-07,ASN00073129,-34.1567,148.6857,528
2009-07,ASN00073138,-34.2493,148.2475,624
2009-07,ASN00073141,-35.0479,148.1075,632
2009-07,ASN00073142,-34.6299,148.0364,408
2009-07,ASN00073150,-34.5307,147.8442,1640
2009-07,ASN00074087,-35.3342,146.0342,192
2009-07,ASN00073151,-34.4292,147.5111,322
2009-07,ASN00074002,-34.3479,147.2208,404
2009-07,ASN00074005,-34.2849,146.5714,246
2009-07,ASN00074034,-35.9887,146.3574,394
2009-07,ASN00074037,-34.6223,146.4328,124
2009-07,ASN00074040,-34.8814,145.7595,180
2009-07,ASN00074042,-35.6408,145.5762,194
2009-07,ASN00074050,-34.738,146.7825,206
2009-07,ASN00074053,-35.5168,147.0344,512
2009-07,ASN00074055,-35.3475,145.7257,160
2009-07,ASN00074000,-34.3567,146.9032,228
2009-07,ASN00070346,-35.1889,149.251,267
2009-07,ASN00080017,-36.0407,143.9403,320
2009-07,ASN00080023,-35.7236,143.9197,299
2009-07,ASN00084044,-37.0071,148.2666,300
2009-07,ASN00084045,-37.8526,148.0638,204
2009-07,ASN00084084,-37.5976,149.7289,532
2009-07,ASN00084093,-37.7132,148.3954,314
2009-07,ASN00084096,-37.5455,148.1357,204
2009-07,ASN00084100,-37.8333,147.6206,200
2009-07,ASN00084107,-37.0826,148.2791,228
2009-07,ASN00084109,-37.5006,148.2717,258
2009-07,ASN00084118,-37.49,147.1658,328
2009-07,ASN00084039,-37.0707,148.5906,248
2009-07,ASN00084122,-37.4772,149.6386,306
2009-07,ASN00084134,-37.3397,148.712,644
2009-07,ASN00084140,-37.7962,147.7559,288
2009-07,ASN00084142,-37.22,148.2625,346
2009-07,ASN00084143,-37.3417,149.0228,582
2009-07,ASN00084144,-37.6924,148.0908,332
2009-07,ASN00084145,-37.6922,148.4667,368
2009-07,ASN00084147,-37.8164,147.5714,262
2009-07,ASN00084148,-37.8385,147.8312,290
2009-07,ASN00085007,-38.4307,146.5398,1384
2009-07,ASN00084128,-37.3564,149.2058,446
2009-07,ASN00085009,-38.1951,146.5293,518
2009-07,ASN00084035,-37.2618,147.7229,153
2009-07,ASN00084016,-37.5679,149.9158,304
2009-07,ASN00083032,-36.8473,146.3225,1644
2009-07,ASN00083033,-37.5696,146.2541,1942
2009-07,ASN00083035,-36.9257,147.423,938
2009-07,ASN00083038,-36.6566,147.1283,1548
2009-07,ASN00083043,-36.8756,147.2886,3030
2009-07,ASN00083057,-36.6074,146.7888,1118
2009-07,ASN00083058,-36.8547,146.8581,414
2009-07,ASN00083064,-36.941,147.7779,472
2009-07,ASN00083067,-36.7313,146.9614,1173
2009-07,ASN00084025,-37.8507,147.7664,252
2009-07,ASN00083077,-37.0322,146.3508,986
2009-07,ASN00083083,-36.7396,146.4671,1114
2009-07,ASN00083084,-36.8708,147.2755,998
2009-07,ASN00083085,-36.9767,147.1342,1768
2009-07,ASN00083090,-37.1017,147.6008,378
2009-07,ASN00083091,-37.3016,146.1489,1469
2009-07,ASN00084002,-37.1712,148.7228,582
2009-07,ASN00084003,-37.7073,147.8314,233
2009-07,ASN00084014,-37.106,148.6862,366
2009-07,ASN00084015,-37.3757,147.8373,290
2009-07,ASN00083079,-36.7132,146.6717,1622
2009-07,ASN00083024,-37.145,146.4394,3008
2009-07,ASN00085023,-38.1383,145.86,863
2009-07,ASN00085029,-38.652,146.1997,959
2009-07,ASN00085238,-37.9532,146.3898,750
2009-07,ASN00085270,-37.7647,147.3744,238
2009-07,ASN00085276,-37.8039,146.8842,212
2009-07,ASN00085277,-37.9039,145.9719,1090
2009-07,ASN00085279,-37.8817,147.5669,224
2009-07,ASN00085280,-38.2094,146.4747,538
2009-07,ASN00085281,-38.3245,146.5301,844
2009-07,ASN00085288,-37.4667,146.6883,1016
2009-07,ASN00085289,-37.8514,146.555,666
2009-07,ASN00085227,-38.5215,146.2041,1172
2009-07,ASN00085291,-37.8383,146.2747,1362
2009-07,ASN00085293,-38.8957,145.9355,1434
2009-07,ASN00085296,-37.7481,147.1428,366
2009-07,ASN00085297,-37.9722,146.9856,218
2009-07,ASN00085298,-38.1072,147.1317,248
2009-07,ASN00085303,-37.5325,147.0053,670
2009-07,ASN00085304,-37.4967,146.8575,558
2009-07,ASN00085305,-37.8758,146.0833,1204
2009-07,ASN00086020,-37.9551,145.0782,610
2009-07,ASN00086035,-37.7011,145.1547,368
2009-07,ASN00085292,-37.8897,145.9958,1180
2009-07,ASN00085028,-38.72,146.0633,1313
2009-07,ASN00085200,-38.4323,145.7919,1128
2009-07,ASN00085179,-38.1033,145.9718,771
2009-07,ASN00085030,-38.4455,146.2699,1356
2009-07,ASN00085033,-38.4228,147.0864,448
2009-07,ASN00085034,-37.9085,146.8046,154
2009-07,ASN00085040,-38.6911,146.1486,1264
2009-07,ASN00085042,-38.022,145.8884,940
2009-07,ASN00085045,-38.435,145.8178,1110
2009-07,ASN00085049,-38.4842,145.9329,912
2009-07,ASN00085053,-38.506,146.5187,1120
2009-07,ASN00085058,-37.5277,146.5458,740
2009-07,ASN00085195,-38.0654,146.1689,672
2009-07,ASN00085063,-38.6079,146.3185,1148
2009-07,ASN00085073,-38.3183,147.1752,380
2009-07,ASN00085085,-38.2181,146.1658,994
2009-07,ASN00085096,-39.1297,146.4244,2580
2009-07,ASN00085137,-38.7205,145.9011,1072
2009-07,ASN00085160,-38.4191,146.9656,570
2009-07,ASN00085163,-38.7915,146.1799,986
2009-07,ASN00085166,-37.9582,147.0843,160
2009-07,ASN00085167,-38.0229,147.3511,261
2009-07,ASN00085168,-37.8345,147.0819,206
2009-07,ASN00085072,-38.1156,147.1322,256
2009-07,ASN00080020,-35.9661,144.3712,334
2009-07,ASN00083019,-37.0525,146.0872,434
2009-07,ASN00083003,-36.9456,147.7407,390
2009-07,ASN00081046,-36.4436,144.9828,426
2009-07,ASN00081049,-36.4378,145.2672,198
2009-07,ASN00081063,-37.0833,143.4833,620
2009-07,ASN00081083,-36.8465,144.5273,694
2009-07,ASN00081085,-36.8589,143.7297,648
2009-07,ASN00081087,-36.2567,146.0433,374
2009-07,ASN00081090,-36.7446,143.6788,624
2009-07,ASN00081100,-36.7682,143.9866,558
2009-07,ASN00081115,-36.6284,144.8726,442
2009-07,ASN00081041,-36.534,144.208,640
2009-07,ASN00081118,-36.8093,144.6203,562
2009-07,ASN00081123,-36.7395,144.3266,740
2009-07,ASN00081124,-36.0294,146.0306,330
2009-07,ASN00081125,-36.4289,145.3947,346
2009-07,ASN00082001,-36.3702,146.7132,1176
2009-07,ASN00082009,-36.6085,146.5371,998
2009-07,ASN00082010,-36.1491,146.6106,522
2009-07,ASN00082015,-36.3084,146.5229,591
2009-07,ASN00082016,-36.7545,145.5727,528
2009-07,ASN00082018,-36.7691,147.6956,1138
2009-07,ASN00081120,-36.5886,145.0198,478
2009-07,ASN00082021,-36.0964,146.6008,540
2009-07,ASN00081035,-36.6146,145.2143,376
2009-07,ASN00081033,-36.6436,145.4197,398
2009-07,ASN00080024,-35.8674,143.8007,244
2009-07,ASN00080027,-36.3203,143.735,530
2009-07,ASN00080036,-35.9681,144.1073,384
2009-07,ASN00080044,-35.9977,144.4244,308
2009-07,ASN00080049,-36.3613,144.7108,488
2009-07,ASN00080056,-36.2497,144.9531,360
2009-07,ASN00080067,-36.2717,143.3453,516
2009-07,ASN00080091,-36.335,145.0638,120
2009-07,ASN00080101,-36.0918,145.4531,278
2009-07,ASN00081034,-36.3989,145.3448,344
2009-07,ASN00080103,-36.3794,144.2299,464
2009-07,ASN00080125,-35.8876,145.3879,97
2009-07,ASN00080126,-35.7175,143.9111,364
2009-07,ASN00080128,-36.2847,143.3341,540
2009-07,ASN00081000,-37.0887,143.4747,598
2009-07,ASN00081007,-36.4565,145.6569,438
2009-07,ASN00081008,-36.5421,144.7751,524
2009-07,ASN00081016,-36.4963,144.6096,548
2009-07,ASN00081019,-36.718,145.1731,354
2009-07,ASN00081020,-36.5753,143.8695,170
2009-07,ASN00080109,-35.9119,145.6447,214
2009-07,ASN00083010,-36.6344,146.8628,1524
2009-07,ASN00082029,-36.456,146.4299,588
2009-07,ASN00082039,-36.1047,146.5094,366
2009-07,ASN00082143,-36.7861,145.6581,514
2009-07,ASN00082144,-36.8167,145.64,618
2009-07,ASN00082145,-36.8753,145.5783,656
2009-07,ASN00082146,-36.9322,145.5842,702
2009-07,ASN00082147,-36.9217,145.6769,844
2009-07,ASN00082148,-36.8278,145.8494,1100
2009-07,ASN00082149,-36.7858,145.5683,566
2009-07,ASN00082151,-36.8628,145.7333,964
2009-07,ASN00082153,-36.8206,145.705,1014
2009-07,ASN00082142,-36.9461,146.2197,950
2009-07,ASN00082154,-36.8892,145.6814,1408
2009-07,ASN00082156,-36.7903,146.28,1718
2009-07,ASN00082158,-36.7478,146.5362,1290
2009-07,ASN00082162,-36.5775,146.8203,1188
2009-07,ASN00082163,-36.6364,146.5547,1042
2009-07,ASN00082165,-36.9502,146.0095,674
2009-07,ASN00082166,-36.4186,146.5572,726
2009-07,ASN00082167,-36.5344,146.2181,768
2009-07,ASN00082169,-36.1828,147.8938,828
2009-07,ASN00083000,-36.9064,146.2389,1350
2009-07,ASN00082155,-36.8211,146.1278,1230
2009-07,ASN00082033,-36.6975,146.2852,1041
2009-07,ASN00082140,-36.8542,145.9381,630
2009-07,ASN00082138,-36.4206,146.3056,534
2009-07,ASN00082041,-36.1859,146.4694,406
2009-07,ASN00082042,-36.8472,145.7308,1058
2009-07,ASN00082043,-36.7872,145.8225,1082
2009-07,ASN00082049,-36.6425,145.7234,566
2009-07,ASN00082052,-35.9645,147.7374,837
2009-07,ASN00082057,-36.3025,146.7299,824
2009-07,ASN00082058,-36.3111,146.8381,968
2009-07,ASN00082068,-36.5293,147.3749,1018
2009-07,ASN00082076,-36.5353,147.4984,924
2009-07,ASN00082139,-36.2136,147.5394,1996
2009-07,ASN00082083,-36.804,145.418,494
2009-07,ASN00082090,-36.4793,147.0297,1009
2009-07,ASN00082096,-36.9005,145.5228,792
2009-07,ASN00082103,-36.0243,147.5475,961
2009-07,ASN00082105,-36.8314,146.3982,1346
2009-07,ASN00082109,-36.6133,146.1131,566
2009-07,ASN00082112,-36.6533,146.8567,1848
2009-07,ASN00082116,-36.6083,146.3583,904
2009-07,ASN00082128,-36.5131,146.4483,636
2009-07,ASN00082134,-36.6936,145.8785,758
2009-07,ASN00082084,-36.7136,145.7603,1012
2009-07,ASN00041095,-28.6617,151.9339,116
2009-07,ASN00040945,-28.0708,152.9272,60
2009-07,ASN00041086,-26.6653,151.3969,28
2009-07,ASN00014901,-13.8345,131.1872,0
2009-07,ASN00014909,-13.3275,133.0861,0
2009-07,ASN00014932,-14.5229,132.3826,0
2009-07,ASN00014948,-14.2495,129.5282,0
2009-07,ASN00014949,-15.7442,131.9182,0
2009-07,ASN00014954,-14.9408,130.8092,0
2009-07,ASN00014955,-14.3202,132.4226,0
2009-07,ASN00014956,-13.9487,131.3191,0
2009-07,ASN00014967,-14.3055,132.0772,0
2009-07,ASN00015085,-18.637,135.945,0
2009-07,ASN00015088,-19.0579,136.7066,0
2009-07,ASN00015123,-18.8689,134.4991,0
2009-07,ASN00015131,-17.5521,133.5407,0
2009-07,ASN00015135,-19.6423,134.1833,0
2009-07,ASN00015139,-19.933,134.3548,0
2009-07,ASN00015501,-23.1273,133.836,0
2009-07,ASN00015511,-25.3139,131.7571,30
2009-07,ASN00015521,-23.2837,134.4229,0
2009-07,ASN00015548,-20.1883,130.0161,0
2009-07,ASN00014866,-17.6129,130.0713,0
2009-07,ASN00014864,-16.3541,131.5147,0
2009-07,ASN00014857,-19.2798,129.9422,0
2009-07,ASN00014856,-18.3902,129.4299,0
2009-07,ASN00014508,-12.2741,136.8203,52
2009-07,ASN00014515,-12.5013,135.8001,0
2009-07,ASN00014517,-11.9971,135.5726,8
2009-07,ASN00014518,-13.9747,136.4631,8
2009-07,ASN00014612,-15.5748,133.2138,0
2009-07,ASN00014626,-16.2636,133.3782,2
2009-07,ASN00014627,-13.6714,134.3414,0
2009-07,ASN00014639,-15.9179,132.3831,0
2009-07,ASN00014647,-15.2712,132.9127,0
2009-07,ASN00015585,-21.7498,135.2382,0
2009-07,ASN00014652,-14.5264,132.8006,0
2009-07,ASN00014704,-16.4423,136.076,2
2009-07,ASN00014723,-16.0757,136.3041,0
2009-07,ASN00014729,-15.6293,136.3881,0
2009-07,ASN00014824,-16.1196,130.4282,0
2009-07,ASN00014825,-16.403,131.0145,0
2009-07,ASN00014829,-18.3325,130.6358,0
2009-07,ASN00014840,-17.3871,131.1166,0
2009-07,ASN00014847,-16.1176,130.9558,0
2009-07,ASN00014853,-15.97,129.0407,0
2009-07,ASN00014703,-15.7426,136.8192,16
2009-07,ASN00015590,-23.7951,133.889,0
2009-07,ASN00015594,-23.4564,134.6849,0
2009-07,ASN00015602,-22.9494,136.1442,0
2009-07,ASN00016056,-32.1232,137.1505,276
2009-07,ASN00016065,-30.449,137.1692,102
2009-07,ASN00016067,-32.4398,136.0671,452
2009-07,ASN00016086,-31.7646,135.6494,274
2009-07,ASN00016090,-29.0347,134.7222,30
2009-07,ASN00016095,-26.2085,133.8545,44
2009-07,ASN00016096,-30.4829,136.8772,42
2009-07,ASN00016097,-26.2635,132.1771,62
2009-07,ASN00016098,-30.7051,134.5786,178
2009-07,ASN00016055,-32.3792,135.5247,618
2009-07,ASN00017014,-31.0939,138.6786,456
2009-07,ASN00017028,-27.724,140.7633,0
2009-07,ASN00017032,-30.9904,138.5787,338
2009-07,ASN00017037,-29.239,137.9058,22
2009-07,ASN00017041,-30.9372,138.8919,114
2009-07,ASN00017043,-27.5553,135.4456,10
2009-07,ASN00017054,-31.1278,138.9618,84
2009-07,ASN00017089,-27.7205,138.2548,12
2009-07,ASN00017098,-31.1881,138.2785,130
2009-07,ASN00017099,-30.311,139.3357,64
2009-07,ASN00017024,-30.066,138.2739,82
2009-07,ASN00014405,-12.0569,134.2339,0
2009-07,ASN00016035,-30.4027,136.392,56
2009-07,ASN00016032,-32.5226,136.4926,445
2009-07,ASN00015607,-22.1305,132.0812,0
2009-07,ASN00015611,-22.7228,131.1685,0
2009-07,ASN00015618,-22.2747,137.9733,0
2009-07,ASN00015626,-22.3961,134.2335,0
2009-07,ASN00015635,-25.1896,130.9737,24
2009-07,ASN00015641,-20.5476,130.3466,0
2009-07,ASN00015643,-22.4518,133.6377,0
2009-07,ASN00015652,-24.2914,131.5488,13
2009-07,ASN00015660,-25.3602,131.0196,56
2009-07,ASN00016034,-32.1572,135.0722,736
2009-07,ASN00015661,-22.2109,134.1182,0
2009-07,ASN00015667,-23.6338,132.7311,0
2009-07,ASN00015673,-23.5312,134.3743,0
2009-07,ASN00016001,-31.1558,136.8054,116
2009-07,ASN00016005,-32.3997,137.225,192
2009-07,ASN00016006,-29.9434,134.1506,125
2009-07,ASN00016021,-31.2609,135.2374,198
2009-07,ASN00016028,-30.0047,136.0445,26
2009-07,ASN00016030,-30.1809,135.6629,82
2009-07,ASN00016031,-30.2406,133.9885,180
2009-07,ASN00015666,-20.1824,130.0148,0
2009-07,ASN00014404,-12.0931,134.8919,0
2009-07,ASN00014401,-11.6502,133.3796,0
2009-07,ASN00014277,-12.635,130.3725,0
2009-07,ASN00010917,-32.6722,116.6706,982
2009-07,ASN00011003,-31.6797,128.8792,76
2009-07,ASN00011008,-31.8433,127.8572,338
2009-07,ASN00011017,-32.4569,123.8653,166
2009-07,ASN00011019,-32.2464,126.3008,337
2009-07,ASN00011022,-31.7117,128.8867,62
2009-07,ASN00011052,-30.8453,128.1092,140
2009-07,ASN00012009,-32.2147,121.7547,398
2009-07,ASN00012011,-30.9869,119.1142,324
2009-07,ASN00010916,-33.6856,117.6064,680
2009-07,ASN00012025,-27.9331,120.0575,128
2009-07,ASN00012043,-29.3361,121.4944,306
2009-07,ASN00012044,-33.5547,120.6997,290
2009-07,ASN00012045,-28.6306,122.4072,198
2009-07,ASN00012064,-31.3356,118.98,442
2009-07,ASN00012071,-32.9869,121.6239,336
2009-07,ASN00012072,-27.9875,119.2961,401
2009-07,ASN00012077,-32.8606,121.7081,294
2009-07,ASN00012079,-31.0381,119.3064,349
2009-07,ASN00012083,-31.3011,118.6922,572
2009-07,ASN00012038,-30.7847,121.4533,258
2009-07,ASN00012092,-28.5606,119.0161,312
2009-07,ASN00010912,-32.5878,117.6408,470
2009-07,ASN00010908,-32.0294,116.8742,894
2009-07,ASN00010641,-33.375,116.9053,726
2009-07,ASN00010647,-33.3075,117.3403,537
2009-07,ASN00010692,-33.1131,118.84,290
2009-07,ASN00010702,-32.1003,118.8058,451
2009-07,ASN00010704,-33.3281,117.5628,468
2009-07,ASN00010705,-32.3344,118.8492,222
2009-07,ASN00010729,-34.3439,118.6306,270
2009-07,ASN00010792,-34.1692,118.9444,386
2009-07,ASN00010799,-32.6339,118.0103,454
2009-07,ASN00010911,-33.1006,118.4647,318
2009-07,ASN00010802,-33.4661,118.6361,382
2009-07,ASN00010866,-33.9317,117.3258,648
2009-07,ASN00010869,-33.5942,120.1833,200
2009-07,ASN00010872,-33.1722,118.2475,362
2009-07,ASN00010878,-33.5381,119.6564,297
2009-07,ASN00010889,-32.885,118.6347,445
2009-07,ASN00010893,-34.3078,117.4347,650
2009-07,ASN00010897,-34.2206,118.5042,334
2009-07,ASN00010904,-32.1717,118.6136,390
2009-07,ASN00010905,-33.8878,119.1092,310
2009-07,ASN00010831,-33.4836,117.61,574
2009-07,ASN00017110,-30.5963,138.4219,80
2009-07,ASN00012107,-33.4225,121.9894,366
2009-07,ASN00012141,-30.0242,119.28,488
2009-07,ASN00014092,-13.2373,131.1042,0
2009-07,ASN00014112,-12.3786,130.8469,0
2009-07,ASN00014142,-11.4022,130.4217,0
2009-07,ASN00014143,-12.8003,131.0507,0
2009-07,ASN00014144,-12.3962,130.8785,8
2009-07,ASN00014149,-12.4558,131.0505,0
2009-07,ASN00014153,-11.1538,132.143,0
2009-07,ASN00014183,-12.8324,130.9713,0
2009-07,ASN00014198,-12.6594,132.8939,0
2009-07,ASN00014059,-14.0829,131.8099,0
2009-07,ASN00014204,-13.7578,131.574,0
2009-07,ASN00014222,-12.6374,131.0763,0
2009-07,ASN00014226,-12.5764,131.0829,0
2009-07,ASN00014246,-12.3784,130.9057,0
2009-07,ASN00014253,-13.1672,130.1225,0
2009-07,ASN00014264,-12.7121,130.9889,0
2009-07,ASN00014265,-12.4126,130.9202,0
2009-07,ASN00014266,-12.4121,130.9669,0
2009-07,ASN00014272,-13.0545,131.0252,0
2009-07,ASN00014274,-11.0468,132.9791,0
2009-07,ASN00014219,-12.5491,131.0794,0
2009-07,ASN00012117,-31.2186,121.6181,229
2009-07,ASN00014055,-13.481,131.1173,0
2009-07,ASN00014040,-12.4227,130.8844,0
2009-07,ASN00012152,-31.2617,120.0219,322
2009-07,ASN00012223,-33.2242,121.3544,288
2009-07,ASN00012239,-28.4967,119.7436,548
2009-07,ASN00012297,-33.4853,122.5867,182
2009-07,ASN00012305,-28.6133,122.4236,172
2009-07,ASN00012306,-33.5239,122.9469,367
2009-07,ASN00012308,-33.3356,122.0697,274
2009-07,ASN00012314,-27.8386,120.7031,122
2009-07,ASN00012320,-31.2353,119.3564,300
2009-07,ASN00014041,-12.605,131.2988,2
2009-07,ASN00013005,-26.2225,121.5561,4
2009-07,ASN00013011,-26.1317,126.5839,38
2009-07,ASN00013015,-25.7964,122.9753,12
2009-07,ASN00013017,-25.0341,128.301,74
2009-07,ASN00013018,-26.1208,121.9403,22
2009-07,ASN00013024,-26.5172,122.8078,42
2009-07,ASN00013030,-21.7125,122.2281,0
2009-07,ASN00013032,-25.6361,121.3533,22
2009-07,ASN00013035,-27.0336,122.4439,70
2009-07,ASN00014015,-12.4239,130.8925,0
2009-07,ASN00013006,-26.4006,120.9539,0
2009-07,ASN00017115,-29.1266,140.9018,0
2009-07,ASN00017119,-30.8406,138.3224,50
2009-07,ASN00017123,-28.0997,140.1956,12
2009-07,ASN00021016,-33.353,138.2057,198
2009-07,ASN00021019,-33.8315,138.7917,670
2009-07,ASN00021020,-33.359,138.393,733
2009-07,ASN00021021,-33.2705,138.357,352
2009-07,ASN00021022,-33.4669,138.4424,588
2009-07,ASN00021024,-33.4595,138.7475,616
2009-07,ASN00021025,-33.8347,138.6532,830
2009-07,ASN00021027,-33.2036,138.6059,544
2009-07,ASN00021029,-33.5867,138.3343,452
2009-07,ASN00021015,-33.7045,138.2927,314
2009-07,ASN00021031,-33.1851,138.3001,618
2009-07,ASN00021034,-33.5592,138.903,572
2009-07,ASN00021042,-33.6029,137.9348,217
2009-07,ASN00021044,-34.1848,138.1478,320
2009-07,ASN00021045,-33.5407,138.2244,418
2009-07,ASN00021055,-33.2296,138.8844,326
2009-07,ASN00021057,-33.5707,138.4503,474
2009-07,ASN00021060,-33.2025,138.6024,414
2009-07,ASN00021062,-33.3041,138.7553,670
2009-07,ASN00021063,-34.1564,138.1827,272
2009-07,ASN00021033,-33.9136,138.7195,578
2009-07,ASN00021072,-33.3265,138.3172,644
2009-07,ASN00021013,-33.1851,138.4968,756
2009-07,ASN00021010,-33.7459,138.5628,602
2009-07,ASN00020002,-32.076,140.9969,118
2009-07,ASN00020004,-31.6516,139.5491,90
2009-07,ASN00020010,-32.0646,139.382,20
2009-07,ASN00020013,-32.4292,139.9887,150
2009-07,ASN00020017,-32.4467,140.9233,220
2009-07,ASN00020020,-32.6416,139.6496,112
2009-07,ASN00020022,-33.2458,140.0345,126
2009-07,ASN00020025,-33.5009,139.5154,176
2009-07,ASN00020028,-33.7622,140.1251,144
2009-07,ASN00021012,-33.8682,138.01,276
2009-07,ASN00020043,-33.1873,139.6209,142
2009-07,ASN00020053,-32.1698,140.7959,118
2009-07,ASN00020055,-31.7484,140.3426,58
2009-07,ASN00020059,-31.6619,140.6289,84
2009-07,ASN00020062,-32.5707,139.5645,106
2009-07,ASN00021001,-34.026,138.6846,754
2009-07,ASN00021002,-34.1424,138.4225,249
2009-07,ASN00021003,-33.845,138.4901,419
2009-07,ASN00021004,-33.5643,138.7595,469
2009-07,ASN00021007,-33.6947,138.4057,400
2009-07,ASN00020049,-31.6382,140.513,126
2009-07,ASN00020001,-31.9695,140.5436,151
2009-07,ASN00021075,-33.7464,138.6058,658
2009-07,ASN00021077,-33.6781,138.9371,446
2009-07,ASN00022036,-34.7477,137.6309,986
2009-07,ASN00022044,-34.239,137.9883,404
2009-07,ASN00022046,-35.1121,137.7395,664
2009-07,ASN00022049,-35.2795,136.9392,922
2009-07,ASN00022050,-33.9703,137.6628,220
2009-07,ASN00022054,-34.5552,137.8581,596
2009-07,ASN00022055,-34.6492,137.7272,672
2009-07,ASN00022056,-34.402,137.7185,738
2009-07,ASN00022803,-35.8426,138.1327,1166
2009-07,ASN00022033,-34.4724,137.885,502
2009-07,ASN00022811,-35.5989,137.4386,1224
2009-07,ASN00022823,-35.7549,136.5959,1250
2009-07,ASN00022831,-35.7501,137.7217,1070
2009-07,ASN00022835,-35.734,137.1212,1968
2009-07,ASN00022836,-35.8096,137.792,1158
2009-07,ASN00022839,-35.9609,137.091,1460
2009-07,ASN00022841,-35.7114,137.5231,1036
2009-07,ASN00023005,-34.9464,138.6519,1310
2009-07,ASN00023011,-34.9167,138.5956,1100
2009-07,ASN00023013,-34.7977,138.6281,1090
2009-07,ASN00022815,-35.7255,137.2591,1659
2009-07,ASN00021076,-33.9309,138.814,608
2009-07,ASN00022031,-34.748,137.5276,776
2009-07,ASN00022022,-34.1447,138.0146,422
2009-07,ASN00021102,-33.35,138.102,346
2009-07,ASN00021104,-33.9943,138.4539,464
2009-07,ASN00021106,-33.953,138.3903,486
2009-07,ASN00021110,-33.7876,137.7068,242
2009-07,ASN00021120,-33.2549,138.7867,550
2009-07,ASN00021127,-33.8828,138.6389,992
2009-07,ASN00021130,-34.1002,138.631,378
2009-07,ASN00021131,-33.8226,138.5933,696
2009-07,ASN00021133,-33.7676,138.2182,410
2009-07,ASN00022023,-35.0203,137.6064,678
2009-07,ASN00022003,-34.6981,137.7116,800
2009-07,ASN00022009,-34.7708,137.5952,640
2009-07,ASN00022011,-34.0672,137.5925,306
2009-07,ASN00022012,-34.0402,137.9004,350
2009-07,ASN00022013,-34.4951,137.4836,423
2009-07,ASN00022014,-34.7785,137.8579,822
2009-07,ASN00022015,-34.2971,138.0014,292
2009-07,ASN00022017,-34.9122,137.7977,758
2009-07,ASN00022018,-34.9906,137.3995,1260
2009-07,ASN00022020,-33.9323,137.6282,254
2009-07,ASN00022008,-34.3745,137.6733,766
2009-07,ASN00010635,-33.7853,116.9064,982
2009-07,ASN00020000,-32.0498,140.162,84
2009-07,ASN00019114,-32.4295,138.8922,78
2009-07,ASN00018091,-34.2617,136.2092,576
2009-07,ASN00018094,-32.4035,134.5323,894
2009-07,ASN00018096,-33.6824,136.6831,550
2009-07,ASN00018098,-32.9475,135.2754,801
2009-07,ASN00018106,-31.4492,130.8976,338
2009-07,ASN00018107,-34.5911,135.7572,1410
2009-07,ASN00018110,-30.6143,130.4136,100
2009-07,ASN00018113,-33.965,136.2472,814
2009-07,ASN00018114,-30.1591,131.579,95
2009-07,ASN00018086,-34.3756,136.1026,336
2009-07,ASN00018115,-35.3365,136.1174,1036
2009-07,ASN00018120,-33.0539,137.5205,276
2009-07,ASN00018144,-34.5424,135.6997,1234
2009-07,ASN00018164,-33.6993,135.9238,1002
2009-07,ASN00018165,-33.5733,135.602,1005
2009-07,ASN00018166,-32.2811,134.4714,926
2009-07,ASN00018171,-34.1361,135.3319,842
2009-07,ASN00018172,-32.921,135.9996,614
2009-07,ASN00018174,-33.7234,136.1511,823
2009-07,ASN00018176,-33.3416,136.7518,446
2009-07,ASN00018116,-33.7081,136.5026,540
2009-07,ASN00018182,-31.9661,133.3316,696
2009-07,ASN00018083,-33.043,135.4519,712
2009-07,ASN00018077,-32.3752,133.9353,942
2009-07,ASN00017126,-29.6587,138.0684,26
2009-07,ASN00017130,-29.7138,137.9017,40
2009-07,ASN00017131,-29.9062,139.7345,20
2009-07,ASN00018001,-33.9118,136.5697,274
2009-07,ASN00018012,-32.1297,133.6976,592
2009-07,ASN00018014,-33.7011,136.4937,704
2009-07,ASN00018019,-34.3853,135.4697,923
2009-07,ASN00018022,-33.6772,136.9116,225
2009-07,ASN00018023,-34.2644,135.7266,566
2009-07,ASN00018079,-32.7963,134.2116,1162
2009-07,ASN00018024,-33.4678,136.2113,798
2009-07,ASN00018040,-33.1414,136.4125,636
2009-07,ASN00018043,-34.4139,135.8224,860
2009-07,ASN00018044,-33.1332,135.5552,657
2009-07,ASN00018046,-33.5679,135.7571,1039
2009-07,ASN00018047,-32.0723,133.9401,763
2009-07,ASN00018054,-33.0314,134.7015,1260
2009-07,ASN00018060,-31.7782,132.2038,554
2009-07,ASN00018063,-31.932,133.0056,754
2009-07,ASN00018069,-33.6501,134.888,1163
2009-07,ASN00018034,-32.7324,137.1505,151
2009-07,ASN00019115,-33.0188,138.6153,604
2009-07,ASN00018184,-33.6125,136.3722,765
2009-07,ASN00018188,-34.6252,135.4725,904
2009-07,ASN00019032,-32.7335,138.6135,196
2009-07,ASN00019034,-32.9737,138.8375,62
2009-07,ASN00019037,-33.0216,138.0002,345
2009-07,ASN00019038,-32.3538,138.0371,362
2009-07,ASN00019042,-32.8454,138.2116,519
2009-07,ASN00019043,-32.9495,138.5174,542
2009-07,ASN00019046,-31.775,138.6529,172
2009-07,ASN00019047,-32.6923,138.3247,353
2009-07,ASN00019048,-32.6521,138.1003,644
2009-07,ASN00019031,-32.8776,139.0578,338
2009-07,ASN00019052,-33.0338,138.2686,571
2009-07,ASN00019057,-32.552,138.8688,166
2009-07,ASN00019061,-32.0545,138.6427,240
2009-07,ASN00019062,-33.0287,138.7489,429
2009-07,ASN00019070,-31.5286,138.6093,302
2009-07,ASN00019078,-32.5172,137.8425,238
2009-07,ASN00019106,-32.627,139.1923,209
2009-07,ASN00019111,-31.4763,139.1134,112
2009-07,ASN00019112,-33.023,138.0698,474
2009-07,ASN00019113,-31.448,138.4531,130
2009-07,ASN00019053,-33.0856,138.2211,526
2009-07,ASN00018186,-32.5534,136.7123,328
2009-07,ASN00019024,-32.8294,138.1907,889
2009-07,ASN00019013,-32.5373,138.5626,232
2009-07,ASN00018189,-33.7516,135.1863,1036
2009-07,ASN00018190,-32.9004,136.1858,598
2009-07,ASN00018192,-34.5993,135.8784,824
2009-07,ASN00018193,-33.0267,136.3171,707
2009-07,ASN00018195,-32.8427,135.1515,832
2009-07,ASN00018198,-33.4138,136.5989,680
2009-07,ASN00018201,-32.5091,137.7144,206
2009-07,ASN00018203,-34.344,136.0471,895
2009-07,ASN00018204,-33.5879,134.8859,1306
2009-07,ASN00019017,-31.8846,138.435,142
2009-07,ASN00018205,-34.7405,135.845,972
2009-07,ASN00018213,-33.7412,135.0804,680
2009-07,ASN00018214,-32.9232,136.4778,564
2009-07,ASN00019001,-33.0524,138.4277,488
2009-07,ASN00019002,-32.2507,137.9776,434
2009-07,ASN00019005,-32.8247,138.6907,310
2009-07,ASN00019006,-32.881,138.3519,434
2009-07,ASN00019008,-32.4618,138.2004,271
2009-07,ASN00019009,-32.4244,138.5304,284
2009-07,ASN00019010,-32.0695,138.4948,114
2009-07,ASN00018209,-33.8189,135.4857,900
2009-07,ASN00010633,-33.5803,120.0458,253
2009-07,ASN00010628,-32.0094,117.4014,502
2009-07,ASN00010626,-32.5336,117.0831,998
2009-07,ASN00008100,-28.3456,114.6367,1162
2009-07,ASN00008107,-29.4417,116.2875,256
2009-07,ASN00008113,-27.8325,114.7364,670
2009-07,ASN00008121,-29.5339,115.7628,672
2009-07,ASN00008137,-30.8917,116.7186,1022
2009-07,ASN00008143,-29.2872,115.6331,1212
2009-07,ASN00008146,-30.0706,116.2092,822
2009-07,ASN00008157,-28.8978,115.8628,820
2009-07,ASN00008200,-28.6936,115.0408,806
2009-07,ASN00008095,-28.5367,115.5142,711
2009-07,ASN00008202,-30.6219,116.3794,1086
2009-07,ASN00008240,-28.8939,115.4539,725
2009-07,ASN00008251,-27.7119,114.165,757
2009-07,ASN00008254,-30.7092,116.7744,850
2009-07,ASN00008271,-28.8114,115.9675,590
2009-07,ASN00008283,-30.1453,116.3844,740
2009-07,ASN00008285,-28.3181,114.7614,1092
2009-07,ASN00008286,-28.275,114.6761,922
2009-07,ASN00008290,-28.3008,113.5936,1098
2009-07,ASN00008294,-28.2094,115.285,722
2009-07,ASN00008237,-28.6857,115.2806,688
2009-07,ASN00008296,-29.2039,116.0247,812
2009-07,ASN00008077,-29.6006,115.9392,792
2009-07,ASN00008066,-30.7008,117.0608,800
2009-07,ASN00007180,-25.0386,120.0064,36
2009-07,ASN00007185,-23.1725,117.7494,76
2009-07,ASN00007197,-28.2817,118.3111,294
2009-07,ASN00007600,-28.1156,117.8425,326
2009-07,ASN00008002,-30.5967,116.7714,798
2009-07,ASN00008005,-30.7294,116.02,1166
2009-07,ASN00008008,-30.5831,116.135,1286
2009-07,ASN00008013,-29.3303,116.1433,846
2009-07,ASN00008014,-30.2192,116.7783,636
2009-07,ASN00008072,-29.7586,116.4444,706
2009-07,ASN00008016,-30.445,117.0406,684
2009-07,ASN00008025,-29.6889,115.8869,738
2009-07,ASN00008028,-28.5008,114.7897,634
2009-07,ASN00008037,-29.8819,116.0233,633
2009-07,ASN00008050,-28.7769,114.605,704
2009-07,ASN00008051,-28.7953,114.6975,914
2009-07,ASN00008052,-28.17,114.7614,472
2009-07,ASN00008057,-29.5486,115.0689,1046
2009-07,ASN00008060,-29.0364,115.5536,718
2009-07,ASN00008064,-30.6719,116.3078,1266
2009-07,ASN00008022,-30.2911,116.3306,932
2009-07,ASN00007179,-24.4114,118.9408,0
2009-07,ASN00008297,-30.2761,116.6714,716
2009-07,ASN00008299,-29.1103,115.3173,1080
2009-07,ASN00009113,-32.1108,116.0953,2216
2009-07,ASN00009131,-30.3081,115.0311,990
2009-07,ASN00009151,-31.9556,115.7928,1266
2009-07,ASN00009168,-32.1189,116.1206,2206
2009-07,ASN00009172,-32.1011,115.8794,1758
2009-07,ASN00009178,-31.4628,115.8642,1548
2009-07,ASN00009193,-32.0069,115.5022,1030
2009-07,ASN00009199,-29.9486,114.9781,1093
2009-07,ASN00009207,-32.0208,116.1167,2202
2009-07,ASN00009112,-31.3928,116.0875,1428
2009-07,ASN00009215,-31.9558,115.7619,1408
2009-07,ASN00009240,-32.0056,116.1364,2450
2009-07,ASN00009242,-32.3956,115.9744,1724
2009-07,ASN00009243,-31.335,115.5722,1236
2009-07,ASN00009248,-31.332,115.9513,1324
2009-07,ASN00009252,-31.7683,116.2475,1940
2009-07,ASN00009256,-32.2433,115.6839,1088
2009-07,ASN00009257,-32.1569,115.9275,1514
2009-07,ASN00009258,-32.2156,115.8758,1582
2009-07,ASN00009260,-32.4697,116.2143,1432
2009-07,ASN00009225,-31.9192,115.8728,1496
2009-07,ASN00008298,-28.7597,114.937,900
2009-07,ASN00009111,-32.44,116.0744,1834
2009-07,ASN00009066,-31.7908,116.1975,2050
2009-07,ASN00008300,-29.0692,115.0915,1192
2009-07,ASN00008304,-28.9571,114.9492,0
2009-07,ASN00008305,-29.2778,114.9464,1244
2009-07,ASN00008307,-28.89,115.4397,712
2009-07,ASN00008308,-28.8,115.76,630
2009-07,ASN00008309,-29.3,115.6597,1046
2009-07,ASN00008310,-29.0291,115.5548,778
2009-07,ASN00009007,-31.8622,116.2658,978
2009-07,ASN00009009,-31.605,116.1114,1734
2009-07,ASN00009106,-32.0486,115.9839,1836
2009-07,ASN00009014,-30.6969,115.5817,1212
2009-07,ASN00009018,-31.3461,115.9031,894
2009-07,ASN00009021,-31.9275,115.9764,1454
2009-07,ASN00009024,-31.5608,116.0842,1494
2009-07,ASN00009030,-31.8972,116.1575,2428
2009-07,ASN00009033,-30.9719,116.2089,1127
2009-07,ASN00009037,-30.3381,115.5394,1182
2009-07,ASN00009039,-32.3536,116.005,1568
2009-07,ASN00009040,-31.1428,116.0539,1156
2009-07,ASN00009053,-31.6669,116.0189,974
2009-07,ASN00009015,-32.0892,116.125,2306
2009-07,ASN00009263,-31.8372,115.95,1752
2009-07,ASN00007177,-23.6042,117.6892,22
2009-07,ASN00007139,-29.2708,117.6836,616
2009-07,ASN00003009,-18.355,125.3033,0
2009-07,ASN00003014,-18.2914,125.5869,0
2009-07,ASN00003019,-17.3306,124.8167,0
2009-07,ASN00003027,-18.1386,125.7764,0
2009-07,ASN00003028,-19.2536,121.4861,0
2009-07,ASN00003030,-18.6844,121.7803,26
2009-07,ASN00003032,-17.3706,123.6611,0
2009-07,ASN00003040,-17.9903,124.1922,0
2009-07,ASN00003048,-18.9158,125.5264,0
2009-07,ASN00003003,-17.9475,122.2353,10
2009-07,ASN00003051,-16.7372,125.9086,0
2009-07,ASN00003059,-19.0861,121.6764,0
2009-07,ASN00003066,-18.5175,121.8072,30
2009-07,ASN00003068,-18.5075,123.4561,0
2009-07,ASN00003073,-16.6872,123.8375,0
2009-07,ASN00003080,-17.5736,123.8217,0
2009-07,ASN00003084,-17.3436,123.6781,0
2009-07,ASN00003093,-18.1814,125.5619,0
2009-07,ASN00003098,-17.0549,125.7108,0
2009-07,ASN00004006,-22.1828,119.935,11
2009-07,ASN00003057,-16.4514,123.0086,0
2009-07,ASN00004008,-20.6392,119.2431,0
2009-07,ASN00003001,-17.2767,122.5711,26
2009-07,ASN00002064,-16.6381,128.4517,0
2009-07,ASN00001006,-15.51,128.1503,0
2009-07,ASN00001007,-13.7542,126.1485,2
2009-07,ASN00001018,-16.4181,126.1025,0
2009-07,ASN00001019,-14.2964,126.6453,0
2009-07,ASN00001020,-14.09,126.3867,0
2009-07,ASN00001023,-16.0086,127.9806,0
2009-07,ASN00001025,-15.3797,126.3114,0
2009-07,ASN00001031,-13.96,127.1964,0
2009-07,ASN00001035,-15.5969,128.2781,0
2009-07,ASN00002067,-15.9816,128.9991,0
2009-07,ASN00002009,-16.4203,126.4411,0
2009-07,ASN00002021,-18.3869,126.9892,0
2009-07,ASN00002022,-18.016,126.3033,0
2009-07,ASN00002023,-18.0308,128.8942,0
2009-07,ASN00002026,-18.5958,127.6419,0
2009-07,ASN00002032,-17.0156,128.2175,0
2009-07,ASN00002043,-18.3368,126.1243,0
2009-07,ASN00002044,-16.1119,128.7414,0
2009-07,ASN00002049,-18.1947,127.8147,0
2009-07,ASN00002056,-15.7814,128.71,0
2009-07,ASN00002012,-18.2292,127.6636,0
2009-07,ASN00007176,-23.4169,119.7989,18
2009-07,ASN00004016,-20.7867,118.5972,14
2009-07,ASN00004032,-20.3725,118.6317,0
2009-07,ASN00006044,-25.9261,113.5319,508
2009-07,ASN00006072,-23.0314,115.0414,97
2009-07,ASN00006097,-26.1203,113.3975,319
2009-07,ASN00006099,-26.8936,115.9561,616
2009-07,ASN00006105,-25.8925,113.5772,528
2009-07,ASN00007007,-26.9844,116.5361,412
2009-07,ASN00007014,-27.2528,117.6525,560
2009-07,ASN00007017,-27.4233,117.8994,662
2009-07,ASN00007019,-24.0019,119.5725,0
2009-07,ASN00006034,-25.3656,114.3594,190
2009-07,ASN00007023,-25.6864,119.2258,89
2009-07,ASN00007045,-26.6136,118.5372,162
2009-07,ASN00007059,-24.2297,118.2408,0
2009-07,ASN00007064,-27.3636,116.4261,314
2009-07,ASN00007068,-29.425,117.2906,807
2009-07,ASN00007078,-26.5597,118.5397,190
2009-07,ASN00007081,-28.8928,117.1333,582
2009-07,ASN00007090,-28.8439,117.8317,613
2009-07,ASN00007101,-26.2822,118.6933,106
2009-07,ASN00007103,-25.48,119.6492,50
2009-07,ASN00007030,-26.1142,117.5047,132
2009-07,ASN00004019,-19.7419,120.8436,18
2009-07,ASN00006022,-25.0544,115.21,86
2009-07,ASN00006010,-25.6114,115.4625,7
2009-07,ASN00004039,-20.9469,117.3733,0
2009-07,ASN00004041,-20.8503,120.695,0
2009-07,ASN00004068,-19.7789,120.6417,0
2009-07,ASN00004083,-20.7097,116.7742,2
2009-07,ASN00004090,-20.7594,117.1583,2
2009-07,ASN00004106,-21.1756,119.7497,6
2009-07,ASN00005001,-21.8047,117.8056,0
2009-07,ASN00005006,-22.9119,116.2903,86
2009-07,ASN00005007,-22.2406,114.0967,54
2009-07,ASN00006011,-24.8878,113.67,136
2009-07,ASN00005008,-21.1906,115.9797,2
2009-07,ASN00005017,-21.6689,115.1092,52
2009-07,ASN00005022,-21.975,116.0653,0
2009-07,ASN00005029,-21.6767,116.3928,0
2009-07,ASN00005061,-20.7278,116.7483,4
2009-07,ASN00005069,-21.6392,116.3308,12
2009-07,ASN00005084,-21.4606,115.0197,72
2009-07,ASN00005094,-20.875,115.4056,18
2009-07,ASN00005095,-22.9367,116.9731,0
2009-07,ASN00006008,-25.0481,114.0294,136
2009-07,ASN00005014,-21.7869,117.8647,0
2009-07,ASN00023023,-34.7674,138.6434,1186
2009-07,ASN00009264,-31.7078,115.7242,1376
2009-07,ASN00009500,-35.0289,117.8808,1404
2009-07,ASN00010061,-31.1417,116.9558,701
2009-07,ASN00010064,-31.2747,116.5075,926
2009-07,ASN00010070,-30.3686,117.1133,691
2009-07,ASN00010073,-31.6183,117.7217,587
2009-07,ASN00010076,-31.0597,116.7319,708
2009-07,ASN00010082,-31.1125,117.9186,389
2009-07,ASN00010084,-30.1056,117.3597,652
2009-07,ASN00010091,-31.6322,117.0081,400
2009-07,ASN00010092,-31.4756,118.2789,622
2009-07,ASN00010060,-31.9886,118.5106,415
2009-07,ASN00010095,-31.5936,118.2347,640
2009-07,ASN00010111,-31.6508,116.6586,950
2009-07,ASN00010112,-31.1842,118.1006,522
2009-07,ASN00010118,-31.9917,118.0264,465
2009-07,ASN00010119,-31.795,118.3947,662
2009-07,ASN00010121,-31.6431,117.4872,795
2009-07,ASN00010124,-31.5136,118.1753,578
2009-07,ASN00010126,-31.1153,117.7942,238
2009-07,ASN00010134,-31.3119,116.515,932
2009-07,ASN00010135,-30.4869,118.1258,602
2009-07,ASN00010097,-30.6569,117.2625,732
2009-07,ASN00010136,-30.5892,118.1489,622
2009-07,ASN00010058,-31.2994,116.8269,440
2009-07,ASN00010043,-31.7661,116.9167,906
2009-07,ASN00009990,-33.4775,115.7393,1744
2009-07,ASN00009991,-33.5711,115.8383,1442
2009-07,ASN00009992,-33.5435,115.5509,1412
2009-07,ASN00009994,-33.3608,116.1717,1198
2009-07,ASN00009997,-33.7647,115.8431,1484
2009-07,ASN00009998,-34.9469,116.7222,1972
2009-07,ASN00010000,-31.1675,117.0736,722
2009-07,ASN00010007,-30.8081,117.8603,544
2009-07,ASN00010009,-31.2744,116.5092,928
2009-07,ASN00010053,-31.7233,118.4372,616
2009-07,ASN00010010,-30.9386,117.9642,465
2009-07,ASN00010012,-31.5278,117.4361,720
2009-07,ASN00010019,-31.3958,118.4808,606
2009-07,ASN00010026,-30.0606,117.1417,710
2009-07,ASN00010031,-31.3742,117.5861,744
2009-07,ASN00010032,-30.9964,117.3953,514
2009-07,ASN00010039,-31.0072,117.2042,608
2009-07,ASN00010040,-31.6089,117.8775,663
2009-07,ASN00010041,-31.6192,117.4372,690
2009-07,ASN00010042,-31.1936,117.0311,548
2009-07,ASN00010011,-30.4731,118.3819,594
2009-07,ASN00009989,-33.6458,115.9553,1412
2009-07,ASN00010138,-31.814,116.341,1778
2009-07,ASN00010145,-31.3756,117.5853,684
2009-07,ASN00010530,-33.9144,117.0994,852
2009-07,ASN00010531,-33.7069,117.2411,780
2009-07,ASN00010534,-32.4825,117.5647,632
2009-07,ASN00010536,-32.3292,117.8733,586
2009-07,ASN00010537,-34.2961,117.5533,195
2009-07,ASN00010541,-33.8594,118.8158,312
2009-07,ASN00010546,-33.3142,117.74,482
2009-07,ASN00010556,-32.4797,116.8167,246
2009-07,ASN00010558,-33.9372,118.0075,204
2009-07,ASN00010527,-32.3756,117.5128,702
2009-07,ASN00010560,-32.5403,119.1122,340
2009-07,ASN00010568,-32.4419,118.8983,639
2009-07,ASN00010571,-32.3789,116.8258,1032
2009-07,ASN00010582,-33.83,117.159,1026
2009-07,ASN00010584,-32.6719,118.1547,328
2009-07,ASN00010603,-32.4231,118.2003,276
2009-07,ASN00010611,-33.2761,119.7753,216
2009-07,ASN00010612,-32.0656,118.3956,477
2009-07,ASN00010614,-32.9342,117.1797,836
2009-07,ASN00010622,-33.9644,118.4889,370
2009-07,ASN00010565,-32.6744,119.4144,332
2009-07,ASN00010143,-31.415,117.2664,790
2009-07,ASN00010524,-32.3725,117.0072,998
2009-07,ASN00010518,-32.4006,118.6058,374
2009-07,ASN00010149,-31.3361,117.8164,612
2009-07,ASN00010150,-31.6358,116.7961,481
2009-07,ASN00010151,-31.5317,118.0986,526
2009-07,ASN00010155,-30.7686,117.1361,627
2009-07,ASN00010160,-31.4533,117.1194,780
2009-07,ASN00010163,-31.7711,117.1433,688
2009-07,ASN00010192,-30.5539,118.2828,528
2009-07,ASN00010286,-31.6219,117.2217,652
2009-07,ASN00010294,-31.5736,117.5097,628
2009-07,ASN00010520,-33.6614,117.0539,962
2009-07,ASN00010304,-31.485,116.5383,998
2009-07,ASN00010308,-31.55,116.4867,1008
2009-07,ASN00010310,-31.7647,116.3464,1482
2009-07,ASN00010311,-31.8997,116.765,853
2009-07,ASN00010502,-34.2553,118.2214,425
2009-07,ASN00010503,-32.0311,118.0947,548
2009-07,ASN00010508,-33.6361,117.9278,418
2009-07,ASN00010511,-32.8022,117.5025,496
2009-07,ASN00010513,-32.3869,118.2622,398
2009-07,ASN00010515,-32.1083,116.9247,822
2009-07,ASN00010307,-31.7936,116.6278,1040
2009-07,ASN00009276,-30.5744,115.2231,660
2009-07,ASN00009988,-33.6808,115.6242,1444
2009-07,ASN00009982,-33.3878,115.8538,1446
2009-07,ASN00009600,-33.9525,115.1969,1106
2009-07,ASN00009603,-33.6858,115.4008,1424
2009-07,ASN00009611,-34.9761,116.7328,1642
2009-07,ASN00009613,-34.1436,115.2261,2142
2009-07,ASN00009615,-34.715,118.4692,680
2009-07,ASN00009616,-34.0911,116.6628,1181
2009-07,ASN00009617,-33.9486,116.1311,1744
2009-07,ASN00009619,-34.1519,116.2042,1574
2009-07,ASN00009626,-33.7106,121.5619,622
2009-07,ASN00009594,-34.435,119.3628,645
2009-07,ASN00009628,-33.36,116.1467,867
2009-07,ASN00009635,-34.3633,117.0836,1080
2009-07,ASN00009636,-33.8358,115.0747,2441
2009-07,ASN00009642,-33.1336,115.8808,853
2009-07,ASN00009645,-33.7981,121.1503,616
2009-07,ASN00009647,-34.9506,117.2769,1902
2009-07,ASN00009654,-34.3986,119.3778,502
2009-07,ASN00009678,-34.8772,117.6725,1448
2009-07,ASN00009692,-34.2258,115.7622,2214
2009-07,ASN00009738,-33.4531,116.3025,1265
2009-07,ASN00009633,-34.8644,118.1122,1108
2009-07,ASN00009739,-33.6789,122.3311,694
2009-07,ASN00009592,-34.4478,116.0433,2362
2009-07,ASN00009589,-34.9919,116.8206,1920
2009-07,ASN00009506,-34.4678,116.9169,1344
2009-07,ASN00009507,-32.6836,116.5194,1120
2009-07,ASN00009513,-33.2136,115.85,750
2009-07,ASN00009515,-33.6611,115.3456,776
2009-07,ASN00009518,-34.3728,115.1358,1602
2009-07,ASN00009519,-33.5372,115.0189,1294
2009-07,ASN00009527,-33.3969,115.7833,1612
2009-07,ASN00009531,-34.9617,117.3567,924
2009-07,ASN00009532,-34.9528,117.3733,1642
2009-07,ASN00009590,-34.6339,116.1236,1438
2009-07,ASN00009534,-33.5719,115.8247,1889
2009-07,ASN00009542,-33.6825,121.8275,606
2009-07,ASN00009547,-34.0717,115.0986,2500
2009-07,ASN00009556,-33.9781,116.3336,1188
2009-07,ASN00009573,-34.2508,116.145,1994
2009-07,ASN00009574,-33.9592,115.0642,1448
2009-07,ASN00009575,-32.8556,116.45,1116
2009-07,ASN00009579,-33.7633,122.0675,836
2009-07,ASN00009584,-33.7422,121.995,762
2009-07,ASN00009587,-33.9967,116.4253,1056
2009-07,ASN00009538,-32.7103,116.0594,1796
2009-07,ASN00009987,-33.6414,115.7028,1394
2009-07,ASN00009741,-34.9414,117.8022,1396
2009-07,ASN00009754,-34.5961,118.5519,538
2009-07,ASN00009897,-33.8536,123.0069,750
2009-07,ASN00009904,-34.5967,116.1072,1344
2009-07,ASN00009908,-34.2292,115.9294,2460
2009-07,ASN00009912,-33.445,115.8508,1864
2009-07,ASN00009914,-33.3197,116.6464,932
2009-07,ASN00009917,-33.7058,115.7878,1566
2009-07,ASN00009927,-33.6028,116.0128,1488
2009-07,ASN00009928,-34.8389,116.7211,1888
2009-07,ASN00009936,-32.6239,116.0603,2332
2009-07,ASN00009894,-32.9183,115.9217,1368
2009-07,ASN00009957,-35.0367,116.9247,1898
2009-07,ASN00009961,-33.9306,120.1283,478
2009-07,ASN00009964,-34.5714,117.0106,1110
2009-07,ASN00009965,-33.3567,115.6447,1516
2009-07,ASN00009967,-34.7772,117.6508,612
2009-07,ASN00009968,-34.5683,116.3367,1784
2009-07,ASN00009971,-33.7844,115.4075,2000
2009-07,ASN00009976,-32.6453,115.8644,1418
2009-07,ASN00009977,-32.5219,115.7119,1272
2009-07,ASN00009978,-33.7563,115.2096,1924
2009-07,ASN00009958,-34.6625,117.8394,967
2009-07,ASN00009752,-34.7233,117.3494,1258
2009-07,ASN00009877,-33.6033,115.4983,1160
2009-07,ASN00009868,-33.7078,120.8653,516
2009-07,ASN00009766,-35.0597,117.8658,1518
2009-07,ASN00009769,-32.5698,116.4385,1394
2009-07,ASN00009771,-33.7411,115.4697,1656
2009-07,ASN00009772,-33.7608,121.2156,540
2009-07,ASN00009776,-33.7931,115.3189,2108
2009-07,ASN00009784,-34.9319,117.1606,1612
2009-07,ASN00009789,-33.83,121.8925,902
2009-07,ASN00009801,-34.1597,115.1892,1984
2009-07,ASN00009803,-33.7831,115.3447,1793
2009-07,ASN00009871,-34.8361,116.0308,2007
2009-07,ASN00009804,-33.8811,122.2167,1200
2009-07,ASN00009813,-33.7297,122.755,248
2009-07,ASN00009815,-33.8819,122.5661,938
2009-07,ASN00009822,-33.7753,121.555,768
2009-07,ASN00009842,-33.7964,115.6658,2053
2009-07,ASN00009843,-34.4417,116.9944,990
2009-07,ASN00009848,-34.7719,118.1317,1014
2009-07,ASN00009850,-34.5378,117.7197,779
2009-07,ASN00009852,-34.8883,118.3958,1054
2009-07,ASN00009865,-34.3997,118.8867,266
2009-07,ASN00009805,-34.9769,116.7286,1604
2009-07,ASN00023024,-34.8978,138.5092,736
2009-07,ASN00041091,-26.8086,151.0806,26
2009-07,ASN00023034,-34.9524,138.5204,678
2009-07,ASN00039070,-25.1694,151.6375,24
2009-07,ASN00039071,-24.5722,149.9694,0
2009-07,ASN00039073,-25.5908,151.2986,10
2009-07,ASN00039083,-23.3753,150.4775,2
2009-07,ASN00039085,-24.7298,153.2089,200
2009-07,ASN00039089,-24.4935,150.5709,0
2009-07,ASN00039092,-24.6792,152.1881,0
2009-07,ASN00039095,-24.6342,152.0228,0
2009-07,ASN00039097,-24.7158,152.0075,0
2009-07,ASN00039102,-23.9078,150.1953,0
2009-07,ASN00039104,-24.8642,151.1247,0
2009-07,ASN00039106,-24.4081,150.7258,0
2009-07,ASN00039123,-23.8553,151.2628,8
2009-07,ASN00039128,-24.8885,152.3235,0
2009-07,ASN00039129,-24.6156,151.105,0
2009-07,ASN00039135,-24.8036,152.4547,2
2009-07,ASN00039142,-24.8139,149.9892,0
2009-07,ASN00039151,-24.8075,150.2197,0
2009-07,ASN00039168,-25.1025,152.5603,0
2009-07,ASN00039068,-23.8104,150.9783,18
2009-07,ASN00039067,-23.5798,150.4044,0
2009-07,ASN00039066,-25.6167,151.6156,8
2009-07,ASN00039059,-24.1116,152.7161,198
2009-07,ASN00038009,-24.7856,139.5919,0
2009-07,ASN00038010,-22.9144,138.8036,0
2009-07,ASN00038012,-24.8303,143.9331,0
2009-07,ASN00038014,-23.365,139.6556,0
2009-07,ASN00038020,-25.79,139.5856,0
2009-07,ASN00038024,-25.4228,142.6564,0
2009-07,ASN00038026,-25.8975,139.3472,0
2009-07,ASN00038035,-25.5903,143.8917,0
2009-07,ASN00038049,-24.8519,142.6964,0
2009-07,ASN00039175,-24.4167,151.2119,0
2009-07,ASN00038056,-25.6653,142.1086,0
2009-07,ASN00038062,-24.6947,143.1275,0
2009-07,ASN00038063,-25.1494,142.9833,0
2009-07,ASN00039000,-25.1333,151.1292,0
2009-07,ASN00039009,-24.8408,152.2414,8
2009-07,ASN00039018,-24.0222,151.7642,4
2009-07,ASN00039036,-25.3706,151.1222,0
2009-07,ASN00039040,-24.9933,151.9606,4
2009-07,ASN00039043,-23.5255,150.5078,0
2009-07,ASN00039054,-24.1967,150.3714,0
2009-07,ASN00038060,-25.1806,142.6817,0
2009-07,ASN00039186,-24.9297,152.1983,6
2009-07,ASN00039201,-24.3278,149.8556,0
2009-07,ASN00039205,-24.8725,150.8236,0
2009-07,ASN00040020,-26.8848,152.1006,6
2009-07,ASN00040026,-25.5997,152.5925,16
2009-07,ASN00040028,-25.6006,152.2614,0
2009-07,ASN00040042,-28.0142,153.1664,60
2009-07,ASN00040043,-27.0314,153.4661,518
2009-07,ASN00040051,-26.7297,152.7169,76
2009-07,ASN00040056,-27.3914,152.5014,14
2009-07,ASN00040057,-26.1842,152.9136,10
2009-07,ASN00040068,-25.9319,153.1906,70
2009-07,ASN00040004,-27.6297,152.7111,28
2009-07,ASN00040075,-27.2397,152.4219,0
2009-07,ASN00040079,-27.5831,152.3806,11
2009-07,ASN00040082,-27.5436,152.3375,10
2009-07,ASN00040089,-26.0564,152.7889,60
2009-07,ASN00040093,-26.1831,152.6414,30
2009-07,ASN00040094,-27.8117,152.6675,2
2009-07,ASN00040104,-27.949,152.6235,46
2009-07,ASN00040106,-26.5956,152.7281,34
2009-07,ASN00040118,-26.6234,152.684,54
2009-07,ASN00040120,-27.4617,152.5747,156
2009-07,ASN00040078,-26.4769,152.945,32
2009-07,ASN00038004,-24.8522,143.6672,0
2009-07,ASN00039349,-23.6211,150.1567,0
2009-07,ASN00039343,-25.5378,151.32,16
2009-07,ASN00039220,-24.6544,151.6311,0
2009-07,ASN00039241,-23.7583,151.3097,2
2009-07,ASN00039242,-23.4009,150.6238,0
2009-07,ASN00039251,-24.7275,151.4308,0
2009-07,ASN00039252,-24.2122,151.4219,0
2009-07,ASN00039255,-24.1664,151.5128,0
2009-07,ASN00039256,-25.1475,151.6286,16
2009-07,ASN00039278,-24.8394,150.7444,0
2009-07,ASN00039303,-25.2558,152.2819,8
2009-07,ASN00039346,-25.695,151.3325,0
2009-07,ASN00039313,-25.1367,151.98,0
2009-07,ASN00039319,-25.1303,151.1297,0
2009-07,ASN00039321,-25.4,151.1,0
2009-07,ASN00039326,-23.8697,151.2214,0
2009-07,ASN00039332,-24.41,149.8356,0
2009-07,ASN00039334,-24.0213,150.9603,8
2009-07,ASN00039338,-24.9822,152.0731,2
2009-07,ASN00039339,-25.1475,151.6286,12
2009-07,ASN00039340,-25.62,151.59,6
2009-07,ASN00039341,-25.5247,151.76,6
2009-07,ASN00039314,-24.1542,151.8875,0
2009-07,ASN00038003,-22.9117,139.9039,0
2009-07,ASN00038000,-24.3597,139.4714,0
2009-07,ASN00037120,-21.8958,143.0967,0
2009-07,ASN00034084,-20.0464,146.2708,0
2009-07,ASN00034094,-20.9994,146.4272,0
2009-07,ASN00034100,-22.2411,148.43,0
2009-07,ASN00035001,-23.5522,147.7461,0
2009-07,ASN00035015,-25.4025,149.1044,0
2009-07,ASN00035016,-23.0856,148.0236,0
2009-07,ASN00035039,-26.3564,150.0464,4
2009-07,ASN00035040,-25.5811,148.4811,0
2009-07,ASN00035049,-24.5608,145.7869,0
2009-07,ASN00034061,-22.9372,149.1386,0
2009-07,ASN00035053,-23.1864,147.3539,0
2009-07,ASN00035064,-24.4481,147.8986,0
2009-07,ASN00035065,-24.123,148.0856,20
2009-07,ASN00035068,-25.6103,148.9444,0
2009-07,ASN00035069,-24.8819,146.2564,0
2009-07,ASN00035070,-25.6408,149.7958,0
2009-07,ASN00035072,-24.8856,146.2781,0
2009-07,ASN00035077,-24.9214,148.6006,0
2009-07,ASN00035079,-24.6217,147.4064,0
2009-07,ASN00035081,-26.2853,149.8283,0
2009-07,ASN00035063,-24.2111,148.7403,0
2009-07,ASN00035088,-24.3339,147.9425,0
2009-07,ASN00034044,-21.0767,146.5133,0
2009-07,ASN00034015,-22.0656,147.7219,0
2009-07,ASN00033285,-23.0883,150.11,0
2009-07,ASN00033286,-19.7586,147.2436,0
2009-07,ASN00033287,-19.9717,147.2508,120
2009-07,ASN00033289,-20.1425,147.5631,0
2009-07,ASN00033290,-20.2897,147.9019,0
2009-07,ASN00033291,-20.3089,147.2961,0
2009-07,ASN00033292,-20.5819,147.5981,0
2009-07,ASN00033294,-23.1364,150.7506,6
2009-07,ASN00033295,-19.4569,147.4833,0
2009-07,ASN00034027,-22.7744,148.81,0
2009-07,ASN00033299,-21.2725,148.8203,10
2009-07,ASN00033301,-21.3228,148.835,10
2009-07,ASN00033303,-21.1397,149.1883,0
2009-07,ASN00033306,-20.4103,148.2306,0
2009-07,ASN00033307,-19.4167,146.5364,0
2009-07,ASN00033308,-22.7433,150.6578,82
2009-07,ASN00033310,-23.2,150.3978,10
2009-07,ASN00033312,-23.2233,150.605,12
2009-07,ASN00033313,-22.8264,150.3372,2
2009-07,ASN00034010,-20.4328,146.0131,0
2009-07,ASN00033300,-21.1439,149.0753,10
2009-07,ASN00040126,-25.5161,152.7156,44
2009-07,ASN00035094,-22.4831,147.5172,0
2009-07,ASN00035117,-25.3864,149.7842,0
2009-07,ASN00036037,-22.595,144.5469,0
2009-07,ASN00036046,-21.6292,145.1167,16
2009-07,ASN00036050,-22.0231,145.9831,36
2009-07,ASN00036074,-22.3022,145.99,0
2009-07,ASN00036127,-24.6017,143.8314,0
2009-07,ASN00036143,-24.4214,145.4672,0
2009-07,ASN00036160,-22.2717,147.0903,0
2009-07,ASN00036168,-24.9553,145.2489,0
2009-07,ASN00036172,-21.9667,144.3333,0
2009-07,ASN00036036,-23.6239,145.6892,0
2009-07,ASN00037000,-22.1542,142.49,0
2009-07,ASN00037010,-19.9225,138.1214,0
2009-07,ASN00037025,-21.55,143.8031,0
2009-07,ASN00037030,-21.8886,143.6019,0
2009-07,ASN00037034,-21.8125,139.9267,0
2009-07,ASN00037036,-21.84,140.8925,0
2009-07,ASN00037039,-22.3617,143.0836,0
2009-07,ASN00037046,-22.2903,142.4731,0
2009-07,ASN00037106,-21.8831,139.9728,0
2009-07,ASN00037112,-23.9686,143.3031,0
2009-07,ASN00037003,-20.4661,138.4683,0
2009-07,ASN00035109,-22.8181,148.49,0
2009-07,ASN00036034,-24.4303,145.4306,0
2009-07,ASN00036028,-22.1769,144.0486,0
2009-07,ASN00035131,-23.1331,148.5267,0
2009-07,ASN00035132,-23.4292,148.9272,0
2009-07,ASN00035135,-25.7583,149.4067,0
2009-07,ASN00035151,-25.2797,148.85,0
2009-07,ASN00035165,-24.0717,146.6139,0
2009-07,ASN00035182,-25.6753,149.6331,0
2009-07,ASN00035207,-24.2236,148.0958,0
2009-07,ASN00035211,-22.6217,147.6589,0
2009-07,ASN00035221,-23.3039,148.1056,0
2009-07,ASN00036031,-23.4372,144.2769,0
2009-07,ASN00035225,-24.2897,148.1053,0
2009-07,ASN00035264,-23.5694,148.1756,0
2009-07,ASN00035274,-23.8467,148.1083,0
2009-07,ASN00035282,-25.6333,149.7833,0
2009-07,ASN00036004,-22.9717,145.245,0
2009-07,ASN00036006,-21.7117,144.3928,120
2009-07,ASN00036007,-23.5544,145.2883,0
2009-07,ASN00036011,-22.2067,145.0083,0
2009-07,ASN00036023,-21.5119,144.6339,0
2009-07,ASN00036026,-24.2591,144.4406,0
2009-07,ASN00035242,-25.8986,150.1297,0
2009-07,ASN00040139,-28.0708,152.6119,38
2009-07,ASN00040140,-27.1492,152.5781,0
2009-07,ASN00040141,-27.6163,153.2039,54
2009-07,ASN00040867,-27.9406,152.6236,34
2009-07,ASN00040868,-25.7417,152.2353,18
2009-07,ASN00040876,-28.2372,152.4867,40
2009-07,ASN00040878,-27.6947,153.1364,40
2009-07,ASN00040881,-27.9561,153.4233,50
2009-07,ASN00040882,-28.1653,153.2161,50
2009-07,ASN00040891,-25.6022,152.2603,0
2009-07,ASN00040893,-26.0642,152.7728,52
2009-07,ASN00040896,-25.6517,152.6633,40
2009-07,ASN00040865,-28.0936,152.7158,54
2009-07,ASN00040902,-25.4969,152.3836,0
2009-07,ASN00040904,-25.2756,152.5089,0
2009-07,ASN00040905,-25.2928,152.4097,0
2009-07,ASN00040906,-25.4019,152.5317,0
2009-07,ASN00040907,-25.3289,152.5619,20
2009-07,ASN00040908,-26.3911,153.0403,18
2009-07,ASN00040912,-27.7597,152.47,20
2009-07,ASN00040913,-27.4808,153.0389,36
2009-07,ASN00040914,-27.4942,152.4972,24
2009-07,ASN00040922,-26.5737,151.8398,4
2009-07,ASN00040903,-25.2386,152.5319,0
2009-07,ASN00040924,-26.9028,152.7664,56
2009-07,ASN00040861,-26.6006,153.0903,48
2009-07,ASN00040854,-27.6839,153.1947,46
2009-07,ASN00040801,-26.3878,152.6842,8
2009-07,ASN00040808,-27.2641,152.1959,4
2009-07,ASN00040811,-26.0833,152.2167,0
2009-07,ASN00040814,-26.5256,152.7428,20
2009-07,ASN00040816,-27.6658,152.6989,20
2009-07,ASN00040824,-26.1711,152.5994,30
2009-07,ASN00040825,-25.9,152.3497,0
2009-07,ASN00040827,-25.7167,151.8,0
2009-07,ASN00040829,-27.5439,152.1133,0
2009-07,ASN00040856,-25.9007,153.0891,54
2009-07,ASN00040830,-26.6278,152.7042,40
2009-07,ASN00040833,-25.7683,152.525,10
2009-07,ASN00040836,-27.6272,152.7461,20
2009-07,ASN00040841,-28.1481,152.57,0
2009-07,ASN00040842,-27.3917,153.1292,40
2009-07,ASN00040844,-28.135,153.1883,40
2009-07,ASN00040845,-28.2006,153.1872,60
2009-07,ASN00040846,-28.0017,153.3083,50
2009-07,ASN00040848,-28.2083,153.27,90
2009-07,ASN00040849,-27.9136,153.3657,64
2009-07,ASN00040832,-28.2033,152.77,20
2009-07,ASN00040794,-27.6956,152.9333,20
2009-07,ASN00040928,-27.5639,152.8208,21
2009-07,ASN00040932,-28.2608,153.0917,130
2009-07,ASN00041012,-26.6764,150.8992,6
2009-07,ASN00041013,-28.2264,152.0661,48
2009-07,ASN00041014,-28.3539,151.6281,126
2009-07,ASN00041016,-27.5331,151.2025,42
2009-07,ASN00041018,-27.9317,151.9058,40
2009-07,ASN00041022,-28.5,151.9722,76
2009-07,ASN00041024,-27.2067,151.8467,10
2009-07,ASN00041025,-27.5742,151.0839,10
2009-07,ASN00041034,-28.4039,151.4703,106
2009-07,ASN00040980,-27.1822,153.0186,50
2009-07,ASN00041037,-27.3072,151.8506,30
2009-07,ASN00041050,-26.7797,151.1111,14
2009-07,ASN00041052,-26.6928,151.0964,28
2009-07,ASN00041053,-27.3675,151.5897,26
2009-07,ASN00041056,-28.3344,152.2953,40
2009-07,ASN00041072,-27.4831,151.6003,114
2009-07,ASN00041082,-27.7156,151.6333,56
2009-07,ASN00041083,-28.0694,151.7797,95
2009-07,ASN00041085,-28.3253,152.3942,154
2009-07,ASN00023031,-34.9697,138.6331,558
2009-07,ASN00041047,-28.4147,151.0828,0
2009-07,ASN00040931,-28.2314,153.1356,160
2009-07,ASN00040979,-27.1247,152.9356,90
2009-07,ASN00040976,-27.4753,152.9753,30
2009-07,ASN00040933,-28.27,153.0264,70
2009-07,ASN00040935,-27.7864,153.0161,30
2009-07,ASN00040936,-28.0614,153.0408,360
2009-07,ASN00040937,-27.9978,153.1575,60
2009-07,ASN00040938,-27.9108,153.1047,80
2009-07,ASN00040939,-27.9681,152.9861,20
2009-07,ASN00040940,-27.8336,152.9878,30
2009-07,ASN00040941,-28.0708,152.8558,40
2009-07,ASN00040942,-28.3222,152.7697,60
2009-07,ASN00040978,-27.0797,153.1803,120
2009-07,ASN00040943,-28.2453,152.8908,40
2009-07,ASN00040946,-28.2153,152.8681,50
2009-07,ASN00040947,-28.1481,152.57,10
2009-07,ASN00040948,-28.1461,152.7358,20
2009-07,ASN00040949,-28.0033,152.6875,40
2009-07,ASN00040958,-27.2169,153.0922,40
2009-07,ASN00040964,-27.6696,153.0442,36
2009-07,ASN00040965,-27.2442,153.0867,54
2009-07,ASN00040969,-27.0717,153.1058,86
2009-07,ASN00040973,-27.7472,153.1919,35
2009-07,ASN00040944,-28.1692,152.9833,60
2009-07,ASN00033280,-19.6333,147.1103,0
2009-07,ASN00040793,-27.7633,152.8367,0
2009-07,ASN00040788,-27.6583,153.0,10
2009-07,ASN00040290,-28.1725,152.72,26
2009-07,ASN00040301,-27.1882,151.9634,2
2009-07,ASN00040307,-26.9664,151.7086,4
2009-07,ASN00040312,-27.7354,152.9443,26
2009-07,ASN00040320,-27.4174,153.1552,56
2009-07,ASN00040334,-25.5097,152.0456,4
2009-07,ASN00040335,-27.9694,153.2133,30
2009-07,ASN00040341,-27.8794,153.2139,30
2009-07,ASN00040343,-27.0397,152.8678,80
2009-07,ASN00040289,-27.1136,151.8517,0
2009-07,ASN00040345,-27.8064,153.2072,30
2009-07,ASN00040388,-27.6342,152.2206,14
2009-07,ASN00040390,-25.65,152.6647,26
2009-07,ASN00040394,-28.2321,152.7829,0
2009-07,ASN00040395,-27.7183,152.1211,32
2009-07,ASN00040396,-26.7778,152.8033,166
2009-07,ASN00040405,-25.322,152.8817,28
2009-07,ASN00040407,-28.0557,153.033,48
2009-07,ASN00040412,-25.2483,152.6636,10
2009-07,ASN00040416,-28.0017,153.3083,50
2009-07,ASN00040385,-26.5539,151.6678,0
2009-07,ASN00040417,-28.0686,153.4241,116
2009-07,ASN00040284,-26.9586,152.9619,138
2009-07,ASN00040259,-26.8933,151.8975,0
2009-07,ASN00040144,-25.7411,152.2364,16
2009-07,ASN00040145,-27.0625,152.7789,24
2009-07,ASN00040151,-25.605,152.5892,14
2009-07,ASN00040162,-28.1634,153.2126,58
2009-07,ASN00040167,-28.326,152.7696,63
2009-07,ASN00040169,-26.8425,152.8819,24
2009-07,ASN00040170,-27.3042,152.0542,24
2009-07,ASN00040184,-27.6322,152.5944,26
2009-07,ASN00040189,-27.1147,152.555,6
2009-07,ASN00040269,-27.6374,153.3735,134
2009-07,ASN00040196,-28.14,153.4293,98
2009-07,ASN00040199,-26.7433,151.8439,0
2009-07,ASN00040206,-26.325,152.7869,54
2009-07,ASN00040209,-27.4361,153.5456,370
2009-07,ASN00040211,-27.5717,153.0078,22
2009-07,ASN00040223,-27.4178,153.1142,30
2009-07,ASN00040224,-27.4193,153.0024,36
2009-07,ASN00040246,-26.5539,151.4156,6
2009-07,ASN00040247,-26.8422,152.5803,30
2009-07,ASN00040255,-26.41,151.815,0
2009-07,ASN00040197,-27.9695,153.1952,50
2009-07,ASN00040790,-27.5467,153.0717,20
2009-07,ASN00040424,-27.755,152.0814,40
2009-07,ASN00040449,-27.5572,152.2308,13
2009-07,ASN00040693,-27.3786,152.8164,24
2009-07,ASN00040695,-26.6842,152.9589,102
2009-07,ASN00040708,-26.0336,151.0603,0
2009-07,ASN00040714,-28.0708,152.9272,10
2009-07,ASN00040715,-27.6473,153.1718,42
2009-07,ASN00040717,-28.1681,153.5053,158
2009-07,ASN00040722,-26.0942,151.4417,0
2009-07,ASN00040738,-27.9114,153.1056,20
2009-07,ASN00040754,-28.2153,152.8681,10
2009-07,ASN00040688,-25.9575,152.4919,12
2009-07,ASN00040761,-27.7828,153.1889,20
2009-07,ASN00040763,-27.395,152.6097,18
2009-07,ASN00040764,-27.939,153.4283,72
2009-07,ASN00040770,-27.5152,153.2492,52
2009-07,ASN00040777,-26.4572,152.6803,10
2009-07,ASN00040778,-26.3583,152.6283,40
2009-07,ASN00040782,-26.3297,152.8136,20
2009-07,ASN00040784,-27.615,153.0444,10
2009-07,ASN00040785,-27.6017,152.9511,10
2009-07,ASN00040786,-27.7456,152.9081,10
2009-07,ASN00040762,-27.8336,152.9878,10
2009-07,ASN00040430,-25.2825,152.8994,45
2009-07,ASN00040686,-26.1842,152.8208,48
2009-07,ASN00040672,-27.5486,152.0236,14
2009-07,ASN00040455,-25.85,151.3667,0
2009-07,ASN00040458,-27.5314,153.1825,44
2009-07,ASN00040463,-27.5797,152.9875,24
2009-07,ASN00040469,-25.8694,152.3172,0
2009-07,ASN00040478,-25.5047,153.1289,91
2009-07,ASN00040480,-27.2883,152.1239,12
2009-07,ASN00040485,-28.249,152.5232,32
2009-07,ASN00040490,-28.2086,152.5389,4
2009-07,ASN00040493,-27.78,152.5346,32
2009-07,ASN00040677,-28.1752,152.6557,24
2009-07,ASN00040503,-27.6075,152.58,10
2009-07,ASN00040517,-27.1953,152.7539,36
2009-07,ASN00040534,-28.1629,153.2641,52
2009-07,ASN00040537,-27.4973,153.4078,102
2009-07,ASN00040550,-28.2452,153.2369,168
2009-07,ASN00040607,-28.2031,153.2719,164
2009-07,ASN00040609,-28.1178,153.4457,134
2009-07,ASN00040635,-26.8369,152.4914,28
2009-07,ASN00040659,-27.6956,152.9408,40
2009-07,ASN00040671,-26.2839,151.1897,34
2009-07,ASN00040516,-27.8429,153.3502,50
2009-07,ASN00033277,-21.1789,148.8297,0
2009-07,ASN00040123,-26.6225,152.8656,78
2009-07,ASN00033269,-20.3078,148.2181,0
2009-07,ASN00024515,-35.2959,139.0328,534
2009-07,ASN00024518,-35.6902,139.3375,950
2009-07,ASN00024519,-35.4068,138.9701,896
2009-07,ASN00024521,-35.1234,139.2592,548
2009-07,ASN00024525,-34.853,139.1607,643
2009-07,ASN00024528,-33.9888,139.08,415
2009-07,ASN00024531,-34.5719,139.2961,462
2009-07,ASN00024536,-35.2546,139.4542,296
2009-07,ASN00024537,-35.619,139.4378,700
2009-07,ASN00024511,-34.1754,139.0847,490
2009-07,ASN00024551,-35.1093,139.0806,665
2009-07,ASN00024555,-34.2571,139.0923,633
2009-07,ASN00024564,-34.3515,139.6153,212
2009-07,ASN00024572,-35.2828,139.2031,508
2009-07,ASN00024573,-34.4085,139.1274,588
2009-07,ASN00024575,-34.5444,139.193,694
2009-07,ASN00024576,-35.348,138.9771,890
2009-07,ASN00024577,-35.7344,139.2675,912
2009-07,ASN00024578,-34.0647,139.6605,178
2009-07,ASN00024579,-34.8788,138.974,1512
2009-07,ASN00024554,-35.1978,139.5871,352
2009-07,ASN00024580,-35.2836,138.8934,934
2009-07,ASN00024509,-34.3515,139.1289,502
2009-07,ASN00024504,-34.1233,139.3509,218
2009-07,ASN00023885,-35.1586,138.5057,1056
2009-07,ASN00023887,-35.1712,138.6783,1026
2009-07,ASN00023890,-35.0012,138.62,1742
2009-07,ASN00023891,-34.9847,138.7404,2603
2009-07,ASN00023892,-34.8856,138.7562,1170
2009-07,ASN00023894,-35.5194,138.8177,662
2009-07,ASN00023896,-34.8757,138.7103,1628
2009-07,ASN00023897,-35.3159,138.6218,1944
2009-07,ASN00023905,-34.9695,138.741,2322
2009-07,ASN00024508,-35.125,139.0433,668
2009-07,ASN00024001,-34.2591,140.4708,140
2009-07,ASN00024008,-34.2579,140.6478,344
2009-07,ASN00024010,-34.2918,140.3632,286
2009-07,ASN00024013,-34.4442,140.4958,234
2009-07,ASN00024024,-34.439,140.5978,254
2009-07,ASN00024025,-34.2717,140.5964,30
2009-07,ASN00024031,-34.17,139.817,266
2009-07,ASN00024048,-34.1983,140.6766,198
2009-07,ASN00024501,-34.0954,139.1543,292
2009-07,ASN00024502,-34.6923,139.4396,284
2009-07,ASN00024003,-34.1658,140.7541,220
2009-07,ASN00023881,-34.7742,139.0062,1752
2009-07,ASN00024582,-35.1016,139.1426,573
2009-07,ASN00025000,-34.7314,140.5036,162
2009-07,ASN00025561,-36.3994,140.8424,986
2009-07,ASN00025562,-35.3778,140.5378,394
2009-07,ASN00026000,-37.4861,140.0115,1784
2009-07,ASN00026007,-36.7124,140.9552,1104
2009-07,ASN00026012,-36.8309,139.8526,1060
2009-07,ASN00026016,-36.9731,140.3664,687
2009-07,ASN00026017,-36.501,140.3835,1356
2009-07,ASN00026018,-37.5872,140.3426,964
2009-07,ASN00026020,-37.8333,140.7833,1209
2009-07,ASN00025560,-36.3098,140.74,512
2009-07,ASN00026021,-37.7473,140.7739,1582
2009-07,ASN00026026,-37.1628,139.756,1712
2009-07,ASN00026058,-36.6064,140.7118,1092
2009-07,ASN00026062,-36.9229,140.5809,128
2009-07,ASN00026067,-37.9594,140.7703,1764
2009-07,ASN00026086,-37.3797,140.3294,1706
2009-07,ASN00026091,-37.2906,140.8254,643
2009-07,ASN00026095,-36.9655,139.7164,1802
2009-07,ASN00026098,-37.5422,140.8137,774
2009-07,ASN00026099,-36.9813,140.727,922
2009-07,ASN00026025,-37.3803,140.8379,734
2009-07,ASN00024584,-35.065,139.2273,388
2009-07,ASN00025558,-35.4696,139.9461,413
2009-07,ASN00025523,-35.8597,139.5599,766
2009-07,ASN00025002,-34.8276,139.6673,242
2009-07,ASN00025006,-35.09,139.8972,332
2009-07,ASN00025013,-35.2977,140.6667,414
2009-07,ASN00025014,-34.7169,140.7352,250
2009-07,ASN00025015,-35.268,140.9075,302
2009-07,ASN00025018,-34.7884,140.5003,260
2009-07,ASN00025036,-35.1524,140.288,342
2009-07,ASN00025039,-35.0393,139.9844,362
2009-07,ASN00025042,-35.244,139.8261,320
2009-07,ASN00025557,-36.1058,140.3273,842
2009-07,ASN00025046,-35.0662,140.856,230
2009-07,ASN00025051,-34.5876,140.0791,232
2009-07,ASN00025502,-35.379,139.5617,214
2009-07,ASN00025504,-35.6984,139.8633,566
2009-07,ASN00025506,-35.38,140.1588,462
2009-07,ASN00025507,-36.098,140.3556,1002
2009-07,ASN00025512,-35.3805,140.2519,428
2009-07,ASN00025513,-35.3627,139.9503,234
2009-07,ASN00025514,-35.8806,140.0594,519
2009-07,ASN00025519,-36.3654,140.9096,894
2009-07,ASN00025050,-34.6345,140.2432,258
2009-07,ASN00026100,-36.6539,140.5212,666
2009-07,ASN00023880,-34.7595,138.9341,2062
2009-07,ASN00023878,-34.7253,138.9273,1802
2009-07,ASN00023348,-34.5103,138.835,754
2009-07,ASN00023349,-34.0936,138.7952,584
2009-07,ASN00023355,-34.207,138.7886,670
2009-07,ASN00023357,-34.4709,138.9991,798
2009-07,ASN00023365,-34.2318,138.6952,626
2009-07,ASN00023369,-34.4557,138.9222,888
2009-07,ASN00023370,-34.3143,138.7293,672
2009-07,ASN00023372,-34.4534,139.0638,886
2009-07,ASN00023373,-34.4761,139.0056,896
2009-07,ASN00023319,-34.2778,138.7725,746
2009-07,ASN00023374,-34.2523,139.0183,466
2009-07,ASN00023705,-34.8148,138.9474,1806
2009-07,ASN00023707,-35.0102,138.7602,2384
2009-07,ASN00023709,-35.0611,138.6585,1810
2009-07,ASN00023710,-35.1087,138.6256,1633
2009-07,ASN00023714,-35.3736,138.806,1344
2009-07,ASN00023718,-35.4987,138.7638,286
2009-07,ASN00023719,-34.8237,138.8859,1144
2009-07,ASN00023720,-35.0303,138.8148,1580
2009-07,ASN00023721,-35.0608,138.5647,1264
2009-07,ASN00023704,-35.0077,138.6498,1788
2009-07,ASN00023722,-34.9303,139.014,1402
2009-07,ASN00023318,-34.5169,138.9598,1094
2009-07,ASN00023310,-34.005,138.8142,824
2009-07,ASN00033270,-20.525,148.2125,0
2009-07,ASN00023043,-34.7607,138.6311,1046
2009-07,ASN00023055,-34.9552,138.5356,614
2009-07,ASN00023076,-34.432,138.2587,312
2009-07,ASN00023083,-34.7111,138.6222,880
2009-07,ASN00023085,-34.9222,138.6805,1506
2009-07,ASN00023087,-34.5371,138.6049,554
2009-07,ASN00023096,-34.8564,138.6844,1474
2009-07,ASN00023101,-34.8925,138.6422,1192
2009-07,ASN00023314,-34.158,138.7483,662
2009-07,ASN00023105,-34.9808,138.621,1100
2009-07,ASN00023108,-35.0495,138.7259,1640
2009-07,ASN00023114,-34.9542,138.6586,1244
2009-07,ASN00023115,-34.9473,138.5827,902
2009-07,ASN00023122,-34.5106,138.6763,590
2009-07,ASN00023128,-34.2015,138.597,432
2009-07,ASN00023129,-34.4611,138.5581,412
2009-07,ASN00023305,-34.4577,138.9277,842
2009-07,ASN00023306,-34.1697,138.8095,672
2009-07,ASN00023307,-34.3412,138.9155,472
2009-07,ASN00023107,-34.601,138.7359,906
2009-07,ASN00023879,-34.8476,138.8751,1778
2009-07,ASN00023723,-35.4935,138.4575,2150
2009-07,ASN00023726,-34.9044,138.8742,1470
2009-07,ASN00023804,-35.5544,138.5997,1130
2009-07,ASN00023806,-34.8067,138.7552,1188
2009-07,ASN00023810,-34.971,138.7042,2284
2009-07,ASN00023817,-35.0221,138.7344,2182
2009-07,ASN00023820,-34.6805,138.8561,1432
2009-07,ASN00023822,-35.1802,139.0239,674
2009-07,ASN00023825,-35.5288,138.8067,791
2009-07,ASN00023839,-35.0216,138.6097,1482
2009-07,ASN00023842,-34.9784,138.7088,2314
2009-07,ASN00023803,-34.9423,138.727,1816
2009-07,ASN00023846,-35.0028,138.6635,1548
2009-07,ASN00023860,-34.9499,138.6866,1288
2009-07,ASN00023865,-34.8944,138.8099,1790
2009-07,ASN00023866,-35.0068,138.8033,1842
2009-07,ASN00023867,-34.9342,138.7467,2226
2009-07,ASN00023871,-35.3175,138.4636,1358
2009-07,ASN00023873,-34.9913,138.6937,1980
2009-07,ASN00023875,-35.5695,138.2864,2008
2009-07,ASN00023876,-35.2276,138.5366,1038
2009-07,ASN00023877,-34.7863,138.8651,1806
2009-07,ASN00023858,-34.763,138.7765,1510
2009-07,ASN00023725,-34.5569,139.1338,1081
2009-07,ASN00023801,-34.9482,138.8071,1975
2009-07,ASN00023788,-34.9838,138.7179,2648
2009-07,ASN00023727,-35.0484,138.7354,1874
2009-07,ASN00023731,-34.8331,138.8215,1686
2009-07,ASN00023732,-35.1351,138.5274,1110
2009-07,ASN00023733,-35.0639,138.8509,1954
2009-07,ASN00023734,-35.1213,138.6769,1794
2009-07,ASN00023735,-35.3497,138.6223,1504
2009-07,ASN00023737,-34.7735,139.0501,1690
2009-07,ASN00023738,-35.39,138.4652,1724
2009-07,ASN00023739,-35.0369,138.913,1144
2009-07,ASN00023799,-35.2183,138.7342,1978
2009-07,ASN00023741,-35.4519,138.3227,1240
2009-07,ASN00023747,-35.256,138.8901,988
2009-07,ASN00023750,-34.9563,138.7443,2566
2009-07,ASN00023752,-34.6717,138.8885,1022
2009-07,ASN00023753,-35.2705,138.5591,1250
2009-07,ASN00023754,-35.458,138.35,724
2009-07,ASN00023756,-34.6603,138.9262,1536
2009-07,ASN00023758,-34.7398,138.8715,2142
2009-07,ASN00023786,-34.8269,139.0086,1554
2009-07,ASN00023787,-35.0247,138.8578,1786
2009-07,ASN00023742,-35.5299,138.6896,988
2009-07,ASN00026101,-37.4003,140.3351,1650
2009-07,ASN00023882,-34.8713,138.9058,1936
2009-07,ASN00023042,-34.9387,138.6607,1290
2009-07,ASN00032037,-17.6053,145.9972,233
2009-07,ASN00032040,-19.2483,146.7661,2
2009-07,ASN00032042,-17.9364,145.9253,356
2009-07,ASN00032043,-18.7218,145.9237,8
2009-07,ASN00032045,-18.6508,146.2047,94
2009-07,ASN00032050,-19.2033,146.6131,2
2009-07,ASN00032064,-19.0074,146.2057,2
2009-07,ASN00032078,-18.6494,146.1769,88
2009-07,ASN00032094,-18.6156,146.1811,110
2009-07,ASN00032033,-17.4608,145.8822,348
2009-07,ASN00032098,-19.0506,146.4058,76
2009-07,ASN00032109,-18.1069,145.8053,10
2009-07,ASN00032117,-18.6867,146.2969,149
2009-07,ASN00032152,-17.5475,145.9292,280
2009-07,ASN00032155,-17.6094,145.9786,200
2009-07,ASN00032160,-17.6089,145.9792,220
2009-07,ASN00032161,-17.5967,145.9014,340
2009-07,ASN00032162,-17.615,145.8011,190
2009-07,ASN00032163,-17.5236,146.0325,420
2009-07,ASN00032164,-17.6808,145.8878,140
2009-07,ASN00032101,-18.9558,146.2886,10
2009-07,ASN00032165,-17.5308,145.8464,370
2009-07,ASN00032032,-18.5872,146.2508,35
2009-07,ASN00032023,-18.5819,146.2839,171
2009-07,ASN00031185,-17.5175,145.6089,220
2009-07,ASN00031186,-17.6803,145.6603,80
2009-07,ASN00031187,-17.4694,145.7311,610
2009-07,ASN00031188,-17.0039,145.4281,0
2009-07,ASN00031189,-16.6583,145.5672,8
2009-07,ASN00031191,-18.1494,145.4803,0
2009-07,ASN00031196,-17.7047,145.1461,0
2009-07,ASN00031197,-18.0394,144.8856,0
2009-07,ASN00031198,-17.3769,145.3803,0
2009-07,ASN00032031,-18.5406,146.3356,206
2009-07,ASN00031200,-17.5908,145.5294,70
2009-07,ASN00031209,-15.4461,145.1861,84
2009-07,ASN00031210,-17.0672,145.4283,0
2009-07,ASN00031213,-14.9672,145.3106,282
2009-07,ASN00032001,-18.8828,146.17,20
2009-07,ASN00032002,-18.5742,146.2225,64
2009-07,ASN00032004,-18.2553,146.0197,76
2009-07,ASN00032009,-17.835,146.0986,366
2009-07,ASN00032019,-17.7214,145.9222,210
2009-07,ASN00032020,-17.5556,145.9556,330
2009-07,ASN00031205,-16.9794,145.6747,130
2009-07,ASN00031184,-17.4442,145.5094,80
2009-07,ASN00032166,-17.5456,145.9325,310
2009-07,ASN00032169,-18.1919,145.3325,0
2009-07,ASN00033076,-23.1333,150.3669,0
2009-07,ASN00033077,-23.0967,150.7342,0
2009-07,ASN00033080,-21.0003,148.7375,0
2009-07,ASN00033095,-21.8031,149.3569,0
2009-07,ASN00033096,-20.2081,148.13,0
2009-07,ASN00033106,-20.3658,148.9536,2
2009-07,ASN00033111,-22.8131,149.89,0
2009-07,ASN00033119,-21.1172,149.2169,8
2009-07,ASN00033151,-19.5953,146.9342,0
2009-07,ASN00033068,-21.1631,148.87,0
2009-07,ASN00033170,-22.3614,149.3747,0
2009-07,ASN00033195,-22.4703,150.1786,0
2009-07,ASN00033210,-22.3472,149.5242,0
2009-07,ASN00033247,-20.4925,148.555,0
2009-07,ASN00033255,-20.3531,148.9508,18
2009-07,ASN00033260,-23.16,150.96,6
2009-07,ASN00033263,-20.4186,148.1108,0
2009-07,ASN00033265,-20.2886,148.1175,0
2009-07,ASN00033266,-20.2381,148.0311,0
2009-07,ASN00026103,-37.134,140.7273,1182
2009-07,ASN00033175,-20.2144,147.7761,0
2009-07,ASN00032167,-17.9919,145.9425,140
2009-07,ASN00033065,-22.3458,149.5356,0
2009-07,ASN00033060,-21.1422,149.0381,5
2009-07,ASN00032170,-18.4125,145.7722,20
2009-07,ASN00032171,-18.6347,146.1444,90
2009-07,ASN00032172,-18.4606,145.7383,170
2009-07,ASN00032173,-18.6797,145.9961,10
2009-07,ASN00032174,-18.4889,145.9364,20
2009-07,ASN00032176,-18.1439,145.61,20
2009-07,ASN00032183,-18.7497,146.115,100
2009-07,ASN00032184,-18.4506,145.8294,40
2009-07,ASN00032185,-18.5789,146.2803,190
2009-07,ASN00033062,-20.0997,146.8892,0
2009-07,ASN00032186,-18.8478,145.9067,10
2009-07,ASN00033002,-19.6169,147.3758,0
2009-07,ASN00033013,-20.5534,147.8464,0
2009-07,ASN00033032,-19.6667,147.4147,0
2009-07,ASN00033038,-21.6256,149.2367,0
2009-07,ASN00033041,-20.5392,148.6572,0
2009-07,ASN00033045,-21.1706,149.1794,4
2009-07,ASN00033051,-19.8789,146.6319,0
2009-07,ASN00033053,-21.0011,148.9364,0
2009-07,ASN00033059,-21.4267,149.2164,0
2009-07,ASN00033001,-19.5775,147.4075,9
2009-07,ASN00031183,-17.3594,145.5922,100
2009-07,ASN00033267,-20.2197,148.1217,0
2009-07,ASN00031181,-17.545,145.7156,330
2009-07,ASN00029000,-18.2952,139.2828,0
2009-07,ASN00029004,-17.7425,139.5475,0
2009-07,ASN00029008,-20.7089,140.5192,0
2009-07,ASN00029012,-18.2044,142.2447,0
2009-07,ASN00029030,-20.4247,141.4047,0
2009-07,ASN00029037,-17.3297,141.8797,0
2009-07,ASN00029038,-15.4818,141.7483,0
2009-07,ASN00029047,-19.6242,138.6386,0
2009-07,ASN00029058,-20.6672,141.7214,0
2009-07,ASN00028035,-14.7117,143.7303,0
2009-07,ASN00029061,-18.9511,138.0531,0
2009-07,ASN00029065,-18.7881,139.7119,0
2009-07,ASN00029069,-17.3383,138.2508,0
2009-07,ASN00029077,-17.7483,139.5356,0
2009-07,ASN00029092,-19.8392,140.9336,0
2009-07,ASN00029100,-18.6419,139.2516,0
2009-07,ASN00029110,-15.6386,141.8228,0
2009-07,ASN00029121,-20.5958,139.6939,0
2009-07,ASN00029126,-20.7361,139.4817,0
2009-07,ASN00029127,-20.6778,139.4875,0
2009-07,ASN00029063,-17.6872,141.0733,4
2009-07,ASN00029129,-21.215,140.2333,0
2009-07,ASN00028031,-14.7317,143.5864,0
2009-07,ASN00028013,-16.2217,144.7081,0
2009-07,ASN00031182,-17.5875,145.5997,140
2009-07,ASN00026105,-37.1776,139.8054,1790
2009-07,ASN00026107,-36.437,140.3356,1160
2009-07,ASN00026109,-37.3818,139.9454,1718
2009-07,ASN00026110,-36.7746,140.0222,1400
2009-07,ASN00027000,-13.3539,141.7208,0
2009-07,ASN00027015,-12.4536,142.6389,8
2009-07,ASN00027038,-16.4231,143.1456,0
2009-07,ASN00027042,-12.6267,141.8836,0
2009-07,ASN00028023,-14.9258,144.1994,0
2009-07,ASN00027044,-13.0658,142.4511,0
2009-07,ASN00027054,-10.0511,143.0686,62
2009-07,ASN00027058,-10.5844,142.29,26
2009-07,ASN00027061,-14.5181,142.0389,0
2009-07,ASN00027072,-12.0933,142.5589,14
2009-07,ASN00027073,-13.7606,143.1183,0
2009-07,ASN00027075,-12.6167,142.0869,10
2009-07,ASN00028000,-15.5581,144.4453,0
2009-07,ASN00028004,-16.0008,144.0758,0
2009-07,ASN00028008,-12.785,143.3047,210
2009-07,ASN00027045,-12.6778,141.9208,0
2009-07,ASN00029131,-20.02,139.8433,0
2009-07,ASN00026104,-36.8465,140.5592,1130
2009-07,ASN00029136,-21.3661,140.4986,0
2009-07,ASN00031032,-17.4311,145.2028,3
2009-07,ASN00031036,-16.8178,145.6383,170
2009-07,ASN00031037,-16.3842,145.5592,104
2009-07,ASN00031040,-17.0692,145.7742,60
2009-07,ASN00031044,-16.4569,145.3775,0
2009-07,ASN00031046,-17.677,145.115,0
2009-07,ASN00031051,-17.3442,144.9306,0
2009-07,ASN00031062,-16.3906,145.3511,150
2009-07,ASN00031075,-17.1694,145.5481,20
2009-07,ASN00031024,-17.535,145.4822,52
2009-07,ASN00031104,-17.1644,145.8783,190
2009-07,ASN00031119,-17.6758,145.2783,0
2009-07,ASN00031125,-17.3439,145.5028,60
2009-07,ASN00031131,-17.3394,144.6797,0
2009-07,ASN00031140,-17.27,145.8997,240
2009-07,ASN00031141,-17.2639,145.8536,300
2009-07,ASN00031147,-14.6683,145.4467,85
2009-07,ASN00031168,-17.5875,145.6,228
2009-07,ASN00031180,-16.5319,145.1325,0
2009-07,ASN00029132,-20.6556,142.1006,0
2009-07,ASN00031108,-17.1347,145.4281,6
2009-07,ASN00031012,-16.0969,145.4575,884
2009-07,ASN00031069,-17.6697,145.2414,14
2009-07,ASN00031010,-16.9333,145.7833,52
2009-07,ASN00031011,-16.8736,145.7458,50
2009-07,ASN00029141,-20.6664,140.505,0
2009-07,ASN00029150,-20.8422,141.4292,0
2009-07,ASN00029152,-18.7036,138.4839,0
2009-07,ASN00029154,-18.4306,141.2686,0
2009-07,ASN00029167,-18.7569,138.7056,0
2009-07,ASN00030048,-18.6242,144.5739,0
2009-07,ASN00030072,-20.0969,144.9875,0
2009-07,ASN00030082,-19.7037,144.3775,0
2009-07,ASN00030088,-19.3769,144.1156,0
2009-07,ASN00030022,-20.8192,144.2333,0
2009-07,ASN00029139,-17.1142,139.5981,0
2009-07,ASN00030103,-18.2225,143.9697,0
2009-07,ASN00030161,-20.7017,143.1167,0
2009-07,ASN00030158,-18.4564,143.2986,0
2009-07,ASN00030149,-21.0442,144.0992,0
2009-07,ASN00031004,-17.3436,145.9217,254
2009-07,ASN00030127,-20.9942,144.6433,0
2009-07,ASN00030124,-18.3039,143.5306,0
2009-07,ASN00030115,-19.055,144.9594,0
2009-07,ASN00030137,-19.6347,145.7886,6
2009-08,ASN00061382,-33.1681,151.2181,10
2009-08,ASN00061366,-33.2815,151.5766,42
2009-08,ASN00061372,-31.8017,150.925,100
2009-08,ASN00061374,-32.2199,150.9193,8
2009-08,ASN00061375,-33.2894,151.2107,30
2009-08,ASN00061376,-33.0759,151.5382,74
2009-08,ASN00061377,-33.0933,151.6317,6
2009-08,ASN00061381,-33.4036,151.3928,10
2009-08,ASN00061383,-33.2528,151.3164,20
2009-08,ASN00062021,-32.5956,149.5956,142
2009-08,ASN00061387,-33.245,151.5119,22
2009-08,ASN00061392,-31.7416,150.7937,58
2009-08,ASN00061394,-33.2177,151.1251,26
2009-08,ASN00061405,-32.6753,151.6219,18
2009-08,ASN00061406,-33.0831,151.6511,10
2009-08,ASN00062003,-32.6657,149.1016,122
2009-08,ASN00062009,-31.9963,149.9856,50
2009-08,ASN00062013,-32.3634,149.5329,110
2009-08,ASN00061363,-32.0335,150.8264,34
2009-08,ASN00061385,-33.0789,151.3403,10
2009-08,ASN00061360,-32.05,150.8528,10
2009-08,ASN00061205,-33.0297,151.1401,40
2009-08,ASN00061349,-32.5667,151.6083,0
2009-08,ASN00063302,-33.8275,149.6033,300
2009-08,ASN00061209,-32.9597,150.675,62
2009-08,ASN00061211,-33.3588,150.7058,58
2009-08,ASN00061216,-33.4176,151.159,47
2009-08,ASN00061217,-33.2904,150.9708,0
2009-08,ASN00061220,-33.2381,151.3003,20
2009-08,ASN00061226,-32.936,151.1393,14
2009-08,ASN00061250,-32.6296,151.5919,30
2009-08,ASN00061260,-32.7886,151.3377,8
2009-08,ASN00061350,-32.1714,151.5942,68
2009-08,ASN00061287,-32.1852,150.1737,26
2009-08,ASN00061294,-33.4666,151.4126,50
2009-08,ASN00061295,-32.8108,151.3396,22
2009-08,ASN00061309,-32.6881,150.9728,18
2009-08,ASN00061327,-32.8248,151.2613,15
2009-08,ASN00061329,-32.8323,151.3085,0
2009-08,ASN00061334,-33.0488,150.2325,36
2009-08,ASN00061336,-33.1556,150.6847,40
2009-08,ASN00061339,-32.5584,151.8043,26
2009-08,ASN00061346,-31.8626,151.4398,230
2009-08,ASN00061288,-32.3322,151.4595,20
2009-08,ASN00062032,-32.3592,149.9484,82
2009-08,ASN00063113,-33.5497,148.91,254
2009-08,ASN00062089,-32.8936,149.3808,286
2009-08,ASN00063132,-33.3808,150.0818,430
2009-08,ASN00063142,-33.577,149.8591,432
2009-08,ASN00063146,-33.5544,150.0526,582
2009-08,ASN00063214,-33.3561,149.4058,372
2009-08,ASN00063229,-33.6773,148.6115,176
2009-08,ASN00063234,-33.6708,148.8565,270
2009-08,ASN00063245,-33.6492,149.0759,338
2009-08,ASN00063246,-33.5105,150.3711,372
2009-08,ASN00063254,-33.3211,149.0828,409
2009-08,ASN00063119,-34.2347,149.265,284
2009-08,ASN00063271,-34.0417,149.3611,404
2009-08,ASN00063287,-33.4111,149.5861,310
2009-08,ASN00063290,-33.4983,150.5215,96
2009-08,ASN00063291,-33.412,149.654,306
2009-08,ASN00063292,-33.6185,150.2741,230
2009-08,ASN00063293,-33.74,149.8822,310
2009-08,ASN00063295,-33.6297,150.2803,310
2009-08,ASN00063297,-33.5728,149.9128,380
2009-08,ASN00063298,-33.6144,149.6981,310
2009-08,ASN00061201,-33.0259,151.1882,32
2009-08,ASN00063283,-33.7,150.0278,430
2009-08,ASN00062075,-32.4753,149.5151,38
2009-08,ASN00063118,-33.5156,150.4892,208
2009-08,ASN00063114,-33.3439,149.1617,440
2009-08,ASN00062093,-32.7236,149.7702,72
2009-08,ASN00062099,-32.8366,148.9963,174
2009-08,ASN00062100,-32.7244,150.229,138
2009-08,ASN00062101,-32.5628,149.6149,132
2009-08,ASN00062102,-32.5204,150.0817,79
2009-08,ASN00063005,-33.4289,149.5559,334
2009-08,ASN00063013,-33.5366,150.4413,242
2009-08,ASN00063028,-33.6929,150.5291,170
2009-08,ASN00063029,-33.744,149.1046,340
2009-08,ASN00063117,-33.6739,149.0471,390
2009-08,ASN00063035,-33.0362,149.4146,316
2009-08,ASN00063039,-33.7122,150.3087,262
2009-08,ASN00063043,-33.5343,150.6338,132
2009-08,ASN00063049,-33.6094,150.0856,572
2009-08,ASN00063061,-33.8222,149.3244,340
2009-08,ASN00063063,-33.6774,149.8374,414
2009-08,ASN00063073,-33.6896,149.5633,344
2009-08,ASN00063076,-33.0807,149.6901,244
2009-08,ASN00063081,-33.6956,150.5408,100
2009-08,ASN00063093,-34.3093,149.9677,292
2009-08,ASN00063036,-33.8199,150.0227,448
2009-08,ASN00061196,-31.7069,151.2131,136
2009-08,ASN00060096,-32.2583,152.1208,0
2009-08,ASN00061191,-32.6126,150.9761,28
2009-08,ASN00059070,-30.4508,152.6231,40
2009-08,ASN00059107,-30.566,152.6528,36
2009-08,ASN00059110,-30.6688,152.7638,46
2009-08,ASN00059113,-30.3098,152.7636,26
2009-08,ASN00059118,-30.2493,152.463,120
2009-08,ASN00059122,-30.8217,152.5067,30
2009-08,ASN00059124,-29.9806,152.7222,55
2009-08,ASN00059128,-30.9783,152.5106,70
2009-08,ASN00059138,-30.6639,152.6528,20
2009-08,ASN00059047,-31.1802,152.9681,34
2009-08,ASN00059139,-30.1014,153.0009,64
2009-08,ASN00060002,-32.4129,152.2079,8
2009-08,ASN00060015,-32.0063,151.9597,8
2009-08,ASN00060017,-31.7004,152.5833,0
2009-08,ASN00060024,-31.7816,152.6684,10
2009-08,ASN00060031,-31.3364,152.7852,41
2009-08,ASN00060036,-31.862,152.3444,58
2009-08,ASN00060042,-32.1532,151.9511,18
2009-08,ASN00060046,-31.6877,152.2688,58
2009-08,ASN00060065,-32.2942,152.3047,40
2009-08,ASN00059140,-30.3442,152.7187,32
2009-08,ASN00060075,-31.95,151.7923,34
2009-08,ASN00059040,-30.3107,153.1187,10
2009-08,ASN00059019,-30.3641,152.4061,26
2009-08,ASN00063303,-33.3813,149.127,514
2009-08,ASN00058186,-28.3283,153.4,30
2009-08,ASN00058193,-28.3538,153.293,120
2009-08,ASN00058194,-28.3811,152.7174,90
2009-08,ASN00058198,-28.8353,153.5585,16
2009-08,ASN00058199,-28.7364,153.1634,40
2009-08,ASN00058201,-28.7967,153.2386,30
2009-08,ASN00058202,-28.7406,153.075,20
2009-08,ASN00058204,-28.3217,153.3467,50
2009-08,ASN00059030,-30.9225,153.087,6
2009-08,ASN00058206,-28.7231,153.3614,20
2009-08,ASN00058212,-29.183,153.3964,16
2009-08,ASN00058214,-28.8343,153.2616,28
2009-08,ASN00058216,-28.6399,153.6358,26
2009-08,ASN00058220,-28.705,152.8414,8
2009-08,ASN00058222,-29.7847,153.2639,60
2009-08,ASN00059002,-30.65,152.8486,6
2009-08,ASN00059006,-30.1619,153.0982,56
2009-08,ASN00059007,-31.0711,152.7717,32
2009-08,ASN00059009,-30.2358,153.0163,64
2009-08,ASN00058208,-28.8775,153.052,8
2009-08,ASN00061192,-32.2092,150.7365,0
2009-08,ASN00060085,-31.3865,152.2482,64
2009-08,ASN00060095,-32.375,152.3808,20
2009-08,ASN00061041,-33.0955,151.5506,30
2009-08,ASN00061054,-32.7103,152.1612,57
2009-08,ASN00061055,-32.9185,151.7985,6
2009-08,ASN00061071,-32.4027,151.9664,32
2009-08,ASN00061078,-32.7932,151.8359,10
2009-08,ASN00061092,-32.5932,151.3335,2
2009-08,ASN00061093,-33.3653,151.3264,42
2009-08,ASN00061095,-32.1939,151.0932,30
2009-08,ASN00061096,-32.5997,151.618,22
2009-08,ASN00061031,-32.7756,151.735,10
2009-08,ASN00061097,-31.9201,151.2355,98
2009-08,ASN00061106,-32.3564,151.8059,42
2009-08,ASN00061110,-32.8736,150.7936,20
2009-08,ASN00061119,-33.385,150.9856,80
2009-08,ASN00061130,-32.5113,150.7968,22
2009-08,ASN00061135,-32.1018,151.2333,65
2009-08,ASN00061143,-32.654,151.021,22
2009-08,ASN00061151,-32.2426,151.683,62
2009-08,ASN00061152,-32.9995,151.2908,0
2009-08,ASN00061170,-32.2809,151.7948,64
2009-08,ASN00061100,-32.7667,151.0872,10
2009-08,ASN00060090,-31.3422,152.341,50
2009-08,ASN00061017,-32.4022,151.7582,38
2009-08,ASN00061012,-33.0853,151.4633,12
2009-08,ASN00060099,-32.4436,152.1561,20
2009-08,ASN00060104,-31.4138,151.598,372
2009-08,ASN00060106,-31.6647,152.0637,56
2009-08,ASN00060112,-32.0525,151.9147,34
2009-08,ASN00060116,-31.4367,152.4633,40
2009-08,ASN00060117,-31.8833,152.15,810
2009-08,ASN00060118,-31.7753,152.0778,80
2009-08,ASN00060121,-31.5667,152.2401,50
2009-08,ASN00060122,-31.8922,152.2739,36
2009-08,ASN00061014,-32.6385,151.4173,18
2009-08,ASN00060128,-31.5833,151.3167,202
2009-08,ASN00060137,-31.7683,151.8889,34
2009-08,ASN00060139,-31.4336,152.8655,30
2009-08,ASN00060141,-31.8896,152.512,60
2009-08,ASN00060144,-32.3796,152.5062,42
2009-08,ASN00060146,-31.9572,152.585,38
2009-08,ASN00060147,-31.7361,152.3989,24
2009-08,ASN00060148,-32.1625,152.2614,20
2009-08,ASN00061007,-32.0332,150.5836,26
2009-08,ASN00061010,-32.5879,151.7813,38
2009-08,ASN00060130,-31.2936,152.3121,6
2009-08,ASN00063304,-33.7181,149.5106,310
2009-08,ASN00070330,-34.8085,149.7312,270
2009-08,ASN00064009,-32.0159,149.3964,46
2009-08,ASN00069036,-36.0876,150.0508,54
2009-08,ASN00069041,-35.2514,149.9158,322
2009-08,ASN00069042,-35.7661,149.9416,64
2009-08,ASN00069048,-35.7581,149.8252,156
2009-08,ASN00069049,-35.1165,150.0847,145
2009-08,ASN00069050,-36.2967,149.843,176
2009-08,ASN00069052,-35.7343,150.0508,50
2009-08,ASN00069054,-36.2967,149.51,326
2009-08,ASN00069062,-35.9446,149.5876,90
2009-08,ASN00069035,-35.7564,149.815,150
2009-08,ASN00069065,-36.5676,149.7511,80
2009-08,ASN00069068,-36.6036,149.9984,72
2009-08,ASN00069088,-36.1935,149.4735,351
2009-08,ASN00069114,-36.5404,149.8229,60
2009-08,ASN00069121,-35.4411,150.2857,150
2009-08,ASN00069127,-35.6864,149.8386,114
2009-08,ASN00069132,-35.4253,149.7835,136
2009-08,ASN00069134,-35.7234,150.1872,56
2009-08,ASN00069137,-37.2622,150.0504,68
2009-08,ASN00069138,-35.3635,150.4827,104
2009-08,ASN00069066,-36.9296,149.646,135
2009-08,ASN00069139,-36.6722,149.8191,34
2009-08,ASN00069033,-35.9017,149.9611,50
2009-08,ASN00069023,-35.6488,150.1454,78
2009-08,ASN00068239,-34.5253,150.4217,118
2009-08,ASN00068241,-34.5638,150.79,12
2009-08,ASN00068243,-34.5776,150.5118,206
2009-08,ASN00068245,-34.9528,150.7019,130
2009-08,ASN00068246,-34.5707,150.8383,568
2009-08,ASN00068247,-34.7679,150.562,124
2009-08,ASN00068248,-34.6625,150.4333,120
2009-08,ASN00068249,-34.9636,150.0967,200
2009-08,ASN00068255,-34.4875,150.4014,80
2009-08,ASN00069029,-37.3623,149.6984,208
2009-08,ASN00069002,-36.6884,149.838,40
2009-08,ASN00069006,-35.7011,149.7896,170
2009-08,ASN00069010,-35.4489,149.799,114
2009-08,ASN00069013,-36.7677,149.6951,22
2009-08,ASN00069014,-36.3881,149.8882,96
2009-08,ASN00069015,-37.0557,149.9053,120
2009-08,ASN00069017,-36.2519,150.2275,46
2009-08,ASN00069018,-35.9093,150.1532,24
2009-08,ASN00069019,-36.8402,149.5257,231
2009-08,ASN00069022,-36.2144,150.1358,80
2009-08,ASN00069003,-36.6278,149.5705,122
2009-08,ASN00068233,-34.8517,150.3883,50
2009-08,ASN00069140,-36.4948,149.7434,8
2009-08,ASN00069145,-35.9775,149.8611,90
2009-08,ASN00070161,-36.425,149.1139,328
2009-08,ASN00070165,-36.3541,149.198,288
2009-08,ASN00070214,-35.6311,149.5,350
2009-08,ASN00070217,-36.2939,148.9725,34
2009-08,ASN00070231,-35.3266,149.0492,112
2009-08,ASN00070237,-36.5902,149.3824,256
2009-08,ASN00070242,-35.2572,149.0742,340
2009-08,ASN00070246,-35.3098,149.1269,322
2009-08,ASN00070247,-35.2776,149.1095,230
2009-08,ASN00070147,-34.5604,149.7381,318
2009-08,ASN00070261,-35.6904,149.5869,392
2009-08,ASN00070269,-34.6653,149.9888,270
2009-08,ASN00070278,-36.2318,149.1243,215
2009-08,ASN00070299,-36.1827,149.3467,262
2009-08,ASN00070307,-35.2459,149.1068,384
2009-08,ASN00070308,-35.3757,149.087,378
2009-08,ASN00070309,-36.9131,149.0372,24
2009-08,ASN00070326,-37.1475,149.1496,338
2009-08,ASN00070328,-37.0016,149.2336,162
2009-08,ASN00058180,-28.6069,153.2083,30
2009-08,ASN00070263,-34.7495,149.7034,308
2009-08,ASN00069142,-35.924,150.0362,32
2009-08,ASN00070144,-34.4084,149.8836,254
2009-08,ASN00070131,-34.545,149.6245,466
2009-08,ASN00069147,-36.9077,149.8989,102
2009-08,ASN00069148,-35.9004,150.1437,20
2009-08,ASN00069150,-35.3785,150.0032,146
2009-08,ASN00070005,-36.9113,149.2379,228
2009-08,ASN00070016,-35.5889,149.4478,376
2009-08,ASN00070025,-34.4578,149.4693,52
2009-08,ASN00070032,-35.2274,148.9139,566
2009-08,ASN00070043,-34.7823,149.2681,202
2009-08,ASN00070045,-35.1548,149.057,386
2009-08,ASN00070143,-34.6389,149.9541,250
2009-08,ASN00070054,-36.2009,149.0602,302
2009-08,ASN00070061,-35.5646,149.7406,240
2009-08,ASN00070071,-34.6514,149.5024,438
2009-08,ASN00070077,-34.9031,149.67,248
2009-08,ASN00070080,-34.4048,149.8197,296
2009-08,ASN00070084,-36.9325,148.9393,268
2009-08,ASN00070106,-36.8439,149.3897,260
2009-08,ASN00070112,-34.7226,149.1816,390
2009-08,ASN00070117,-34.7169,149.1207,368
2009-08,ASN00070124,-34.3024,149.8767,426
2009-08,ASN00070060,-35.1559,149.7725,280
2009-08,ASN00064008,-31.2712,149.2714,140
2009-08,ASN00068229,-35.2439,150.5098,122
2009-08,ASN00068224,-34.5858,150.6264,80
2009-08,ASN00065098,-32.6833,148.9167,2
2009-08,ASN00065099,-32.3778,148.8741,114
2009-08,ASN00065103,-33.3627,147.9205,98
2009-08,ASN00065106,-32.0358,148.6552,56
2009-08,ASN00065111,-33.8449,148.6497,114
2009-08,ASN00065112,-33.4818,148.2608,116
2009-08,ASN00066011,-33.8,151.2,60
2009-08,ASN00066013,-33.8523,151.0985,52
2009-08,ASN00066034,-33.8507,151.1295,64
2009-08,ASN00065096,-33.2682,148.3945,126
2009-08,ASN00066036,-33.9186,151.1402,40
2009-08,ASN00066048,-33.8483,151.1105,44
2009-08,ASN00066052,-33.9096,151.2419,62
2009-08,ASN00066058,-33.9942,151.1292,40
2009-08,ASN00066059,-33.6908,151.2253,64
2009-08,ASN00066073,-33.9105,151.2276,98
2009-08,ASN00066078,-34.0517,150.98,36
2009-08,ASN00066080,-33.7809,151.2044,60
2009-08,ASN00066098,-33.8809,151.2658,60
2009-08,ASN00066124,-33.7917,151.0181,50
2009-08,ASN00066037,-33.9465,151.1731,64
2009-08,ASN00066128,-33.5965,151.3221,36
2009-08,ASN00065084,-33.3711,148.5917,158
2009-08,ASN00065068,-33.1281,148.2428,124
2009-08,ASN00064010,-32.1141,149.0365,106
2009-08,ASN00064015,-31.8227,149.1217,42
2009-08,ASN00064017,-31.3304,149.2699,164
2009-08,ASN00064024,-31.5622,148.9547,41
2009-08,ASN00064025,-31.8231,149.72,38
2009-08,ASN00064027,-31.3125,149.2048,178
2009-08,ASN00064029,-32.0156,149.3925,30
2009-08,ASN00064050,-31.646,149.6209,68
2009-08,ASN00064054,-31.7914,149.6705,62
2009-08,ASN00065070,-32.2206,148.5753,100
2009-08,ASN00065000,-32.4975,148.7488,88
2009-08,ASN00065013,-33.4278,148.3721,30
2009-08,ASN00065019,-33.6146,148.435,115
2009-08,ASN00065020,-33.183,148.6941,109
2009-08,ASN00065022,-33.1628,148.5879,166
2009-08,ASN00065023,-33.0866,148.8598,232
2009-08,ASN00065030,-32.5192,148.5187,108
2009-08,ASN00065034,-32.5635,148.9503,129
2009-08,ASN00065041,-33.0956,148.8692,208
2009-08,ASN00065051,-32.9283,148.7547,226
2009-08,ASN00065010,-33.2869,148.7396,188
2009-08,ASN00068228,-34.3691,150.9291,48
2009-08,ASN00066137,-33.9181,150.9864,58
2009-08,ASN00066156,-33.7791,151.1121,70
2009-08,ASN00068007,-34.0254,150.6455,104
2009-08,ASN00068024,-34.2272,150.9111,54
2009-08,ASN00068035,-34.6642,150.7586,106
2009-08,ASN00068044,-34.4474,150.4568,118
2009-08,ASN00068072,-34.9469,150.5353,104
2009-08,ASN00068080,-34.9158,150.7312,104
2009-08,ASN00068083,-34.9282,150.7484,94
2009-08,ASN00068088,-35.0938,150.6228,132
2009-08,ASN00068110,-34.4829,150.8555,18
2009-08,ASN00068000,-34.5712,150.7761,18
2009-08,ASN00068125,-34.0904,150.5052,46
2009-08,ASN00068160,-34.0542,150.8772,10
2009-08,ASN00068181,-34.7275,150.5208,90
2009-08,ASN00068192,-34.0391,150.689,70
2009-08,ASN00068200,-34.2075,150.7095,112
2009-08,ASN00068202,-34.6033,150.5487,188
2009-08,ASN00068213,-34.8667,150.605,90
2009-08,ASN00068215,-34.4167,150.1967,70
2009-08,ASN00068216,-34.1194,150.7402,70
2009-08,ASN00068217,-34.6866,150.5253,104
2009-08,ASN00068151,-35.0936,150.8049,160
2009-08,ASN00066142,-33.6761,151.1818,70
2009-08,ASN00067119,-33.8511,150.8567,30
2009-08,ASN00067113,-33.7195,150.6783,80
2009-08,ASN00066176,-34.0658,151.0567,50
2009-08,ASN00066188,-33.7402,151.2173,52
2009-08,ASN00066194,-33.9057,151.1134,62
2009-08,ASN00066204,-34.0009,151.0738,26
2009-08,ASN00067002,-33.6667,150.6696,90
2009-08,ASN00067017,-33.8136,150.9392,86
2009-08,ASN00067019,-33.8193,150.9127,59
2009-08,ASN00067021,-33.6165,150.7477,46
2009-08,ASN00067023,-33.4972,151.0931,50
2009-08,ASN00067114,-33.8667,150.8611,20
2009-08,ASN00067026,-33.7704,150.9318,71
2009-08,ASN00067033,-33.6022,150.7794,69
2009-08,ASN00067094,-33.4383,150.8917,48
2009-08,ASN00067104,-33.6617,150.9,20
2009-08,ASN00067105,-33.6004,150.7761,68
2009-08,ASN00067108,-33.8969,150.7281,38
2009-08,ASN00067109,-33.7678,150.9814,60
2009-08,ASN00067110,-33.7858,150.9236,80
2009-08,ASN00067111,-33.7931,151.0167,45
2009-08,ASN00067112,-33.7672,151.0186,70
2009-08,ASN00067027,-33.8902,150.5934,44
2009-08,ASN00058171,-28.9263,153.4178,30
2009-08,ASN00041096,-27.5094,151.9547,66
2009-08,ASN00058165,-28.6229,153.409,20
2009-08,ASN00044040,-26.1108,144.8728,0
2009-08,ASN00044041,-25.9719,146.6189,0
2009-08,ASN00044044,-26.3453,147.1258,0
2009-08,ASN00044045,-27.4133,147.4314,0
2009-08,ASN00044047,-26.44,147.6942,0
2009-08,ASN00044050,-26.4156,147.1131,8
2009-08,ASN00044054,-28.8061,147.1194,8
2009-08,ASN00044056,-26.4458,147.5453,12
2009-08,ASN00044057,-25.4992,146.5442,10
2009-08,ASN00044038,-27.02,147.1536,22
2009-08,ASN00044070,-26.375,147.0394,0
2009-08,ASN00044111,-25.8517,146.1894,0
2009-08,ASN00044137,-27.8717,148.0344,26
2009-08,ASN00044142,-27.6844,147.6981,0
2009-08,ASN00044153,-28.1631,145.0431,56
2009-08,ASN00044154,-28.3875,148.3111,0
2009-08,ASN00044174,-27.62,145.8281,0
2009-08,ASN00044181,-28.9972,144.4094,0
2009-08,ASN00044208,-26.1394,145.6639,2
2009-08,ASN00044211,-25.3353,147.3,10
2009-08,ASN00044075,-27.265,148.0814,30
2009-08,ASN00044223,-25.4536,147.3031,30
2009-08,ASN00044026,-28.0706,145.6808,14
2009-08,ASN00044010,-28.0336,147.4803,15
2009-08,ASN00043043,-26.6133,149.3878,30
2009-08,ASN00043045,-28.0944,148.9731,0
2009-08,ASN00043051,-26.2625,149.2389,22
2009-08,ASN00043052,-27.0006,149.4969,12
2009-08,ASN00043054,-25.8428,148.5669,6
2009-08,ASN00043060,-26.0756,147.9044,12
2009-08,ASN00043061,-25.9847,148.5567,54
2009-08,ASN00043065,-27.7683,148.7147,150
2009-08,ASN00043080,-27.2275,148.7411,28
2009-08,ASN00044021,-26.4139,146.2558,2
2009-08,ASN00043091,-26.5442,148.7778,12
2009-08,ASN00043095,-27.3867,149.3878,20
2009-08,ASN00043099,-26.82,148.0244,6
2009-08,ASN00043101,-27.3117,148.8267,30
2009-08,ASN00043102,-26.49,147.9792,10
2009-08,ASN00043105,-26.4083,148.7833,10
2009-08,ASN00043106,-26.5089,148.1314,14
2009-08,ASN00043108,-25.96,148.3867,14
2009-08,ASN00043109,-28.0489,148.5942,2
2009-08,ASN00043112,-26.7997,148.5989,0
2009-08,ASN00043093,-26.6064,148.5372,20
2009-08,ASN00043037,-26.2094,149.0894,20
2009-08,ASN00045007,-26.1133,144.1333,0
2009-08,ASN00045015,-26.6125,144.2578,0
2009-08,ASN00047056,-32.419,141.5525,54
2009-08,ASN00047058,-32.3902,142.4164,77
2009-08,ASN00047078,-33.2714,141.5962,118
2009-08,ASN00047093,-33.7492,142.2205,4
2009-08,ASN00047104,-32.804,141.5096,126
2009-08,ASN00047106,-32.9703,142.3855,138
2009-08,ASN00047107,-34.3206,142.3645,100
2009-08,ASN00048015,-29.9614,146.8651,30
2009-08,ASN00048025,-29.3513,146.8126,22
2009-08,ASN00047053,-34.1065,141.9189,112
2009-08,ASN00048027,-31.484,145.8294,10
2009-08,ASN00048047,-29.1509,148.6252,0
2009-08,ASN00048079,-29.7029,144.1482,54
2009-08,ASN00048115,-31.424,145.2539,26
2009-08,ASN00048168,-29.1173,147.8993,6
2009-08,ASN00048237,-31.5389,145.7964,6
2009-08,ASN00048238,-30.1749,146.9724,20
2009-08,ASN00048243,-29.431,147.9722,41
2009-08,ASN00048245,-30.0362,145.9521,10
2009-08,ASN00049000,-32.8831,144.3088,32
2009-08,ASN00048031,-29.5407,148.5818,30
2009-08,ASN00045009,-27.4008,141.8114,2
2009-08,ASN00047049,-32.0682,141.1097,92
2009-08,ASN00047046,-33.2552,141.7984,78
2009-08,ASN00045025,-27.9867,143.815,17
2009-08,ASN00045029,-28.0722,141.5317,0
2009-08,ASN00046002,-29.7656,143.1142,0
2009-08,ASN00046006,-29.0885,141.2033,0
2009-08,ASN00046012,-31.5194,143.385,24
2009-08,ASN00046015,-31.4459,142.1352,18
2009-08,ASN00046022,-31.4469,143.6548,10
2009-08,ASN00046043,-31.5631,143.3747,24
2009-08,ASN00046052,-29.4089,143.3808,22
2009-08,ASN00047048,-32.0012,141.4694,92
2009-08,ASN00046124,-29.8718,142.434,6
2009-08,ASN00046128,-31.0867,141.7017,44
2009-08,ASN00046129,-30.8517,143.0742,20
2009-08,ASN00047013,-32.9669,143.1071,84
2009-08,ASN00047016,-34.0398,141.2652,103
2009-08,ASN00047019,-32.3937,142.4173,86
2009-08,ASN00047022,-32.4757,143.9409,42
2009-08,ASN00047029,-33.3856,142.5696,138
2009-08,ASN00047033,-33.4268,142.5719,90
2009-08,ASN00047040,-33.9297,142.3572,114
2009-08,ASN00046126,-29.4448,142.0567,2
2009-08,ASN00049002,-34.6398,143.561,126
2009-08,ASN00043035,-27.159,149.0703,28
2009-08,ASN00043015,-25.8428,148.5669,14
2009-08,ASN00041323,-28.0187,152.2861,40
2009-08,ASN00041338,-28.8,151.8433,34
2009-08,ASN00041339,-27.2131,151.1856,0
2009-08,ASN00041344,-28.2075,151.5608,0
2009-08,ASN00041348,-28.1667,150.6444,6
2009-08,ASN00041359,-27.4034,151.7413,74
2009-08,ASN00041365,-28.6514,151.6336,22
2009-08,ASN00041369,-27.5233,151.8819,44
2009-08,ASN00041370,-28.1236,150.5431,0
2009-08,ASN00041314,-27.7578,151.4483,42
2009-08,ASN00041371,-28.4572,151.6817,44
2009-08,ASN00041391,-28.3611,151.1464,10
2009-08,ASN00041397,-28.1422,150.1319,26
2009-08,ASN00041404,-27.9592,151.6664,16
2009-08,ASN00041405,-27.7952,151.7387,30
2009-08,ASN00041415,-28.2367,151.5347,6
2009-08,ASN00041445,-28.2144,151.9194,6
2009-08,ASN00041456,-28.0621,152.3675,10
2009-08,ASN00041457,-28.4225,151.2131,70
2009-08,ASN00041464,-28.1553,152.33,24
2009-08,ASN00041388,-28.055,151.3297,10
2009-08,ASN00041469,-27.0289,151.0947,24
2009-08,ASN00041277,-26.7675,151.2075,24
2009-08,ASN00041250,-27.7894,151.4133,24
2009-08,ASN00070334,-35.1138,149.9624,208
2009-08,ASN00041098,-28.2858,152.2425,38
2009-08,ASN00041100,-28.8544,151.1681,20
2009-08,ASN00041106,-27.9651,152.0752,20
2009-08,ASN00041112,-28.4033,150.0517,30
2009-08,ASN00041116,-28.9231,151.9306,16
2009-08,ASN00041128,-28.4997,150.5928,44
2009-08,ASN00041134,-28.3128,152.4025,34
2009-08,ASN00041145,-26.8397,151.165,46
2009-08,ASN00041276,-27.9292,152.1606,0
2009-08,ASN00041152,-27.9753,150.9225,10
2009-08,ASN00041166,-27.6764,151.6022,52
2009-08,ASN00041170,-27.5433,151.6383,60
2009-08,ASN00041175,-28.6217,151.9533,30
2009-08,ASN00041182,-27.1667,151.5697,190
2009-08,ASN00041191,-27.2627,151.3747,156
2009-08,ASN00041208,-28.3542,152.3392,40
2009-08,ASN00041229,-28.0775,152.2625,8
2009-08,ASN00041230,-28.7208,151.1825,22
2009-08,ASN00041240,-27.1858,151.1419,14
2009-08,ASN00041162,-28.2694,150.8106,2
2009-08,ASN00043020,-26.4888,147.9777,12
2009-08,ASN00041473,-28.1022,151.8119,20
2009-08,ASN00041489,-28.3011,150.2936,18
2009-08,ASN00041540,-29.1694,151.3414,48
2009-08,ASN00041543,-28.0719,151.1861,0
2009-08,ASN00041545,-27.6539,150.9136,16
2009-08,ASN00041546,-27.9803,150.515,14
2009-08,ASN00041547,-28.9236,151.9289,54
2009-08,ASN00041548,-28.8675,151.1611,10
2009-08,ASN00041551,-26.9669,151.4847,30
2009-08,ASN00042002,-27.2067,150.2828,40
2009-08,ASN00042016,-27.3411,150.0619,20
2009-08,ASN00041537,-28.3394,152.2944,10
2009-08,ASN00042022,-27.3236,149.8828,26
2009-08,ASN00042025,-26.5519,150.6322,24
2009-08,ASN00042034,-27.1689,150.0019,22
2009-08,ASN00042035,-26.6439,149.6278,31
2009-08,ASN00042078,-26.9186,150.4722,34
2009-08,ASN00042100,-27.7644,150.0694,30
2009-08,ASN00042104,-28.3839,149.6747,30
2009-08,ASN00042112,-26.6569,150.1819,38
2009-08,ASN00042115,-28.0697,149.9794,14
2009-08,ASN00042116,-28.23,149.5617,4
2009-08,ASN00042023,-26.6581,150.1844,40
2009-08,ASN00041486,-26.9575,150.8633,34
2009-08,ASN00041536,-28.2883,152.1053,10
2009-08,ASN00041534,-28.2111,152.0275,0
2009-08,ASN00041490,-26.9,150.7833,40
2009-08,ASN00041493,-27.4967,150.4539,82
2009-08,ASN00041495,-28.4828,151.2831,40
2009-08,ASN00041503,-28.2167,152.05,0
2009-08,ASN00041504,-27.7358,151.4117,0
2009-08,ASN00041506,-28.6561,150.6653,6
2009-08,ASN00041507,-28.6656,150.445,22
2009-08,ASN00041508,-27.7267,150.6453,20
2009-08,ASN00041509,-27.6783,150.3483,36
2009-08,ASN00041535,-28.3731,152.14,10
2009-08,ASN00041510,-27.4722,151.9481,100
2009-08,ASN00041519,-28.5767,150.845,0
2009-08,ASN00041522,-27.1605,151.2634,12
2009-08,ASN00041525,-28.2061,152.1003,6
2009-08,ASN00041528,-27.0481,151.6314,44
2009-08,ASN00041529,-27.5425,151.9134,42
2009-08,ASN00041530,-28.2006,152.2156,0
2009-08,ASN00041531,-28.1167,152.0642,10
2009-08,ASN00041532,-28.3558,151.9967,10
2009-08,ASN00041533,-28.2292,152.2269,0
2009-08,ASN00041512,-27.3825,151.9244,66
2009-08,ASN00058167,-28.4147,153.3339,0
2009-08,ASN00049023,-34.4523,142.9109,95
2009-08,ASN00049055,-34.1953,143.7916,85
2009-08,ASN00056037,-30.5264,151.6697,230
2009-08,ASN00056052,-29.0988,151.7416,90
2009-08,ASN00056057,-30.0867,151.3909,180
2009-08,ASN00056077,-31.0678,151.5022,218
2009-08,ASN00056094,-29.5488,151.9942,114
2009-08,ASN00056098,-29.5817,151.9483,86
2009-08,ASN00056100,-29.6315,151.5561,172
2009-08,ASN00056111,-29.7799,151.3503,127
2009-08,ASN00056141,-28.8867,152.1144,60
2009-08,ASN00056034,-30.6437,151.4906,202
2009-08,ASN00056161,-30.1575,151.8774,168
2009-08,ASN00056202,-28.9776,152.1552,38
2009-08,ASN00056205,-29.8995,151.965,30
2009-08,ASN00056207,-28.5417,151.9909,68
2009-08,ASN00056229,-30.2126,151.6787,210
2009-08,ASN00056234,-30.9874,151.5855,290
2009-08,ASN00056236,-31.0109,151.6246,276
2009-08,ASN00056237,-29.8025,151.2726,20
2009-08,ASN00056238,-30.5273,151.6158,244
2009-08,ASN00056239,-28.7014,152.0974,28
2009-08,ASN00056176,-30.1369,151.2581,117
2009-08,ASN00056240,-30.3358,151.7367,110
2009-08,ASN00056032,-29.0479,152.0172,88
2009-08,ASN00056023,-28.3933,152.4157,82
2009-08,ASN00055202,-30.9537,150.2494,36
2009-08,ASN00055220,-30.9585,150.1505,56
2009-08,ASN00055254,-30.7902,150.629,88
2009-08,ASN00055257,-31.2208,150.8213,152
2009-08,ASN00055262,-31.3505,151.3177,266
2009-08,ASN00055276,-30.8828,150.4928,48
2009-08,ASN00055282,-31.4753,150.5439,76
2009-08,ASN00055303,-30.8098,150.7524,84
2009-08,ASN00055309,-31.1472,151.2306,242
2009-08,ASN00056028,-30.7338,151.5105,248
2009-08,ASN00055311,-31.2171,150.8185,94
2009-08,ASN00055319,-30.6126,150.5862,138
2009-08,ASN00055325,-31.0742,150.8362,118
2009-08,ASN00055331,-30.7299,150.5784,104
2009-08,ASN00055335,-31.5347,151.1806,140
2009-08,ASN00056001,-29.7183,151.355,2
2009-08,ASN00056008,-29.4421,151.8483,4
2009-08,ASN00056010,-30.9406,151.7078,264
2009-08,ASN00056013,-29.6953,151.6936,207
2009-08,ASN00056018,-29.7752,151.0819,92
2009-08,ASN00055313,-31.2717,150.9167,142
2009-08,ASN00055183,-31.2962,150.8606,60
2009-08,ASN00056242,-29.7796,151.1121,102
2009-08,ASN00057003,-28.737,152.6228,26
2009-08,ASN00058040,-28.5451,153.4948,0
2009-08,ASN00058044,-28.5966,153.2233,42
2009-08,ASN00058045,-29.9691,152.7265,30
2009-08,ASN00058056,-28.2025,153.5502,20
2009-08,ASN00058059,-29.6309,153.0286,22
2009-08,ASN00058068,-29.4133,153.0153,22
2009-08,ASN00058070,-28.6384,153.4128,42
2009-08,ASN00058077,-29.6224,152.9605,22
2009-08,ASN00058079,-29.7619,153.1047,62
2009-08,ASN00058036,-28.31,153.2228,10
2009-08,ASN00058080,-29.87,153.2653,76
2009-08,ASN00058099,-29.2822,152.9888,32
2009-08,ASN00058102,-29.737,152.7852,0
2009-08,ASN00058113,-28.4738,153.0861,32
2009-08,ASN00058127,-28.7319,153.4065,55
2009-08,ASN00058147,-28.6696,153.2789,23
2009-08,ASN00058148,-28.5276,153.1519,4
2009-08,ASN00058158,-28.3395,153.3809,4
2009-08,ASN00058161,-29.7583,153.0297,12
2009-08,ASN00058162,-28.7278,153.4622,60
2009-08,ASN00058097,-29.1514,153.2792,33
2009-08,ASN00056243,-29.678,151.694,222
2009-08,ASN00058027,-29.4227,153.2533,14
2009-08,ASN00058020,-28.2886,153.3651,36
2009-08,ASN00057005,-28.9279,152.3759,24
2009-08,ASN00057018,-28.8914,152.5663,4
2009-08,ASN00057023,-30.2892,152.1701,34
2009-08,ASN00057024,-28.3879,152.6083,60
2009-08,ASN00057028,-30.5644,151.907,131
2009-08,ASN00057035,-31.1333,152.1253,100
2009-08,ASN00057091,-30.7167,151.8531,104
2009-08,ASN00057093,-29.5101,152.4897,98
2009-08,ASN00057095,-28.7551,152.4507,4
2009-08,ASN00058023,-28.7908,153.3958,9
2009-08,ASN00057103,-30.0093,152.0101,148
2009-08,ASN00057114,-29.1967,152.595,30
2009-08,ASN00057119,-30.889,151.8547,272
2009-08,ASN00057123,-29.7603,152.2057,64
2009-08,ASN00057124,-30.4833,152.398,48
2009-08,ASN00057125,-30.3969,152.358,65
2009-08,ASN00058005,-28.3981,153.1731,10
2009-08,ASN00058007,-28.6369,153.588,22
2009-08,ASN00058012,-29.4333,153.3633,23
2009-08,ASN00058019,-28.5314,153.3151,4
2009-08,ASN00057104,-31.2739,151.9655,138
2009-08,ASN00049045,-34.5594,143.0754,74
2009-08,ASN00055181,-31.2547,151.1208,195
2009-08,ASN00055164,-31.1805,151.3031,322
2009-08,ASN00051033,-31.8576,147.1343,20
2009-08,ASN00051034,-31.4986,147.6865,10
2009-08,ASN00051042,-30.9252,147.869,15
2009-08,ASN00051049,-31.9861,147.9489,46
2009-08,ASN00051057,-30.6998,147.2232,0
2009-08,ASN00051066,-31.9478,148.62,38
2009-08,ASN00051122,-31.5558,148.5981,10
2009-08,ASN00051133,-31.2294,148.8861,48
2009-08,ASN00051160,-31.7069,148.6358,0
2009-08,ASN00051026,-31.5629,146.7181,2
2009-08,ASN00051161,-30.9776,148.3798,22
2009-08,ASN00052020,-28.9786,148.9899,29
2009-08,ASN00052023,-30.3515,148.8843,64
2009-08,ASN00052067,-29.8136,148.9104,40
2009-08,ASN00052088,-30.0372,148.1223,64
2009-08,ASN00053002,-30.9469,149.0654,18
2009-08,ASN00053003,-29.9182,149.7919,6
2009-08,ASN00053018,-28.9917,150.017,0
2009-08,ASN00053033,-29.4748,150.1359,54
2009-08,ASN00053034,-30.1187,149.3232,26
2009-08,ASN00052016,-30.6088,148.972,80
2009-08,ASN00053035,-29.8401,149.3207,40
2009-08,ASN00051018,-31.7055,148.6625,0
2009-08,ASN00050141,-33.055,147.4427,92
2009-08,ASN00049061,-32.3884,144.7456,72
2009-08,ASN00049063,-33.052,144.1444,35
2009-08,ASN00049092,-33.6959,144.2757,84
2009-08,ASN00049103,-32.1698,144.2007,60
2009-08,ASN00049105,-32.5187,146.2819,84
2009-08,ASN00049132,-33.1898,145.3067,30
2009-08,ASN00049133,-33.516,144.7651,70
2009-08,ASN00050010,-33.5159,147.2541,84
2009-08,ASN00050014,-33.0818,147.1524,60
2009-08,ASN00051008,-32.4581,148.1491,58
2009-08,ASN00050017,-33.9382,147.1962,102
2009-08,ASN00050037,-32.6309,147.5659,0
2009-08,ASN00050045,-33.8486,146.8261,94
2009-08,ASN00050052,-33.0664,147.2283,107
2009-08,ASN00050108,-32.5724,147.2162,64
2009-08,ASN00050110,-32.6358,148.058,108
2009-08,ASN00050117,-32.8952,148.2811,108
2009-08,ASN00050119,-32.9365,148.2452,68
2009-08,ASN00050137,-33.0682,147.2133,106
2009-08,ASN00050139,-32.5613,148.3353,94
2009-08,ASN00050031,-32.7235,148.1902,166
2009-08,ASN00055176,-31.2573,151.0842,138
2009-08,ASN00053041,-28.8697,150.0903,22
2009-08,ASN00053073,-30.7632,149.0008,28
2009-08,ASN00054141,-29.5833,150.37,35
2009-08,ASN00054146,-29.2333,151.3833,15
2009-08,ASN00054149,-30.1872,149.8642,30
2009-08,ASN00054160,-29.1199,151.2942,44
2009-08,ASN00055000,-30.9113,150.8579,98
2009-08,ASN00055002,-31.2342,149.8345,66
2009-08,ASN00055006,-31.6405,150.2356,96
2009-08,ASN00055007,-30.7056,150.0458,76
2009-08,ASN00055016,-30.9963,151.2292,227
2009-08,ASN00054128,-29.8866,150.8951,90
2009-08,ASN00055041,-31.4605,151.1275,72
2009-08,ASN00055049,-31.5086,150.6792,76
2009-08,ASN00055053,-31.346,149.8285,76
2009-08,ASN00055057,-31.7731,150.2856,58
2009-08,ASN00055065,-31.166,150.5441,10
2009-08,ASN00055066,-31.6218,150.8437,100
2009-08,ASN00055105,-30.7967,150.8647,114
2009-08,ASN00055122,-30.8415,150.9097,136
2009-08,ASN00055136,-30.9672,151.3451,185
2009-08,ASN00055157,-31.0853,150.658,88
2009-08,ASN00055046,-31.5271,150.4296,62
2009-08,ASN00053044,-30.2257,149.4452,45
2009-08,ASN00054125,-30.1312,150.1462,70
2009-08,ASN00054117,-30.2244,150.723,12
2009-08,ASN00053081,-30.8043,149.1246,0
2009-08,ASN00053085,-28.9665,149.6721,0
2009-08,ASN00053115,-29.4914,149.8458,42
2009-08,ASN00054003,-30.3781,150.6096,63
2009-08,ASN00054004,-29.8673,150.5715,73
2009-08,ASN00054013,-29.654,150.8291,92
2009-08,ASN00054023,-30.2948,150.8103,59
2009-08,ASN00054027,-29.5581,150.8871,58
2009-08,ASN00054029,-29.5416,150.5754,58
2009-08,ASN00054124,-29.2743,150.2658,50
2009-08,ASN00054038,-30.3154,149.8302,38
2009-08,ASN00054049,-29.405,150.9012,82
2009-08,ASN00054073,-29.6448,151.2362,110
2009-08,ASN00054074,-29.6613,151.0196,80
2009-08,ASN00054076,-29.64,151.4297,84
2009-08,ASN00054078,-29.6754,151.1527,100
2009-08,ASN00054082,-29.6382,151.4055,168
2009-08,ASN00054102,-30.3735,150.6723,64
2009-08,ASN00054104,-29.3899,151.2448,65
2009-08,ASN00054114,-30.0977,151.0089,138
2009-08,ASN00054046,-29.3992,151.4107,94
2009-08,ASN00070335,-35.2,149.955,120
2009-08,ASN00086020,-37.9551,145.0782,475
2009-08,ASN00070339,-35.4184,149.0937,318
2009-08,ASN00089085,-37.2775,142.9811,688
2009-08,ASN00089103,-37.9708,143.2189,886
2009-08,ASN00089106,-37.4152,143.6718,890
2009-08,ASN00089107,-37.3494,143.2956,1024
2009-08,ASN00089109,-37.3598,143.1961,770
2009-08,ASN00089111,-37.5174,143.7791,720
2009-08,ASN00089112,-37.7067,142.9378,942
2009-08,ASN00090001,-38.7481,143.6635,2136
2009-08,ASN00090005,-38.1954,143.6399,606
2009-08,ASN00090008,-38.3372,143.7844,558
2009-08,ASN00090010,-37.8595,141.7708,982
2009-08,ASN00090013,-38.3215,141.406,1076
2009-08,ASN00090015,-38.8556,143.5128,1706
2009-08,ASN00090021,-38.3291,143.0779,704
2009-08,ASN00090022,-38.2798,143.6613,1076
2009-08,ASN00090024,-37.6044,141.6853,274
2009-08,ASN00090026,-37.3443,141.6861,1090
2009-08,ASN00090033,-37.3563,141.2103,1138
2009-08,ASN00090035,-38.2333,143.7925,906
2009-08,ASN00089084,-37.9333,143.8667,660
2009-08,ASN00089074,-37.9477,143.2222,966
2009-08,ASN00089068,-37.9324,143.7864,596
2009-08,ASN00089048,-37.517,143.9275,918
2009-08,ASN00088123,-37.25,144.4378,696
2009-08,ASN00088126,-37.0213,145.1091,586
2009-08,ASN00088130,-37.4234,145.7085,1004
2009-08,ASN00088137,-37.1644,143.5532,490
2009-08,ASN00088138,-37.2348,144.9962,787
2009-08,ASN00088162,-37.3807,144.9654,720
2009-08,ASN00088164,-37.2091,145.8423,628
2009-08,ASN00089002,-37.5127,143.7911,648
2009-08,ASN00089003,-37.2472,141.8415,1150
2009-08,ASN00090036,-37.9695,141.3077,1152
2009-08,ASN00089009,-37.5267,142.0414,896
2009-08,ASN00089011,-37.6467,142.3419,740
2009-08,ASN00089016,-37.711,142.8395,520
2009-08,ASN00089018,-37.9543,143.3437,712
2009-08,ASN00089019,-37.4043,142.3843,1228
2009-08,ASN00089022,-37.6472,142.2309,982
2009-08,ASN00089025,-37.6854,143.3654,462
2009-08,ASN00089033,-37.6901,142.7253,934
2009-08,ASN00089034,-37.5483,142.7393,280
2009-08,ASN00089043,-37.3909,141.9194,1074
2009-08,ASN00089010,-38.0297,143.6331,850
2009-08,ASN00090045,-38.1059,142.3216,558
2009-08,ASN00090055,-38.0339,141.9998,438
2009-08,ASN00090060,-38.4699,142.7502,1326
2009-08,ASN00090187,-38.4115,143.9771,1404
2009-08,ASN00090188,-38.4831,143.9142,1734
2009-08,ASN00091000,-41.5211,146.7158,1616
2009-08,ASN00091001,-41.2025,146.8156,2354
2009-08,ASN00091011,-40.6842,144.7181,2080
2009-08,ASN00091019,-41.8142,147.0922,1518
2009-08,ASN00091029,-41.4978,146.535,2274
2009-08,ASN00091032,-41.7244,147.3208,1532
2009-08,ASN00091034,-40.8842,145.2161,2784
2009-08,ASN00090186,-38.2867,142.4522,1272
2009-08,ASN00091039,-41.1839,146.4817,1636
2009-08,ASN00091053,-41.25,147.2169,560
2009-08,ASN00091055,-41.5406,146.1364,3468
2009-08,ASN00091060,-40.905,145.3492,3042
2009-08,ASN00091072,-41.4678,147.1628,922
2009-08,ASN00091077,-41.575,147.4508,2084
2009-08,ASN00091086,-41.2439,147.7353,3440
2009-08,ASN00091090,-41.4475,146.8744,2280
2009-08,ASN00091100,-40.4472,144.84,1908
2009-08,ASN00091107,-40.9972,145.7292,2340
2009-08,ASN00091041,-41.2383,146.9953,1902
2009-08,ASN00088121,-37.1425,144.9264,712
2009-08,ASN00090185,-38.5497,143.8594,2038
2009-08,ASN00090183,-38.6286,143.7306,2528
2009-08,ASN00090061,-38.421,143.8348,1272
2009-08,ASN00090062,-37.8824,142.4235,1070
2009-08,ASN00090063,-37.875,142.2895,502
2009-08,ASN00090067,-38.6196,142.9944,1911
2009-08,ASN00090070,-38.3846,141.6074,886
2009-08,ASN00090076,-38.6771,143.6826,2792
2009-08,ASN00090077,-38.2362,142.9166,1026
2009-08,ASN00090093,-38.7553,143.5103,2042
2009-08,ASN00090105,-37.7417,141.0657,1155
2009-08,ASN00090184,-38.4306,141.5437,1360
2009-08,ASN00090147,-38.3427,143.5848,398
2009-08,ASN00090165,-38.5582,143.1663,1600
2009-08,ASN00090167,-38.243,143.9887,879
2009-08,ASN00090171,-38.3148,141.4705,1298
2009-08,ASN00090173,-37.6486,142.0636,946
2009-08,ASN00090175,-38.3906,142.2347,1396
2009-08,ASN00090176,-38.0737,142.7744,834
2009-08,ASN00090180,-38.4583,144.0883,1038
2009-08,ASN00090181,-38.241,143.1393,621
2009-08,ASN00090182,-37.583,141.3339,980
2009-08,ASN00090153,-38.255,143.1256,436
2009-08,ASN00088119,-37.3167,145.7167,606
2009-08,ASN00088113,-37.3387,143.9861,598
2009-08,ASN00088110,-37.0809,144.2392,658
2009-08,ASN00086303,-37.8886,145.1928,608
2009-08,ASN00086305,-37.6369,144.9072,448
2009-08,ASN00086314,-38.1992,145.4933,767
2009-08,ASN00086350,-37.4187,144.977,507
2009-08,ASN00086358,-37.8586,145.6532,796
2009-08,ASN00086361,-38.3646,145.1785,778
2009-08,ASN00086364,-37.6594,145.4457,772
2009-08,ASN00086369,-37.9535,145.1655,520
2009-08,ASN00086373,-38.4612,145.3101,830
2009-08,ASN00086299,-38.0222,145.3561,734
2009-08,ASN00086374,-37.4652,145.2637,642
2009-08,ASN00086379,-37.7917,145.2433,589
2009-08,ASN00086383,-37.7239,145.4094,584
2009-08,ASN00086393,-38.4617,144.9019,886
2009-08,ASN00087006,-37.6018,144.2295,718
2009-08,ASN00087007,-37.743,144.1406,654
2009-08,ASN00087014,-37.5512,143.9322,890
2009-08,ASN00087016,-37.7654,144.1048,580
2009-08,ASN00087017,-37.4701,144.3069,1106
2009-08,ASN00087021,-37.8233,144.2078,472
2009-08,ASN00086377,-37.4225,145.0752,656
2009-08,ASN00087029,-37.2698,144.723,858
2009-08,ASN00086282,-37.6655,144.8321,356
2009-08,ASN00086265,-38.3142,145.1756,860
2009-08,ASN00086074,-37.8219,145.1906,404
2009-08,ASN00086076,-37.8019,145.3675,808
2009-08,ASN00086077,-37.98,145.0964,484
2009-08,ASN00086079,-38.2358,145.0667,204
2009-08,ASN00086088,-37.9142,145.0935,482
2009-08,ASN00086090,-37.7089,145.7855,1558
2009-08,ASN00086096,-37.7214,145.0059,474
2009-08,ASN00086104,-37.871,145.2561,656
2009-08,ASN00086105,-38.4282,145.0412,891
2009-08,ASN00086281,-38.3343,145.6696,1062
2009-08,ASN00086111,-37.9445,145.1764,432
2009-08,ASN00086119,-38.4836,145.1766,882
2009-08,ASN00086127,-38.6078,145.5965,1366
2009-08,ASN00086131,-37.5552,145.1259,570
2009-08,ASN00086142,-37.572,145.5014,28
2009-08,ASN00086210,-38.0651,145.1294,646
2009-08,ASN00086213,-38.3781,144.8997,624
2009-08,ASN00086223,-38.3391,145.0288,700
2009-08,ASN00086224,-37.9785,145.2235,690
2009-08,ASN00086232,-37.8303,144.9767,350
2009-08,ASN00086117,-37.477,145.1513,648
2009-08,ASN00091109,-41.1428,145.7058,3164
2009-08,ASN00087031,-37.8565,144.7566,312
2009-08,ASN00087036,-37.4155,144.5569,526
2009-08,ASN00088015,-37.3049,143.7776,562
2009-08,ASN00088020,-37.3432,144.1575,640
2009-08,ASN00088021,-37.1995,144.0141,520
2009-08,ASN00088023,-37.2313,145.9124,753
2009-08,ASN00088029,-36.9579,144.6935,626
2009-08,ASN00088031,-37.0695,145.4177,830
2009-08,ASN00088032,-37.0856,143.9977,586
2009-08,ASN00088037,-37.2535,144.3825,1006
2009-08,ASN00088042,-37.1965,144.3742,934
2009-08,ASN00088010,-37.2531,144.8614,520
2009-08,ASN00088043,-37.056,143.732,565
2009-08,ASN00088051,-37.0194,144.5203,648
2009-08,ASN00088056,-37.1714,143.701,354
2009-08,ASN00088060,-37.4475,145.2143,1074
2009-08,ASN00088061,-37.3449,144.5365,1128
2009-08,ASN00088064,-37.1225,144.8561,980
2009-08,ASN00088067,-37.2177,145.4211,508
2009-08,ASN00088103,-37.4958,145.7475,0
2009-08,ASN00088108,-37.1566,144.2079,654
2009-08,ASN00088109,-36.8886,145.1859,328
2009-08,ASN00088048,-37.105,144.0638,638
2009-08,ASN00087033,-37.991,144.4943,418
2009-08,ASN00088009,-36.9886,143.9747,610
2009-08,ASN00087178,-38.2504,144.5104,267
2009-08,ASN00087040,-37.7451,144.5687,378
2009-08,ASN00087042,-37.8539,144.11,722
2009-08,ASN00087043,-37.8197,144.1492,542
2009-08,ASN00087046,-37.6719,143.94,882
2009-08,ASN00087048,-37.8958,144.4387,421
2009-08,ASN00087095,-37.6111,144.3,640
2009-08,ASN00087113,-38.0287,144.4783,482
2009-08,ASN00087118,-37.3508,144.6067,972
2009-08,ASN00087119,-38.3687,144.0843,632
2009-08,ASN00088002,-36.893,145.2316,338
2009-08,ASN00087121,-37.6831,144.6664,450
2009-08,ASN00087135,-38.2832,144.4784,508
2009-08,ASN00087160,-38.3404,144.3101,372
2009-08,ASN00087161,-37.6292,144.5026,350
2009-08,ASN00087162,-38.1435,144.1872,554
2009-08,ASN00087168,-37.9075,144.1303,514
2009-08,ASN00087171,-37.5223,144.4779,834
2009-08,ASN00087173,-37.294,144.7066,822
2009-08,ASN00087175,-37.2732,144.5974,726
2009-08,ASN00087176,-37.7569,144.7511,322
2009-08,ASN00087124,-38.2504,144.0854,846
2009-08,ASN00091118,-41.5664,147.2444,1236
2009-08,ASN00091121,-40.9431,147.5922,1602
2009-08,ASN00091126,-41.1708,146.4267,1616
2009-08,ASN00094185,-43.0336,147.2128,1572
2009-08,ASN00094191,-43.2006,146.7683,2158
2009-08,ASN00094192,-43.4086,146.9567,1124
2009-08,ASN00094195,-42.4544,147.4614,1234
2009-08,ASN00094198,-43.4886,147.1444,960
2009-08,ASN00094204,-42.6525,147.3578,1138
2009-08,ASN00094212,-42.6867,147.4258,936
2009-08,ASN00094213,-43.1456,147.9617,364
2009-08,ASN00094214,-42.7033,147.1261,212
2009-08,ASN00094182,-42.5572,147.4033,1054
2009-08,ASN00094219,-43.1547,147.0539,1390
2009-08,ASN00094221,-42.8514,147.6211,598
2009-08,ASN00094222,-42.9742,147.295,1066
2009-08,ASN00094223,-42.97,147.3303,798
2009-08,ASN00094231,-42.9639,147.2022,1414
2009-08,ASN00094232,-42.8367,147.1931,1894
2009-08,ASN00094233,-42.6933,147.2617,1004
2009-08,ASN00094236,-43.3692,147.3442,1217
2009-08,ASN00094237,-42.9372,147.1378,2126
2009-08,ASN00094239,-42.9639,147.2428,1642
2009-08,ASN00094220,-42.9858,147.0742,1554
2009-08,ASN00095001,-42.3883,147.0061,1114
2009-08,ASN00094179,-43.0,146.928,952
2009-08,ASN00094175,-42.9725,147.0342,1848
2009-08,ASN00094030,-42.8667,147.3322,874
2009-08,ASN00094039,-43.3583,147.2342,972
2009-08,ASN00094040,-43.1983,147.0658,1398
2009-08,ASN00094041,-43.6578,146.2711,1366
2009-08,ASN00094043,-43.2319,147.2547,1216
2009-08,ASN00094048,-42.9981,147.4056,400
2009-08,ASN00094061,-42.9264,147.5203,650
2009-08,ASN00094064,-42.7619,147.6197,970
2009-08,ASN00094068,-43.1547,147.2386,1302
2009-08,ASN00094177,-42.7572,147.3817,788
2009-08,ASN00094071,-43.0153,147.9117,508
2009-08,ASN00094087,-42.8967,147.235,1818
2009-08,ASN00094097,-42.5436,147.5664,1670
2009-08,ASN00094111,-42.9519,147.3496,670
2009-08,ASN00094125,-43.0239,147.255,928
2009-08,ASN00094130,-42.7469,147.5511,758
2009-08,ASN00094151,-42.9742,147.1692,2058
2009-08,ASN00094155,-43.2397,148.0025,536
2009-08,ASN00094169,-43.0433,147.8667,938
2009-08,ASN00094172,-42.6531,147.3589,1220
2009-08,ASN00094082,-42.8569,147.4386,822
2009-08,ASN00094029,-42.8897,147.3278,984
2009-08,ASN00095003,-42.7097,146.8983,904
2009-08,ASN00095016,-42.3367,146.7475,1874
2009-08,ASN00097072,-42.155,145.2908,2870
2009-08,ASN00097080,-42.985,145.5022,2152
2009-08,ASN00097083,-43.0425,146.2722,3390
2009-08,ASN00097085,-41.8444,145.5419,650
2009-08,ASN00097091,-42.0961,145.5456,5540
2009-08,ASN00098000,-40.0092,144.1111,2214
2009-08,ASN00098004,-39.9097,144.0986,1864
2009-08,ASN00098011,-39.9283,143.8525,1748
2009-08,ASN00098017,-39.88,143.8831,1602
2009-08,ASN00097061,-42.7428,145.9811,5946
2009-08,ASN00098023,-39.9647,144.0772,2000
2009-08,ASN00099005,-40.0911,148.0024,1616
2009-08,ASN00099014,-40.0194,148.1825,1970
2009-08,ASN00099021,-40.1558,148.1853,2178
2009-08,ASN00099023,-40.1883,148.1178,1952
2009-08,ASN00099025,-40.2319,148.19,2110
2009-08,ASN00109501,-32.938,116.024,2216
2009-08,ASN00109505,-33.5958,115.8186,1380
2009-08,ASN00109507,-33.444,115.8536,974
2009-08,ASN00041095,-28.6617,151.9339,40
2009-08,ASN00099000,-40.3706,148.0231,2054
2009-08,ASN00095012,-42.4814,146.7114,1468
2009-08,ASN00097054,-41.8822,145.3358,5562
2009-08,ASN00097024,-43.0609,146.704,4204
2009-08,ASN00095046,-42.3811,147.0036,666
2009-08,ASN00095047,-42.3961,146.4897,2120
2009-08,ASN00095048,-42.4842,146.7106,1428
2009-08,ASN00095069,-42.8069,147.1144,1204
2009-08,ASN00095072,-42.8033,146.9878,1616
2009-08,ASN00095074,-42.7414,147.0489,1230
2009-08,ASN00095075,-42.6803,146.7756,1094
2009-08,ASN00095077,-42.6894,146.7122,2080
2009-08,ASN00095079,-42.8458,147.0294,1614
2009-08,ASN00097047,-41.4892,145.2083,4246
2009-08,ASN00096002,-42.1419,146.4931,2035
2009-08,ASN00096038,-42.0572,147.286,1470
2009-08,ASN00096046,-41.9822,146.7228,2164
2009-08,ASN00096069,-42.1289,146.2156,3990
2009-08,ASN00096070,-42.2558,146.8753,122
2009-08,ASN00096071,-42.1178,146.1772,5142
2009-08,ASN00096077,-41.5958,145.9311,6298
2009-08,ASN00097000,-42.1986,145.17,2140
2009-08,ASN00097006,-41.9933,145.5725,110
2009-08,ASN00097020,-42.0056,145.5419,2622
2009-08,ASN00096033,-41.8997,146.6694,2716
2009-08,ASN00086068,-37.7408,145.0972,456
2009-08,ASN00094027,-43.4144,146.8731,2646
2009-08,ASN00094022,-43.0431,147.4133,544
2009-08,ASN00091290,-41.6308,146.7,2360
2009-08,ASN00091291,-41.3886,146.3219,2504
2009-08,ASN00091292,-40.8347,145.0847,2380
2009-08,ASN00091293,-41.0556,146.7856,1782
2009-08,ASN00091299,-41.2431,147.4436,3572
2009-08,ASN00091304,-41.1164,145.8619,44
2009-08,ASN00091305,-41.3144,147.3803,3560
2009-08,ASN00091306,-41.7256,147.0794,1626
2009-08,ASN00091311,-41.5492,147.2144,1700
2009-08,ASN00091288,-41.6706,146.7278,2122
2009-08,ASN00091312,-41.4406,146.1228,2840
2009-08,ASN00091317,-41.5136,147.2028,678
2009-08,ASN00091321,-41.3961,145.9342,4008
2009-08,ASN00091325,-41.7292,147.2358,1340
2009-08,ASN00091332,-41.3528,146.4164,2444
2009-08,ASN00091340,-41.3592,147.01,1972
2009-08,ASN00091341,-41.3428,146.8964,2382
2009-08,ASN00091346,-41.2336,147.2064,2208
2009-08,ASN00092001,-41.9525,148.1839,1450
2009-08,ASN00092002,-41.7792,147.7225,1504
2009-08,ASN00091315,-41.51,147.0511,1660
2009-08,ASN00092003,-41.8739,148.3036,1173
2009-08,ASN00091286,-41.1208,146.8275,2026
2009-08,ASN00091267,-41.6494,146.6154,2802
2009-08,ASN00091150,-41.6419,146.5244,2562
2009-08,ASN00091153,-41.3356,146.2797,2372
2009-08,ASN00091156,-41.4717,146.6456,2342
2009-08,ASN00091161,-41.3886,146.5861,2218
2009-08,ASN00091171,-41.2708,146.5481,1874
2009-08,ASN00091186,-41.2039,146.265,752
2009-08,ASN00091197,-41.4864,147.4386,2426
2009-08,ASN00091198,-41.3917,147.4242,3692
2009-08,ASN00091219,-41.1708,147.4883,2124
2009-08,ASN00091271,-41.3959,147.3006,2824
2009-08,ASN00091223,-40.9089,144.7094,2046
2009-08,ASN00091236,-41.5128,146.8303,2033
2009-08,ASN00091237,-41.4194,147.1222,1724
2009-08,ASN00091245,-40.6828,144.69,2086
2009-08,ASN00091255,-41.2339,146.9294,1356
2009-08,ASN00091259,-41.1492,145.1517,3858
2009-08,ASN00091260,-41.4883,146.9047,990
2009-08,ASN00091262,-41.1333,146.8461,1647
2009-08,ASN00091263,-41.4889,147.2326,1568
2009-08,ASN00091266,-41.3972,146.4953,2174
2009-08,ASN00091227,-41.5267,146.6583,3178
2009-08,ASN00094025,-42.8494,147.2547,1558
2009-08,ASN00092005,-42.8122,147.8289,890
2009-08,ASN00092010,-42.5844,148.0636,867
2009-08,ASN00092134,-41.1256,147.8617,1460
2009-08,ASN00093002,-42.3958,147.3042,726
2009-08,ASN00093007,-42.2664,147.5281,1064
2009-08,ASN00093014,-42.3006,147.3711,1102
2009-08,ASN00093023,-42.4031,147.3908,1110
2009-08,ASN00093033,-41.9347,147.4931,1372
2009-08,ASN00093040,-42.3075,147.1672,1198
2009-08,ASN00093044,-41.8172,147.5664,1258
2009-08,ASN00093046,-42.305,147.5708,1538
2009-08,ASN00092129,-41.0458,148.2592,2302
2009-08,ASN00093049,-42.3696,147.4631,1446
2009-08,ASN00093052,-42.163,147.5805,1116
2009-08,ASN00093053,-42.025,147.4953,1256
2009-08,ASN00093055,-41.8658,147.4494,1434
2009-08,ASN00093059,-41.9311,147.4256,618
2009-08,ASN00094001,-42.4158,147.1347,1530
2009-08,ASN00094005,-42.7433,147.2372,1010
2009-08,ASN00094008,-42.8339,147.5033,574
2009-08,ASN00094010,-43.4892,147.1453,1260
2009-08,ASN00094020,-43.3167,147.0075,1546
2009-08,ASN00093051,-42.0317,147.4907,1212
2009-08,ASN00092008,-42.0117,148.0747,1780
2009-08,ASN00092124,-42.6619,148.0181,636
2009-08,ASN00092120,-41.3381,148.2792,1548
2009-08,ASN00092011,-40.9589,148.0086,2296
2009-08,ASN00092014,-41.5308,148.1969,2070
2009-08,ASN00092017,-42.7856,147.8086,802
2009-08,ASN00092019,-42.0067,147.7975,3014
2009-08,ASN00092020,-41.82,147.9551,2098
2009-08,ASN00092024,-41.4703,147.8919,2302
2009-08,ASN00092027,-42.5519,147.8753,1272
2009-08,ASN00092028,-42.5853,147.9142,470
2009-08,ASN00092030,-41.0825,147.9353,2612
2009-08,ASN00092123,-40.7292,148.125,626
2009-08,ASN00092045,-40.9928,148.3467,1470
2009-08,ASN00092051,-41.27,147.9492,4168
2009-08,ASN00092064,-41.5633,148.1414,3228
2009-08,ASN00092067,-40.8586,148.0178,1638
2009-08,ASN00092079,-42.2133,147.7831,2198
2009-08,ASN00092099,-42.7153,147.7525,1954
2009-08,ASN00092109,-41.4622,147.57,2816
2009-08,ASN00092111,-41.4342,147.7192,4096
2009-08,ASN00092113,-41.4136,148.2744,1098
2009-08,ASN00092114,-41.9953,148.2794,722
2009-08,ASN00092047,-42.2708,147.6942,2172
2009-08,ASN00086063,-38.2656,145.5692,722
2009-08,ASN00086039,-37.7915,144.9067,422
2009-08,ASN00086038,-37.7276,144.9066,302
2009-08,ASN00076037,-34.1928,141.5996,104
2009-08,ASN00076038,-35.2628,141.1789,202
2009-08,ASN00076043,-34.9272,142.1765,166
2009-08,ASN00076044,-35.1759,143.37,126
2009-08,ASN00076046,-35.167,143.2781,136
2009-08,ASN00076047,-35.0694,142.3158,202
2009-08,ASN00076050,-35.2555,143.3683,140
2009-08,ASN00076051,-34.362,141.9038,104
2009-08,ASN00076064,-35.1201,142.004,6
2009-08,ASN00076031,-34.2358,142.0867,82
2009-08,ASN00076067,-34.3883,141.5954,124
2009-08,ASN00076103,-35.189,142.3725,190
2009-08,ASN00076105,-34.7164,143.1506,44
2009-08,ASN00076106,-35.2484,141.0808,224
2009-08,ASN00076107,-35.2848,141.4949,212
2009-08,ASN00076109,-35.3678,141.0625,288
2009-08,ASN00076133,-34.1051,141.0166,146
2009-08,ASN00077001,-35.9809,143.6479,284
2009-08,ASN00077005,-35.6367,142.995,254
2009-08,ASN00077008,-35.9244,142.851,230
2009-08,ASN00076069,-34.9536,142.7392,80
2009-08,ASN00077009,-35.5504,142.9207,202
2009-08,ASN00076018,-35.1136,142.9194,138
2009-08,ASN00076012,-35.1702,143.0001,162
2009-08,ASN00075012,-35.4201,144.6002,194
2009-08,ASN00075016,-33.9871,145.3904,80
2009-08,ASN00075017,-33.17,146.642,60
2009-08,ASN00075026,-34.442,145.5612,100
2009-08,ASN00075032,-33.4915,145.5249,72
2009-08,ASN00075039,-33.2833,146.3707,30
2009-08,ASN00075041,-34.2487,146.0695,132
2009-08,ASN00075042,-34.476,144.3013,82
2009-08,ASN00075044,-33.8192,145.6235,82
2009-08,ASN00076017,-35.1945,143.04,168
2009-08,ASN00075046,-35.0885,144.0349,140
2009-08,ASN00075054,-35.2849,145.2098,154
2009-08,ASN00075062,-34.8096,144.1654,119
2009-08,ASN00075071,-35.2119,144.816,136
2009-08,ASN00075072,-33.9376,146.6062,106
2009-08,ASN00075079,-34.2502,146.1897,46
2009-08,ASN00075140,-34.1533,145.1409,76
2009-08,ASN00075142,-33.9247,145.5205,68
2009-08,ASN00075163,-33.3476,145.8703,80
2009-08,ASN00076000,-34.85,142.7811,130
2009-08,ASN00075049,-34.4456,144.1728,84
2009-08,ASN00075007,-33.8436,144.9073,48
2009-08,ASN00077010,-35.7151,142.3569,248
2009-08,ASN00077015,-35.5574,142.5432,220
2009-08,ASN00079028,-36.6722,142.2991,474
2009-08,ASN00079032,-36.8612,142.9332,568
2009-08,ASN00079036,-36.7416,141.9429,398
2009-08,ASN00079037,-36.9,143.1137,625
2009-08,ASN00079039,-36.9065,143.3384,630
2009-08,ASN00079040,-36.6189,143.2631,238
2009-08,ASN00079046,-37.0936,142.4344,1260
2009-08,ASN00079050,-37.3162,142.6975,792
2009-08,ASN00079075,-36.6287,142.6321,312
2009-08,ASN00079019,-37.1847,142.8553,546
2009-08,ASN00079078,-37.0607,141.9882,732
2009-08,ASN00079097,-37.1169,141.8031,846
2009-08,ASN00079099,-37.0222,141.2657,952
2009-08,ASN00079100,-36.6697,142.1731,492
2009-08,ASN00079103,-37.295,142.6039,1688
2009-08,ASN00079105,-37.068,142.7412,682
2009-08,ASN00079107,-36.8132,141.2599,888
2009-08,ASN00080002,-36.116,143.7229,272
2009-08,ASN00080004,-35.9741,143.8525,222
2009-08,ASN00080014,-36.1348,143.9186,246
2009-08,ASN00079079,-36.7913,143.1207,568
2009-08,ASN00077014,-35.717,143.1074,239
2009-08,ASN00079017,-36.7181,141.4729,630
2009-08,ASN00079015,-36.8721,142.6308,617
2009-08,ASN00077025,-35.4609,143.6286,198
2009-08,ASN00077028,-35.7955,142.8768,275
2009-08,ASN00077033,-35.3833,142.1869,166
2009-08,ASN00077039,-35.5046,142.8493,196
2009-08,ASN00077040,-35.5254,142.7267,238
2009-08,ASN00077052,-35.6803,142.6664,358
2009-08,ASN00077079,-36.0086,143.3719,280
2009-08,ASN00077082,-35.9338,142.2805,306
2009-08,ASN00077088,-35.987,142.915,76
2009-08,ASN00079016,-36.7281,142.7303,489
2009-08,ASN00077094,-35.3766,143.5416,160
2009-08,ASN00078013,-36.3986,141.8797,508
2009-08,ASN00078015,-36.3092,141.6486,374
2009-08,ASN00078038,-36.2705,142.2165,530
2009-08,ASN00078040,-36.2882,141.7347,516
2009-08,ASN00078072,-36.3697,142.9709,368
2009-08,ASN00078086,-36.14,141.9878,326
2009-08,ASN00079002,-36.9532,143.1976,630
2009-08,ASN00079003,-36.6994,143.1594,512
2009-08,ASN00079008,-36.9389,141.8714,630
2009-08,ASN00078010,-36.4644,142.0327,408
2009-08,ASN00080015,-36.1647,144.7642,190
2009-08,ASN00075004,-35.2847,144.5334,204
2009-08,ASN00074264,-35.4091,147.2479,445
2009-08,ASN00072101,-35.7112,147.4859,604
2009-08,ASN00072141,-35.725,148.4915,1214
2009-08,ASN00072142,-35.72,147.3103,626
2009-08,ASN00072146,-36.0692,146.9534,591
2009-08,ASN00072150,-35.1583,147.4573,330
2009-08,ASN00072156,-35.9333,147.7167,1168
2009-08,ASN00072159,-35.3019,147.9402,439
2009-08,ASN00072160,-36.069,146.9509,620
2009-08,ASN00072161,-35.9371,148.3779,1304
2009-08,ASN00072098,-35.3448,148.3837,604
2009-08,ASN00072162,-36.2304,148.1405,1124
2009-08,ASN00072169,-35.7108,148.0026,348
2009-08,ASN00073000,-34.1442,147.386,166
2009-08,ASN00073007,-34.9997,148.5984,476
2009-08,ASN00073014,-33.9029,148.1718,175
2009-08,ASN00073017,-34.0824,148.365,134
2009-08,ASN00073019,-34.8456,147.5714,250
2009-08,ASN00073021,-34.0391,148.5552,166
2009-08,ASN00073022,-34.6479,148.1606,232
2009-08,ASN00073025,-34.791,147.5592,254
2009-08,ASN00072163,-35.899,148.1821,774
2009-08,ASN00073029,-34.5495,148.3493,152
2009-08,ASN00072091,-35.9383,148.3842,1504
2009-08,ASN00072082,-35.5528,147.9827,839
2009-08,ASN00070340,-35.1837,149.1122,270
2009-08,ASN00070346,-35.1889,149.251,301
2009-08,ASN00070348,-35.8618,149.1321,402
2009-08,ASN00070349,-35.5293,148.7721,1038
2009-08,ASN00071000,-35.9962,148.7693,720
2009-08,ASN00071005,-36.5029,148.835,352
2009-08,ASN00071019,-36.5067,148.8281,304
2009-08,ASN00071021,-36.4818,148.5873,796
2009-08,ASN00071032,-36.4917,148.2859,1276
2009-08,ASN00072089,-35.9784,148.0855,908
2009-08,ASN00071041,-36.5031,148.304,3038
2009-08,ASN00072023,-36.1039,147.0329,708
2009-08,ASN00072042,-35.2765,147.7362,468
2009-08,ASN00072043,-35.778,148.0141,924
2009-08,ASN00072044,-35.3194,148.2341,556
2009-08,ASN00072050,-36.0355,147.2707,1268
2009-08,ASN00072053,-35.7542,147.8445,816
2009-08,ASN00072056,-35.3947,148.247,647
2009-08,ASN00072078,-35.6767,147.5178,562
2009-08,ASN00072080,-35.7226,147.9291,810
2009-08,ASN00072004,-35.5203,148.1453,1134
2009-08,ASN00074267,-33.9956,146.7683,50
2009-08,ASN00073032,-34.0112,147.7937,113
2009-08,ASN00073044,-35.0581,147.753,404
2009-08,ASN00074087,-35.3342,146.0342,170
2009-08,ASN00074088,-35.5579,146.1653,276
2009-08,ASN00074104,-35.2683,147.1142,350
2009-08,ASN00074106,-35.817,145.6004,193
2009-08,ASN00074110,-35.3305,146.2652,24
2009-08,ASN00074118,-34.5139,146.1848,112
2009-08,ASN00074126,-35.385,147.0558,322
2009-08,ASN00074127,-35.1069,147.3636,315
2009-08,ASN00074129,-35.7228,144.7865,154
2009-08,ASN00074081,-35.9878,146.0061,343
2009-08,ASN00074162,-34.9349,146.3031,162
2009-08,ASN00074202,-34.8504,146.9778,170
2009-08,ASN00074205,-35.162,147.0274,224
2009-08,ASN00074208,-35.6074,145.2012,190
2009-08,ASN00074217,-34.7565,147.3482,194
2009-08,ASN00074234,-35.0371,147.1933,326
2009-08,ASN00074249,-34.8016,145.8904,26
2009-08,ASN00074258,-35.5575,144.9458,120
2009-08,ASN00074261,-34.531,146.9806,112
2009-08,ASN00074262,-35.7861,144.6002,128
2009-08,ASN00074188,-35.6724,147.0361,476
2009-08,ASN00073043,-34.4918,148.1266,209
2009-08,ASN00074055,-35.3475,145.7257,220
2009-08,ASN00074050,-34.738,146.7825,19
2009-08,ASN00073051,-34.2054,148.5533,182
2009-08,ASN00073054,-33.9262,147.2418,88
2009-08,ASN00073100,-33.9119,148.4383,238
2009-08,ASN00073109,-34.425,148.5408,348
2009-08,ASN00073110,-33.9462,148.0775,184
2009-08,ASN00073113,-34.1985,148.0047,94
2009-08,ASN00073115,-35.1687,148.2311,460
2009-08,ASN00073129,-34.1567,148.6857,190
2009-08,ASN00073138,-34.2493,148.2475,166
2009-08,ASN00074053,-35.5168,147.0344,126
2009-08,ASN00073141,-35.0479,148.1075,366
2009-08,ASN00073150,-34.5307,147.8442,870
2009-08,ASN00073151,-34.4292,147.5111,82
2009-08,ASN00074000,-34.3567,146.9032,108
2009-08,ASN00074002,-34.3479,147.2208,102
2009-08,ASN00074005,-34.2849,146.5714,123
2009-08,ASN00074034,-35.9887,146.3574,388
2009-08,ASN00074037,-34.6223,146.4328,158
2009-08,ASN00074040,-34.8814,145.7595,220
2009-08,ASN00074042,-35.6408,145.5762,198
2009-08,ASN00073142,-34.6299,148.0364,168
2009-08,ASN00070336,-36.5971,149.2974,292
2009-08,ASN00080017,-36.0407,143.9403,194
2009-08,ASN00080023,-35.7236,143.9197,188
2009-08,ASN00084044,-37.0071,148.2666,530
2009-08,ASN00084045,-37.8526,148.0638,538
2009-08,ASN00084084,-37.5976,149.7289,318
2009-08,ASN00084093,-37.7132,148.3954,370
2009-08,ASN00084096,-37.5455,148.1357,508
2009-08,ASN00084100,-37.8333,147.6206,30
2009-08,ASN00084107,-37.0826,148.2791,398
2009-08,ASN00084109,-37.5006,148.2717,404
2009-08,ASN00084118,-37.49,147.1658,458
2009-08,ASN00084039,-37.0707,148.5906,294
2009-08,ASN00084122,-37.4772,149.6386,304
2009-08,ASN00084134,-37.3397,148.712,394
2009-08,ASN00084140,-37.7962,147.7559,486
2009-08,ASN00084142,-37.22,148.2625,338
2009-08,ASN00084143,-37.3417,149.0228,442
2009-08,ASN00084144,-37.6924,148.0908,478
2009-08,ASN00084145,-37.6922,148.4667,384
2009-08,ASN00084147,-37.8164,147.5714,322
2009-08,ASN00084148,-37.8385,147.8312,364
2009-08,ASN00085007,-38.4307,146.5398,1772
2009-08,ASN00084128,-37.3564,149.2058,322
2009-08,ASN00085009,-38.1951,146.5293,784
2009-08,ASN00084035,-37.2618,147.7229,338
2009-08,ASN00084016,-37.5679,149.9158,238
2009-08,ASN00083032,-36.8473,146.3225,1128
2009-08,ASN00083033,-37.5696,146.2541,1956
2009-08,ASN00083035,-36.9257,147.423,1463
2009-08,ASN00083038,-36.6566,147.1283,1402
2009-08,ASN00083043,-36.8756,147.2886,1650
2009-08,ASN00083057,-36.6074,146.7888,530
2009-08,ASN00083058,-36.8547,146.8581,1600
2009-08,ASN00083064,-36.941,147.7779,642
2009-08,ASN00083067,-36.7313,146.9614,667
2009-08,ASN00084025,-37.8507,147.7664,436
2009-08,ASN00083077,-37.0322,146.3508,642
2009-08,ASN00083083,-36.7396,146.4671,754
2009-08,ASN00083084,-36.8708,147.2755,984
2009-08,ASN00083085,-36.9767,147.1342,1728
2009-08,ASN00083090,-37.1017,147.6008,578
2009-08,ASN00083091,-37.3016,146.1489,1489
2009-08,ASN00084002,-37.1712,148.7228,300
2009-08,ASN00084003,-37.7073,147.8314,263
2009-08,ASN00084014,-37.106,148.6862,289
2009-08,ASN00084015,-37.3757,147.8373,244
2009-08,ASN00083079,-36.7132,146.6717,1004
2009-08,ASN00083024,-37.145,146.4394,2318
2009-08,ASN00085021,-37.7,146.5167,666
2009-08,ASN00085028,-38.72,146.0633,1748
2009-08,ASN00085227,-38.5215,146.2041,1308
2009-08,ASN00085238,-37.9532,146.3898,1010
2009-08,ASN00085270,-37.7647,147.3744,286
2009-08,ASN00085276,-37.8039,146.8842,430
2009-08,ASN00085277,-37.9039,145.9719,1298
2009-08,ASN00085279,-37.8817,147.5669,380
2009-08,ASN00085280,-38.2094,146.4747,778
2009-08,ASN00085281,-38.3245,146.5301,1038
2009-08,ASN00085288,-37.4667,146.6883,892
2009-08,ASN00085200,-38.4323,145.7919,1388
2009-08,ASN00085289,-37.8514,146.555,650
2009-08,ASN00085292,-37.8897,145.9958,1318
2009-08,ASN00085293,-38.8957,145.9355,1474
2009-08,ASN00085296,-37.7481,147.1428,566
2009-08,ASN00085297,-37.9722,146.9856,368
2009-08,ASN00085298,-38.1072,147.1317,416
2009-08,ASN00085303,-37.5325,147.0053,738
2009-08,ASN00085304,-37.4967,146.8575,602
2009-08,ASN00085305,-37.8758,146.0833,757
2009-08,ASN00086035,-37.7011,145.1547,493
2009-08,ASN00085291,-37.8383,146.2747,1612
2009-08,ASN00085023,-38.1383,145.86,1019
2009-08,ASN00085195,-38.0654,146.1689,846
2009-08,ASN00085168,-37.8345,147.0819,456
2009-08,ASN00085029,-38.652,146.1997,902
2009-08,ASN00085030,-38.4455,146.2699,1492
2009-08,ASN00085033,-38.4228,147.0864,528
2009-08,ASN00085034,-37.9085,146.8046,300
2009-08,ASN00085040,-38.6911,146.1486,1520
2009-08,ASN00085042,-38.022,145.8884,1052
2009-08,ASN00085045,-38.435,145.8178,1470
2009-08,ASN00085049,-38.4842,145.9329,1108
2009-08,ASN00085053,-38.506,146.5187,1638
2009-08,ASN00085179,-38.1033,145.9718,1116
2009-08,ASN00085058,-37.5277,146.5458,1108
2009-08,ASN00085072,-38.1156,147.1322,402
2009-08,ASN00085073,-38.3183,147.1752,552
2009-08,ASN00085085,-38.2181,146.1658,1122
2009-08,ASN00085096,-39.1297,146.4244,2246
2009-08,ASN00085137,-38.7205,145.9011,1402
2009-08,ASN00085160,-38.4191,146.9656,633
2009-08,ASN00085163,-38.7915,146.1799,1696
2009-08,ASN00085166,-37.9582,147.0843,404
2009-08,ASN00085167,-38.0229,147.3511,434
2009-08,ASN00085063,-38.6079,146.3185,1544
2009-08,ASN00080020,-35.9661,144.3712,194
2009-08,ASN00083019,-37.0525,146.0872,276
2009-08,ASN00083003,-36.9456,147.7407,740
2009-08,ASN00081046,-36.4436,144.9828,236
2009-08,ASN00081049,-36.4378,145.2672,130
2009-08,ASN00081063,-37.0833,143.4833,472
2009-08,ASN00081083,-36.8465,144.5273,476
2009-08,ASN00081085,-36.8589,143.7297,540
2009-08,ASN00081087,-36.2567,146.0433,262
2009-08,ASN00081090,-36.7446,143.6788,625
2009-08,ASN00081100,-36.7682,143.9866,408
2009-08,ASN00081115,-36.6284,144.8726,440
2009-08,ASN00081041,-36.534,144.208,378
2009-08,ASN00081118,-36.8093,144.6203,558
2009-08,ASN00081123,-36.7395,144.3266,532
2009-08,ASN00081124,-36.0294,146.0306,272
2009-08,ASN00081125,-36.4289,145.3947,262
2009-08,ASN00082001,-36.3702,146.7132,766
2009-08,ASN00082009,-36.6085,146.5371,774
2009-08,ASN00082010,-36.1491,146.6106,502
2009-08,ASN00082015,-36.3084,146.5229,544
2009-08,ASN00082016,-36.7545,145.5727,734
2009-08,ASN00082018,-36.7691,147.6956,1386
2009-08,ASN00081120,-36.5886,145.0198,330
2009-08,ASN00082021,-36.0964,146.6008,488
2009-08,ASN00081035,-36.6146,145.2143,274
2009-08,ASN00081033,-36.6436,145.4197,392
2009-08,ASN00080024,-35.8674,143.8007,240
2009-08,ASN00080027,-36.3203,143.735,288
2009-08,ASN00080036,-35.9681,144.1073,232
2009-08,ASN00080044,-35.9977,144.4244,144
2009-08,ASN00080049,-36.3613,144.7108,241
2009-08,ASN00080056,-36.2497,144.9531,190
2009-08,ASN00080067,-36.2717,143.3453,340
2009-08,ASN00080091,-36.335,145.0638,178
2009-08,ASN00080101,-36.0918,145.4531,218
2009-08,ASN00081034,-36.3989,145.3448,260
2009-08,ASN00080103,-36.3794,144.2299,332
2009-08,ASN00080125,-35.8876,145.3879,193
2009-08,ASN00080126,-35.7175,143.9111,186
2009-08,ASN00080128,-36.2847,143.3341,318
2009-08,ASN00081000,-37.0887,143.4747,192
2009-08,ASN00081007,-36.4565,145.6569,322
2009-08,ASN00081008,-36.5421,144.7751,277
2009-08,ASN00081016,-36.4963,144.6096,334
2009-08,ASN00081019,-36.718,145.1731,320
2009-08,ASN00081020,-36.5753,143.8695,222
2009-08,ASN00080109,-35.9119,145.6447,100
2009-08,ASN00083010,-36.6344,146.8628,992
2009-08,ASN00082029,-36.456,146.4299,432
2009-08,ASN00082039,-36.1047,146.5094,404
2009-08,ASN00082143,-36.7861,145.6581,584
2009-08,ASN00082144,-36.8167,145.64,636
2009-08,ASN00082145,-36.8753,145.5783,742
2009-08,ASN00082146,-36.9322,145.5842,644
2009-08,ASN00082147,-36.9217,145.6769,764
2009-08,ASN00082148,-36.8278,145.8494,922
2009-08,ASN00082149,-36.7858,145.5683,564
2009-08,ASN00082151,-36.8628,145.7333,860
2009-08,ASN00082153,-36.8206,145.705,762
2009-08,ASN00082142,-36.9461,146.2197,940
2009-08,ASN00082154,-36.8892,145.6814,1332
2009-08,ASN00082156,-36.7903,146.28,1206
2009-08,ASN00082158,-36.7478,146.5362,942
2009-08,ASN00082162,-36.5775,146.8203,900
2009-08,ASN00082163,-36.6364,146.5547,790
2009-08,ASN00082165,-36.9502,146.0095,786
2009-08,ASN00082166,-36.4186,146.5572,490
2009-08,ASN00082167,-36.5344,146.2181,520
2009-08,ASN00082169,-36.1828,147.8938,1150
2009-08,ASN00083000,-36.9064,146.2389,944
2009-08,ASN00082155,-36.8211,146.1278,830
2009-08,ASN00082033,-36.6975,146.2852,774
2009-08,ASN00082140,-36.8542,145.9381,528
2009-08,ASN00082138,-36.4206,146.3056,388
2009-08,ASN00082041,-36.1859,146.4694,465
2009-08,ASN00082042,-36.8472,145.7308,950
2009-08,ASN00082043,-36.7872,145.8225,1028
2009-08,ASN00082049,-36.6425,145.7234,464
2009-08,ASN00082052,-35.9645,147.7374,1102
2009-08,ASN00082057,-36.3025,146.7299,684
2009-08,ASN00082058,-36.3111,146.8381,846
2009-08,ASN00082068,-36.5293,147.3749,914
2009-08,ASN00082076,-36.5353,147.4984,1082
2009-08,ASN00082139,-36.2136,147.5394,1218
2009-08,ASN00082083,-36.804,145.418,566
2009-08,ASN00082090,-36.4793,147.0297,1078
2009-08,ASN00082096,-36.9005,145.5228,752
2009-08,ASN00082103,-36.0243,147.5475,1234
2009-08,ASN00082105,-36.8314,146.3982,1156
2009-08,ASN00082109,-36.6133,146.1131,520
2009-08,ASN00082112,-36.6533,146.8567,1120
2009-08,ASN00082116,-36.6083,146.3583,534
2009-08,ASN00082128,-36.5131,146.4483,416
2009-08,ASN00082134,-36.6936,145.8785,438
2009-08,ASN00082084,-36.7136,145.7603,824
2009-08,ASN00041091,-26.8086,151.0806,52
2009-08,ASN00041120,-28.1897,152.2064,6
2009-08,ASN00041085,-28.3253,152.3942,32
2009-08,ASN00014866,-17.6129,130.0713,0
2009-08,ASN00014901,-13.8345,131.1872,6
2009-08,ASN00014909,-13.3275,133.0861,0
2009-08,ASN00014932,-14.5229,132.3826,0
2009-08,ASN00014948,-14.2495,129.5282,4
2009-08,ASN00014949,-15.7442,131.9182,0
2009-08,ASN00014954,-14.9408,130.8092,0
2009-08,ASN00014955,-14.3202,132.4226,0
2009-08,ASN00014956,-13.9487,131.3191,10
2009-08,ASN00014962,-14.254,132.7357,2
2009-08,ASN00014966,-14.3148,132.4248,2
2009-08,ASN00014967,-14.3055,132.0772,0
2009-08,ASN00015085,-18.637,135.945,0
2009-08,ASN00015088,-19.0579,136.7066,0
2009-08,ASN00015123,-18.8689,134.4991,0
2009-08,ASN00015131,-17.5521,133.5407,0
2009-08,ASN00015135,-19.6423,134.1833,0
2009-08,ASN00015139,-19.933,134.3548,0
2009-08,ASN00015501,-23.1273,133.836,0
2009-08,ASN00014864,-16.3541,131.5147,0
2009-08,ASN00014857,-19.2798,129.9422,0
2009-08,ASN00014856,-18.3902,129.4299,0
2009-08,ASN00014853,-15.97,129.0407,0
2009-08,ASN00014518,-13.9747,136.4631,12
2009-08,ASN00014612,-15.5748,133.2138,0
2009-08,ASN00014626,-16.2636,133.3782,0
2009-08,ASN00014627,-13.6714,134.3414,0
2009-08,ASN00014639,-15.9179,132.3831,0
2009-08,ASN00014647,-15.2712,132.9127,0
2009-08,ASN00014648,-14.134,133.1094,0
2009-08,ASN00014651,-13.8269,133.3277,0
2009-08,ASN00014652,-14.5264,132.8006,2
2009-08,ASN00015511,-25.3139,131.7571,80
2009-08,ASN00014654,-14.3295,133.1176,0
2009-08,ASN00014704,-16.4423,136.076,0
2009-08,ASN00014723,-16.0757,136.3041,4
2009-08,ASN00014729,-15.6293,136.3881,0
2009-08,ASN00014821,-16.4583,129.0058,0
2009-08,ASN00014824,-16.1196,130.4282,0
2009-08,ASN00014825,-16.403,131.0145,0
2009-08,ASN00014829,-18.3325,130.6358,0
2009-08,ASN00014840,-17.3871,131.1166,0
2009-08,ASN00014847,-16.1176,130.9558,0
2009-08,ASN00014703,-15.7426,136.8192,24
2009-08,ASN00015521,-23.2837,134.4229,14
2009-08,ASN00015548,-20.1883,130.0161,0
2009-08,ASN00015585,-21.7498,135.2382,0
2009-08,ASN00016031,-30.2406,133.9885,92
2009-08,ASN00016032,-32.5226,136.4926,59
2009-08,ASN00016034,-32.1572,135.0722,317
2009-08,ASN00016035,-30.4027,136.392,54
2009-08,ASN00016055,-32.3792,135.5247,342
2009-08,ASN00016056,-32.1232,137.1505,212
2009-08,ASN00016065,-30.449,137.1692,78
2009-08,ASN00016067,-32.4398,136.0671,200
2009-08,ASN00016086,-31.7646,135.6494,285
2009-08,ASN00016030,-30.1809,135.6629,80
2009-08,ASN00016090,-29.0347,134.7222,26
2009-08,ASN00016096,-30.4829,136.8772,84
2009-08,ASN00016097,-26.2635,132.1771,18
2009-08,ASN00016098,-30.7051,134.5786,74
2009-08,ASN00017014,-31.0939,138.6786,182
2009-08,ASN00017024,-30.066,138.2739,71
2009-08,ASN00017028,-27.724,140.7633,0
2009-08,ASN00017032,-30.9904,138.5787,92
2009-08,ASN00017037,-29.239,137.9058,0
2009-08,ASN00017041,-30.9372,138.8919,114
2009-08,ASN00016095,-26.2085,133.8545,4
2009-08,ASN00014517,-11.9971,135.5726,8
2009-08,ASN00016028,-30.0047,136.0445,110
2009-08,ASN00016006,-29.9434,134.1506,82
2009-08,ASN00015590,-23.7951,133.889,116
2009-08,ASN00015594,-23.4564,134.6849,21
2009-08,ASN00015602,-22.9494,136.1442,0
2009-08,ASN00015607,-22.1305,132.0812,0
2009-08,ASN00015611,-22.7228,131.1685,50
2009-08,ASN00015617,-24.1313,134.3737,80
2009-08,ASN00015618,-22.2747,137.9733,0
2009-08,ASN00015623,-23.6938,134.0354,22
2009-08,ASN00015626,-22.3961,134.2335,0
2009-08,ASN00016021,-31.2609,135.2374,160
2009-08,ASN00015635,-25.1896,130.9737,78
2009-08,ASN00015643,-22.4518,133.6377,8
2009-08,ASN00015652,-24.2914,131.5488,0
2009-08,ASN00015660,-25.3602,131.0196,120
2009-08,ASN00015661,-22.2109,134.1182,0
2009-08,ASN00015666,-20.1824,130.0148,0
2009-08,ASN00015667,-23.6338,132.7311,40
2009-08,ASN00015673,-23.5312,134.3743,44
2009-08,ASN00016001,-31.1558,136.8054,52
2009-08,ASN00016005,-32.3997,137.225,206
2009-08,ASN00015641,-20.5476,130.3466,0
2009-08,ASN00014515,-12.5013,135.8001,0
2009-08,ASN00014508,-12.2741,136.8203,6
2009-08,ASN00014405,-12.0569,134.2339,0
2009-08,ASN00011019,-32.2464,126.3008,106
2009-08,ASN00011022,-31.7117,128.8867,68
2009-08,ASN00011052,-30.8453,128.1092,106
2009-08,ASN00012009,-32.2147,121.7547,120
2009-08,ASN00012011,-30.9869,119.1142,347
2009-08,ASN00012025,-27.9331,120.0575,6
2009-08,ASN00012038,-30.7847,121.4533,54
2009-08,ASN00012043,-29.3361,121.4944,100
2009-08,ASN00012044,-33.5547,120.6997,260
2009-08,ASN00011017,-32.4569,123.8653,156
2009-08,ASN00012045,-28.6306,122.4072,72
2009-08,ASN00012071,-32.9869,121.6239,248
2009-08,ASN00012072,-27.9875,119.2961,90
2009-08,ASN00012077,-32.8606,121.7081,124
2009-08,ASN00012079,-31.0381,119.3064,342
2009-08,ASN00012083,-31.3011,118.6922,546
2009-08,ASN00012092,-28.5606,119.0161,198
2009-08,ASN00012107,-33.4225,121.9894,244
2009-08,ASN00012117,-31.2186,121.6181,186
2009-08,ASN00012141,-30.0242,119.28,240
2009-08,ASN00012064,-31.3356,118.98,426
2009-08,ASN00012152,-31.2617,120.0219,318
2009-08,ASN00011008,-31.8433,127.8572,320
2009-08,ASN00010917,-32.6722,116.6706,1120
2009-08,ASN00010704,-33.3281,117.5628,502
2009-08,ASN00010705,-32.3344,118.8492,274
2009-08,ASN00010729,-34.3439,118.6306,198
2009-08,ASN00010792,-34.1692,118.9444,390
2009-08,ASN00010799,-32.6339,118.0103,348
2009-08,ASN00010802,-33.4661,118.6361,250
2009-08,ASN00010831,-33.4836,117.61,508
2009-08,ASN00010866,-33.9317,117.3258,390
2009-08,ASN00010869,-33.5942,120.1833,255
2009-08,ASN00011003,-31.6797,128.8792,90
2009-08,ASN00010872,-33.1722,118.2475,264
2009-08,ASN00010889,-32.885,118.6347,362
2009-08,ASN00010893,-34.3078,117.4347,90
2009-08,ASN00010897,-34.2206,118.5042,292
2009-08,ASN00010904,-32.1717,118.6136,374
2009-08,ASN00010905,-33.8878,119.1092,408
2009-08,ASN00010908,-32.0294,116.8742,522
2009-08,ASN00010911,-33.1006,118.4647,216
2009-08,ASN00010912,-32.5878,117.6408,8
2009-08,ASN00010916,-33.6856,117.6064,642
2009-08,ASN00010878,-33.5381,119.6564,219
2009-08,ASN00017043,-27.5553,135.4456,2
2009-08,ASN00012223,-33.2242,121.3544,236
2009-08,ASN00012305,-28.6133,122.4236,88
2009-08,ASN00014144,-12.3962,130.8785,2
2009-08,ASN00014149,-12.4558,131.0505,0
2009-08,ASN00014153,-11.1538,132.143,0
2009-08,ASN00014183,-12.8324,130.9713,4
2009-08,ASN00014198,-12.6594,132.8939,0
2009-08,ASN00014204,-13.7578,131.574,0
2009-08,ASN00014219,-12.5491,131.0794,0
2009-08,ASN00014222,-12.6374,131.0763,0
2009-08,ASN00014226,-12.5764,131.0829,0
2009-08,ASN00014143,-12.8003,131.0507,0
2009-08,ASN00014238,-12.4346,130.7491,10
2009-08,ASN00014253,-13.1672,130.1225,0
2009-08,ASN00014264,-12.7121,130.9889,0
2009-08,ASN00014265,-12.4126,130.9202,0
2009-08,ASN00014266,-12.4121,130.9669,0
2009-08,ASN00014272,-13.0545,131.0252,0
2009-08,ASN00014274,-11.0468,132.9791,0
2009-08,ASN00014277,-12.635,130.3725,34
2009-08,ASN00014401,-11.6502,133.3796,0
2009-08,ASN00014404,-12.0931,134.8919,0
2009-08,ASN00014246,-12.3784,130.9057,0
2009-08,ASN00012239,-28.4967,119.7436,184
2009-08,ASN00014142,-11.4022,130.4217,0
2009-08,ASN00014092,-13.2373,131.1042,0
2009-08,ASN00012306,-33.5239,122.9469,207
2009-08,ASN00012308,-33.3356,122.0697,164
2009-08,ASN00012314,-27.8386,120.7031,26
2009-08,ASN00012320,-31.2353,119.3564,522
2009-08,ASN00013005,-26.2225,121.5561,26
2009-08,ASN00013006,-26.4006,120.9539,0
2009-08,ASN00013011,-26.1317,126.5839,10
2009-08,ASN00013015,-25.7964,122.9753,0
2009-08,ASN00013017,-25.0341,128.301,66
2009-08,ASN00014112,-12.3786,130.8469,2
2009-08,ASN00013018,-26.1208,121.9403,10
2009-08,ASN00013030,-21.7125,122.2281,0
2009-08,ASN00013032,-25.6361,121.3533,6
2009-08,ASN00013035,-27.0336,122.4439,6
2009-08,ASN00014013,-12.81,130.4576,30
2009-08,ASN00014015,-12.4239,130.8925,0
2009-08,ASN00014040,-12.4227,130.8844,0
2009-08,ASN00014041,-12.605,131.2988,0
2009-08,ASN00014055,-13.481,131.1173,10
2009-08,ASN00014059,-14.0829,131.8099,0
2009-08,ASN00013024,-26.5172,122.8078,8
2009-08,ASN00017054,-31.1278,138.9618,112
2009-08,ASN00017089,-27.7205,138.2548,0
2009-08,ASN00017098,-31.1881,138.2785,60
2009-08,ASN00021007,-33.6947,138.4057,364
2009-08,ASN00021010,-33.7459,138.5628,472
2009-08,ASN00021012,-33.8682,138.01,420
2009-08,ASN00021013,-33.1851,138.4968,304
2009-08,ASN00021015,-33.7045,138.2927,286
2009-08,ASN00021016,-33.353,138.2057,267
2009-08,ASN00021019,-33.8315,138.7917,484
2009-08,ASN00021020,-33.359,138.393,340
2009-08,ASN00021021,-33.2705,138.357,82
2009-08,ASN00021004,-33.5643,138.7595,337
2009-08,ASN00021022,-33.4669,138.4424,324
2009-08,ASN00021025,-33.8347,138.6532,504
2009-08,ASN00021027,-33.2036,138.6059,96
2009-08,ASN00021029,-33.5867,138.3343,452
2009-08,ASN00021031,-33.1851,138.3001,290
2009-08,ASN00021033,-33.9136,138.7195,568
2009-08,ASN00021034,-33.5592,138.903,534
2009-08,ASN00021042,-33.6029,137.9348,264
2009-08,ASN00021044,-34.1848,138.1478,306
2009-08,ASN00021045,-33.5407,138.2244,390
2009-08,ASN00021024,-33.4595,138.7475,562
2009-08,ASN00021055,-33.2296,138.8844,218
2009-08,ASN00021003,-33.845,138.4901,119
2009-08,ASN00021001,-34.026,138.6846,276
2009-08,ASN00019113,-31.448,138.4531,114
2009-08,ASN00019114,-32.4295,138.8922,174
2009-08,ASN00019115,-33.0188,138.6153,302
2009-08,ASN00020000,-32.0498,140.162,106
2009-08,ASN00020001,-31.9695,140.5436,102
2009-08,ASN00020002,-32.076,140.9969,94
2009-08,ASN00020004,-31.6516,139.5491,65
2009-08,ASN00020010,-32.0646,139.382,78
2009-08,ASN00020013,-32.4292,139.9887,204
2009-08,ASN00021002,-34.1424,138.4225,149
2009-08,ASN00020017,-32.4467,140.9233,64
2009-08,ASN00020022,-33.2458,140.0345,154
2009-08,ASN00020025,-33.5009,139.5154,140
2009-08,ASN00020028,-33.7622,140.1251,129
2009-08,ASN00020043,-33.1873,139.6209,90
2009-08,ASN00020049,-31.6382,140.513,46
2009-08,ASN00020053,-32.1698,140.7959,94
2009-08,ASN00020055,-31.7484,140.3426,68
2009-08,ASN00020059,-31.6619,140.6289,32
2009-08,ASN00020062,-32.5707,139.5645,136
2009-08,ASN00020020,-32.6416,139.6496,116
2009-08,ASN00019112,-33.023,138.0698,232
2009-08,ASN00021057,-33.5707,138.4503,334
2009-08,ASN00021062,-33.3041,138.7553,360
2009-08,ASN00022020,-33.9323,137.6282,166
2009-08,ASN00022022,-34.1447,138.0146,368
2009-08,ASN00022023,-35.0203,137.6064,370
2009-08,ASN00022031,-34.748,137.5276,344
2009-08,ASN00022033,-34.4724,137.885,344
2009-08,ASN00022036,-34.7477,137.6309,491
2009-08,ASN00022044,-34.239,137.9883,292
2009-08,ASN00022046,-35.1121,137.7395,480
2009-08,ASN00022049,-35.2795,136.9392,686
2009-08,ASN00022018,-34.9906,137.3995,426
2009-08,ASN00022050,-33.9703,137.6628,188
2009-08,ASN00022055,-34.6492,137.7272,382
2009-08,ASN00022056,-34.402,137.7185,342
2009-08,ASN00022803,-35.8426,138.1327,676
2009-08,ASN00022811,-35.5989,137.4386,884
2009-08,ASN00022815,-35.7255,137.2591,763
2009-08,ASN00022823,-35.7549,136.5959,806
2009-08,ASN00022831,-35.7501,137.7217,730
2009-08,ASN00022835,-35.734,137.1212,944
2009-08,ASN00022836,-35.8096,137.792,594
2009-08,ASN00022054,-34.5552,137.8581,534
2009-08,ASN00021060,-33.2025,138.6024,72
2009-08,ASN00022017,-34.9122,137.7977,426
2009-08,ASN00022014,-34.7785,137.8579,190
2009-08,ASN00021063,-34.1564,138.1827,286
2009-08,ASN00021072,-33.3265,138.3172,296
2009-08,ASN00021075,-33.7464,138.6058,524
2009-08,ASN00021076,-33.9309,138.814,396
2009-08,ASN00021077,-33.6781,138.9371,447
2009-08,ASN00021102,-33.35,138.102,312
2009-08,ASN00021104,-33.9943,138.4539,378
2009-08,ASN00021106,-33.953,138.3903,362
2009-08,ASN00021110,-33.7876,137.7068,272
2009-08,ASN00022015,-34.2971,138.0014,116
2009-08,ASN00021120,-33.2549,138.7867,302
2009-08,ASN00021130,-34.1002,138.631,378
2009-08,ASN00021131,-33.8226,138.5933,344
2009-08,ASN00021133,-33.7676,138.2182,332
2009-08,ASN00022003,-34.6981,137.7116,450
2009-08,ASN00022008,-34.3745,137.6733,360
2009-08,ASN00022009,-34.7708,137.5952,258
2009-08,ASN00022011,-34.0672,137.5925,168
2009-08,ASN00022012,-34.0402,137.9004,348
2009-08,ASN00022013,-34.4951,137.4836,202
2009-08,ASN00021127,-33.8828,138.6389,610
2009-08,ASN00010702,-32.1003,118.8058,316
2009-08,ASN00019111,-31.4763,139.1134,76
2009-08,ASN00019078,-32.5172,137.8425,166
2009-08,ASN00018069,-33.6501,134.888,370
2009-08,ASN00018077,-32.3752,133.9353,285
2009-08,ASN00018079,-32.7963,134.2116,181
2009-08,ASN00018083,-33.043,135.4519,238
2009-08,ASN00018086,-34.3756,136.1026,148
2009-08,ASN00018091,-34.2617,136.2092,266
2009-08,ASN00018094,-32.4035,134.5323,214
2009-08,ASN00018096,-33.6824,136.6831,246
2009-08,ASN00018098,-32.9475,135.2754,270
2009-08,ASN00018063,-31.932,133.0056,166
2009-08,ASN00018106,-31.4492,130.8976,144
2009-08,ASN00018110,-30.6143,130.4136,152
2009-08,ASN00018113,-33.965,136.2472,280
2009-08,ASN00018114,-30.1591,131.579,74
2009-08,ASN00018115,-35.3365,136.1174,610
2009-08,ASN00018116,-33.7081,136.5026,294
2009-08,ASN00018120,-33.0539,137.5205,182
2009-08,ASN00018144,-34.5424,135.6997,624
2009-08,ASN00018164,-33.6993,135.9238,266
2009-08,ASN00018165,-33.5733,135.602,173
2009-08,ASN00018107,-34.5911,135.7572,834
2009-08,ASN00018166,-32.2811,134.4714,240
2009-08,ASN00018060,-31.7782,132.2038,218
2009-08,ASN00018047,-32.0723,133.9401,206
2009-08,ASN00017099,-30.311,139.3357,49
2009-08,ASN00017110,-30.5963,138.4219,110
2009-08,ASN00017115,-29.1266,140.9018,0
2009-08,ASN00017119,-30.8406,138.3224,94
2009-08,ASN00017123,-28.0997,140.1956,0
2009-08,ASN00017126,-29.6587,138.0684,54
2009-08,ASN00017130,-29.7138,137.9017,70
2009-08,ASN00017131,-29.9062,139.7345,52
2009-08,ASN00018001,-33.9118,136.5697,98
2009-08,ASN00018054,-33.0314,134.7015,94
2009-08,ASN00018012,-32.1297,133.6976,178
2009-08,ASN00018019,-34.3853,135.4697,711
2009-08,ASN00018022,-33.6772,136.9116,132
2009-08,ASN00018023,-34.2644,135.7266,202
2009-08,ASN00018024,-33.4678,136.2113,312
2009-08,ASN00018034,-32.7324,137.1505,127
2009-08,ASN00018040,-33.1414,136.4125,304
2009-08,ASN00018043,-34.4139,135.8224,475
2009-08,ASN00018044,-33.1332,135.5552,224
2009-08,ASN00018046,-33.5679,135.7571,299
2009-08,ASN00018014,-33.7011,136.4937,362
2009-08,ASN00019106,-32.627,139.1923,193
2009-08,ASN00018171,-34.1361,135.3319,402
2009-08,ASN00018174,-33.7234,136.1511,358
2009-08,ASN00019010,-32.0695,138.4948,314
2009-08,ASN00019013,-32.5373,138.5626,246
2009-08,ASN00019017,-31.8846,138.435,244
2009-08,ASN00019024,-32.8294,138.1907,444
2009-08,ASN00019031,-32.8776,139.0578,224
2009-08,ASN00019032,-32.7335,138.6135,70
2009-08,ASN00019034,-32.9737,138.8375,72
2009-08,ASN00019037,-33.0216,138.0002,163
2009-08,ASN00019038,-32.3538,138.0371,328
2009-08,ASN00019009,-32.4244,138.5304,172
2009-08,ASN00019042,-32.8454,138.2116,308
2009-08,ASN00019046,-31.775,138.6529,173
2009-08,ASN00019047,-32.6923,138.3247,193
2009-08,ASN00019048,-32.6521,138.1003,292
2009-08,ASN00019052,-33.0338,138.2686,352
2009-08,ASN00019053,-33.0856,138.2211,212
2009-08,ASN00019057,-32.552,138.8688,341
2009-08,ASN00019061,-32.0545,138.6427,283
2009-08,ASN00019062,-33.0287,138.7489,168
2009-08,ASN00019070,-31.5286,138.6093,146
2009-08,ASN00019043,-32.9495,138.5174,242
2009-08,ASN00018172,-32.921,135.9996,244
2009-08,ASN00019008,-32.4618,138.2004,232
2009-08,ASN00019005,-32.8247,138.6907,200
2009-08,ASN00018176,-33.3416,136.7518,204
2009-08,ASN00018182,-31.9661,133.3316,220
2009-08,ASN00018184,-33.6125,136.3722,384
2009-08,ASN00018186,-32.5534,136.7123,142
2009-08,ASN00018188,-34.6252,135.4725,702
2009-08,ASN00018189,-33.7516,135.1863,320
2009-08,ASN00018190,-32.9004,136.1858,246
2009-08,ASN00018192,-34.5993,135.8784,504
2009-08,ASN00018193,-33.0267,136.3171,258
2009-08,ASN00019006,-32.881,138.3519,268
2009-08,ASN00018195,-32.8427,135.1515,206
2009-08,ASN00018201,-32.5091,137.7144,134
2009-08,ASN00018203,-34.344,136.0471,403
2009-08,ASN00018204,-33.5879,134.8859,344
2009-08,ASN00018205,-34.7405,135.845,884
2009-08,ASN00018209,-33.8189,135.4857,307
2009-08,ASN00018213,-33.7412,135.0804,500
2009-08,ASN00018214,-32.9232,136.4778,258
2009-08,ASN00019001,-33.0524,138.4277,272
2009-08,ASN00019002,-32.2507,137.9776,418
2009-08,ASN00018198,-33.4138,136.5989,314
2009-08,ASN00010692,-33.1131,118.84,350
2009-08,ASN00010647,-33.3075,117.3403,497
2009-08,ASN00010641,-33.375,116.9053,590
2009-08,ASN00008143,-29.2872,115.6331,548
2009-08,ASN00008146,-30.0706,116.2092,370
2009-08,ASN00008157,-28.8978,115.8628,298
2009-08,ASN00008200,-28.6936,115.0408,326
2009-08,ASN00008202,-30.6219,116.3794,516
2009-08,ASN00008237,-28.6857,115.2806,358
2009-08,ASN00008240,-28.8939,115.4539,252
2009-08,ASN00008251,-27.7119,114.165,408
2009-08,ASN00008254,-30.7092,116.7744,564
2009-08,ASN00008137,-30.8917,116.7186,624
2009-08,ASN00008271,-28.8114,115.9675,216
2009-08,ASN00008285,-28.3181,114.7614,638
2009-08,ASN00008286,-28.275,114.6761,551
2009-08,ASN00008290,-28.3008,113.5936,358
2009-08,ASN00008294,-28.2094,115.285,190
2009-08,ASN00008296,-29.2039,116.0247,268
2009-08,ASN00008297,-30.2761,116.6714,524
2009-08,ASN00008298,-28.7597,114.937,600
2009-08,ASN00008299,-29.1103,115.3173,540
2009-08,ASN00008300,-29.0692,115.0915,700
2009-08,ASN00008283,-30.1453,116.3844,534
2009-08,ASN00008304,-28.9571,114.9492,0
2009-08,ASN00008121,-29.5339,115.7628,300
2009-08,ASN00008107,-29.4417,116.2875,244
2009-08,ASN00008005,-30.7294,116.02,778
2009-08,ASN00008008,-30.5831,116.135,566
2009-08,ASN00008013,-29.3303,116.1433,368
2009-08,ASN00008014,-30.2192,116.7783,410
2009-08,ASN00008016,-30.445,117.0406,372
2009-08,ASN00008022,-30.2911,116.3306,658
2009-08,ASN00008025,-29.6889,115.8869,329
2009-08,ASN00008028,-28.5008,114.7897,336
2009-08,ASN00008037,-29.8819,116.0233,307
2009-08,ASN00008113,-27.8325,114.7364,189
2009-08,ASN00008050,-28.7769,114.605,292
2009-08,ASN00008052,-28.17,114.7614,348
2009-08,ASN00008057,-29.5486,115.0689,704
2009-08,ASN00008060,-29.0364,115.5536,384
2009-08,ASN00008064,-30.6719,116.3078,642
2009-08,ASN00008066,-30.7008,117.0608,464
2009-08,ASN00008072,-29.7586,116.4444,308
2009-08,ASN00008077,-29.6006,115.9392,322
2009-08,ASN00008095,-28.5367,115.5142,272
2009-08,ASN00008100,-28.3456,114.6367,628
2009-08,ASN00008051,-28.7953,114.6975,652
2009-08,ASN00008002,-30.5967,116.7714,480
2009-08,ASN00008305,-29.2778,114.9464,738
2009-08,ASN00008308,-28.8,115.76,280
2009-08,ASN00009178,-31.4628,115.8642,1348
2009-08,ASN00009193,-32.0069,115.5022,938
2009-08,ASN00009199,-29.9486,114.9781,896
2009-08,ASN00009207,-32.0208,116.1167,2136
2009-08,ASN00009215,-31.9558,115.7619,1182
2009-08,ASN00009225,-31.9192,115.8728,1110
2009-08,ASN00009240,-32.0056,116.1364,2082
2009-08,ASN00009242,-32.3956,115.9744,1446
2009-08,ASN00009243,-31.335,115.5722,346
2009-08,ASN00009172,-32.1011,115.8794,1368
2009-08,ASN00009248,-31.332,115.9513,1210
2009-08,ASN00009256,-32.2433,115.6839,926
2009-08,ASN00009257,-32.1569,115.9275,1418
2009-08,ASN00009258,-32.2156,115.8758,1206
2009-08,ASN00009260,-32.4697,116.2143,1646
2009-08,ASN00009263,-31.8372,115.95,1456
2009-08,ASN00009264,-31.7078,115.7242,1074
2009-08,ASN00009276,-30.5744,115.2231,258
2009-08,ASN00009500,-35.0289,117.8808,1200
2009-08,ASN00009506,-34.4678,116.9169,782
2009-08,ASN00009252,-31.7683,116.2475,1500
2009-08,ASN00008307,-28.89,115.4397,264
2009-08,ASN00009168,-32.1189,116.1206,2106
2009-08,ASN00009131,-30.3081,115.0311,840
2009-08,ASN00008309,-29.3,115.6597,450
2009-08,ASN00008310,-29.0291,115.5548,388
2009-08,ASN00009007,-31.8622,116.2658,1404
2009-08,ASN00009009,-31.605,116.1114,884
2009-08,ASN00009014,-30.6969,115.5817,962
2009-08,ASN00009015,-32.0892,116.125,2230
2009-08,ASN00009018,-31.3461,115.9031,781
2009-08,ASN00009021,-31.9275,115.9764,1290
2009-08,ASN00009024,-31.5608,116.0842,1208
2009-08,ASN00009151,-31.9556,115.7928,1098
2009-08,ASN00009030,-31.8972,116.1575,2268
2009-08,ASN00009037,-30.3381,115.5394,1028
2009-08,ASN00009039,-32.3536,116.005,1520
2009-08,ASN00009040,-31.1428,116.0539,1036
2009-08,ASN00009053,-31.6669,116.0189,618
2009-08,ASN00009066,-31.7908,116.1975,1514
2009-08,ASN00009106,-32.0486,115.9839,1623
2009-08,ASN00009111,-32.44,116.0744,2063
2009-08,ASN00009112,-31.3928,116.0875,1452
2009-08,ASN00009113,-32.1108,116.0953,2216
2009-08,ASN00009033,-30.9719,116.2089,881
2009-08,ASN00009507,-32.6836,116.5194,1102
2009-08,ASN00007600,-28.1156,117.8425,8
2009-08,ASN00007185,-23.1725,117.7494,0
2009-08,ASN00003009,-18.355,125.3033,0
2009-08,ASN00003014,-18.2914,125.5869,0
2009-08,ASN00003019,-17.3306,124.8167,0
2009-08,ASN00003027,-18.1386,125.7764,0
2009-08,ASN00003028,-19.2536,121.4861,0
2009-08,ASN00003030,-18.6844,121.7803,0
2009-08,ASN00003032,-17.3706,123.6611,0
2009-08,ASN00003040,-17.9903,124.1922,0
2009-08,ASN00003048,-18.9158,125.5264,0
2009-08,ASN00003003,-17.9475,122.2353,6
2009-08,ASN00003051,-16.7372,125.9086,2
2009-08,ASN00003059,-19.0861,121.6764,0
2009-08,ASN00003066,-18.5175,121.8072,0
2009-08,ASN00003068,-18.5075,123.4561,0
2009-08,ASN00003073,-16.6872,123.8375,0
2009-08,ASN00003080,-17.5736,123.8217,0
2009-08,ASN00003093,-18.1814,125.5619,0
2009-08,ASN00003098,-17.0549,125.7108,0
2009-08,ASN00004006,-22.1828,119.935,0
2009-08,ASN00004019,-19.7419,120.8436,0
2009-08,ASN00003057,-16.4514,123.0086,0
2009-08,ASN00004032,-20.3725,118.6317,2
2009-08,ASN00003001,-17.2767,122.5711,0
2009-08,ASN00002064,-16.6381,128.4517,0
2009-08,ASN00041086,-26.6653,151.3969,28
2009-08,ASN00001006,-15.51,128.1503,0
2009-08,ASN00001007,-13.7542,126.1485,0
2009-08,ASN00001018,-16.4181,126.1025,0
2009-08,ASN00001019,-14.2964,126.6453,4
2009-08,ASN00001020,-14.09,126.3867,4
2009-08,ASN00001023,-16.0086,127.9806,0
2009-08,ASN00001025,-15.3797,126.3114,0
2009-08,ASN00001031,-13.96,127.1964,0
2009-08,ASN00002067,-15.9816,128.9991,0
2009-08,ASN00001035,-15.5969,128.2781,0
2009-08,ASN00002012,-18.2292,127.6636,0
2009-08,ASN00002021,-18.3869,126.9892,0
2009-08,ASN00002022,-18.016,126.3033,0
2009-08,ASN00002026,-18.5958,127.6419,0
2009-08,ASN00002032,-17.0156,128.2175,0
2009-08,ASN00002043,-18.3368,126.1243,0
2009-08,ASN00002044,-16.1119,128.7414,0
2009-08,ASN00002049,-18.1947,127.8147,0
2009-08,ASN00002056,-15.7814,128.71,0
2009-08,ASN00002009,-16.4203,126.4411,0
2009-08,ASN00007197,-28.2817,118.3111,36
2009-08,ASN00004038,-20.7483,118.8172,0
2009-08,ASN00004041,-20.8503,120.695,0
2009-08,ASN00006099,-26.8936,115.9561,101
2009-08,ASN00006105,-25.8925,113.5772,204
2009-08,ASN00007007,-26.9844,116.5361,20
2009-08,ASN00007014,-27.2528,117.6525,0
2009-08,ASN00007017,-27.4233,117.8994,72
2009-08,ASN00007019,-24.0019,119.5725,0
2009-08,ASN00007030,-26.1142,117.5047,4
2009-08,ASN00007045,-26.6136,118.5372,8
2009-08,ASN00007064,-27.3636,116.4261,64
2009-08,ASN00006097,-26.1203,113.3975,238
2009-08,ASN00007068,-29.425,117.2906,305
2009-08,ASN00007081,-28.8928,117.1333,130
2009-08,ASN00007090,-28.8439,117.8317,155
2009-08,ASN00007101,-26.2822,118.6933,0
2009-08,ASN00007103,-25.48,119.6492,0
2009-08,ASN00007139,-29.2708,117.6836,136
2009-08,ASN00007176,-23.4169,119.7989,0
2009-08,ASN00007177,-23.6042,117.6892,0
2009-08,ASN00007179,-24.4114,118.9408,0
2009-08,ASN00007180,-25.0386,120.0064,10
2009-08,ASN00007078,-26.5597,118.5397,20
2009-08,ASN00004039,-20.9469,117.3733,0
2009-08,ASN00006072,-23.0314,115.0414,0
2009-08,ASN00006034,-25.3656,114.3594,58
2009-08,ASN00004068,-19.7789,120.6417,0
2009-08,ASN00004083,-20.7097,116.7742,0
2009-08,ASN00004090,-20.7594,117.1583,0
2009-08,ASN00004106,-21.1756,119.7497,0
2009-08,ASN00005001,-21.8047,117.8056,0
2009-08,ASN00005006,-22.9119,116.2903,0
2009-08,ASN00005007,-22.2406,114.0967,4
2009-08,ASN00005008,-21.1906,115.9797,0
2009-08,ASN00005014,-21.7869,117.8647,0
2009-08,ASN00006044,-25.9261,113.5319,172
2009-08,ASN00005017,-21.6689,115.1092,62
2009-08,ASN00005029,-21.6767,116.3928,0
2009-08,ASN00005061,-20.7278,116.7483,0
2009-08,ASN00005069,-21.6392,116.3308,0
2009-08,ASN00005084,-21.4606,115.0197,16
2009-08,ASN00005094,-20.875,115.4056,16
2009-08,ASN00005095,-22.9367,116.9731,0
2009-08,ASN00006008,-25.0481,114.0294,0
2009-08,ASN00006011,-24.8878,113.67,112
2009-08,ASN00006022,-25.0544,115.21,28
2009-08,ASN00005022,-21.975,116.0653,0
2009-08,ASN00022839,-35.9609,137.091,914
2009-08,ASN00009513,-33.2136,115.85,0
2009-08,ASN00009518,-34.3728,115.1358,874
2009-08,ASN00010073,-31.6183,117.7217,438
2009-08,ASN00010076,-31.0597,116.7319,638
2009-08,ASN00010082,-31.1125,117.9186,408
2009-08,ASN00010084,-30.1056,117.3597,364
2009-08,ASN00010091,-31.6322,117.0081,439
2009-08,ASN00010092,-31.4756,118.2789,422
2009-08,ASN00010095,-31.5936,118.2347,474
2009-08,ASN00010097,-30.6569,117.2625,460
2009-08,ASN00010111,-31.6508,116.6586,537
2009-08,ASN00010070,-30.3686,117.1133,521
2009-08,ASN00010112,-31.1842,118.1006,405
2009-08,ASN00010119,-31.795,118.3947,514
2009-08,ASN00010121,-31.6431,117.4872,474
2009-08,ASN00010124,-31.5136,118.1753,410
2009-08,ASN00010126,-31.1153,117.7942,262
2009-08,ASN00010134,-31.3119,116.515,580
2009-08,ASN00010135,-30.4869,118.1258,326
2009-08,ASN00010136,-30.5892,118.1489,440
2009-08,ASN00010138,-31.814,116.341,1081
2009-08,ASN00010143,-31.415,117.2664,648
2009-08,ASN00010118,-31.9917,118.0264,340
2009-08,ASN00010145,-31.3756,117.5853,444
2009-08,ASN00010064,-31.2747,116.5075,588
2009-08,ASN00010060,-31.9886,118.5106,413
2009-08,ASN00009994,-33.3608,116.1717,1160
2009-08,ASN00009997,-33.7647,115.8431,996
2009-08,ASN00009998,-34.9469,116.7222,1610
2009-08,ASN00010000,-31.1675,117.0736,524
2009-08,ASN00010007,-30.8081,117.8603,440
2009-08,ASN00010009,-31.2744,116.5092,582
2009-08,ASN00010010,-30.9386,117.9642,477
2009-08,ASN00010011,-30.4731,118.3819,353
2009-08,ASN00010012,-31.5278,117.4361,486
2009-08,ASN00010061,-31.1417,116.9558,554
2009-08,ASN00010019,-31.3958,118.4808,282
2009-08,ASN00010031,-31.3742,117.5861,552
2009-08,ASN00010032,-30.9964,117.3953,336
2009-08,ASN00010039,-31.0072,117.2042,434
2009-08,ASN00010040,-31.6089,117.8775,486
2009-08,ASN00010041,-31.6192,117.4372,464
2009-08,ASN00010042,-31.1936,117.0311,332
2009-08,ASN00010043,-31.7661,116.9167,516
2009-08,ASN00010053,-31.7233,118.4372,476
2009-08,ASN00010058,-31.2994,116.8269,280
2009-08,ASN00010026,-30.0606,117.1417,202
2009-08,ASN00009992,-33.5435,115.5509,840
2009-08,ASN00010149,-31.3361,117.8164,454
2009-08,ASN00010151,-31.5317,118.0986,230
2009-08,ASN00010536,-32.3292,117.8733,386
2009-08,ASN00010537,-34.2961,117.5533,100
2009-08,ASN00010541,-33.8594,118.8158,396
2009-08,ASN00010546,-33.3142,117.74,458
2009-08,ASN00010556,-32.4797,116.8167,726
2009-08,ASN00010558,-33.9372,118.0075,242
2009-08,ASN00010560,-32.5403,119.1122,266
2009-08,ASN00010565,-32.6744,119.4144,465
2009-08,ASN00010568,-32.4419,118.8983,499
2009-08,ASN00010534,-32.4825,117.5647,300
2009-08,ASN00010571,-32.3789,116.8258,646
2009-08,ASN00010584,-32.6719,118.1547,302
2009-08,ASN00010603,-32.4231,118.2003,290
2009-08,ASN00010611,-33.2761,119.7753,262
2009-08,ASN00010612,-32.0656,118.3956,385
2009-08,ASN00010614,-32.9342,117.1797,724
2009-08,ASN00010622,-33.9644,118.4889,424
2009-08,ASN00010626,-32.5336,117.0831,632
2009-08,ASN00010628,-32.0094,117.4014,472
2009-08,ASN00010633,-33.5803,120.0458,344
2009-08,ASN00010582,-33.83,117.159,586
2009-08,ASN00010150,-31.6358,116.7961,277
2009-08,ASN00010531,-33.7069,117.2411,470
2009-08,ASN00010527,-32.3756,117.5128,438
2009-08,ASN00010155,-30.7686,117.1361,418
2009-08,ASN00010160,-31.4533,117.1194,602
2009-08,ASN00010163,-31.7711,117.1433,558
2009-08,ASN00010192,-30.5539,118.2828,300
2009-08,ASN00010286,-31.6219,117.2217,376
2009-08,ASN00010294,-31.5736,117.5097,490
2009-08,ASN00010304,-31.485,116.5383,678
2009-08,ASN00010307,-31.7936,116.6278,738
2009-08,ASN00010308,-31.55,116.4867,692
2009-08,ASN00010530,-33.9144,117.0994,316
2009-08,ASN00010310,-31.7647,116.3464,1308
2009-08,ASN00010502,-34.2553,118.2214,245
2009-08,ASN00010503,-32.0311,118.0947,416
2009-08,ASN00010508,-33.6361,117.9278,356
2009-08,ASN00010511,-32.8022,117.5025,424
2009-08,ASN00010513,-32.3869,118.2622,308
2009-08,ASN00010515,-32.1083,116.9247,516
2009-08,ASN00010518,-32.4006,118.6058,284
2009-08,ASN00010520,-33.6614,117.0539,526
2009-08,ASN00010524,-32.3725,117.0072,635
2009-08,ASN00010311,-31.8997,116.765,541
2009-08,ASN00009515,-33.6611,115.3456,276
2009-08,ASN00009991,-33.5711,115.8383,1278
2009-08,ASN00009989,-33.6458,115.9553,1256
2009-08,ASN00009615,-34.715,118.4692,527
2009-08,ASN00009616,-34.0911,116.6628,762
2009-08,ASN00009617,-33.9486,116.1311,884
2009-08,ASN00009619,-34.1519,116.2042,1075
2009-08,ASN00009626,-33.7106,121.5619,426
2009-08,ASN00009628,-33.36,116.1467,1035
2009-08,ASN00009633,-34.8644,118.1122,816
2009-08,ASN00009635,-34.3633,117.0836,300
2009-08,ASN00009636,-33.8358,115.0747,1412
2009-08,ASN00009613,-34.1436,115.2261,1602
2009-08,ASN00009642,-33.1336,115.8808,868
2009-08,ASN00009647,-34.9506,117.2769,2012
2009-08,ASN00009654,-34.3986,119.3778,376
2009-08,ASN00009678,-34.8772,117.6725,1050
2009-08,ASN00009692,-34.2258,115.7622,1334
2009-08,ASN00009738,-33.4531,116.3025,862
2009-08,ASN00009739,-33.6789,122.3311,270
2009-08,ASN00009741,-34.9414,117.8022,1220
2009-08,ASN00009752,-34.7233,117.3494,876
2009-08,ASN00009754,-34.5961,118.5519,273
2009-08,ASN00009645,-33.7981,121.1503,382
2009-08,ASN00009766,-35.0597,117.8658,1234
2009-08,ASN00009611,-34.9761,116.7328,1077
2009-08,ASN00009600,-33.9525,115.1969,562
2009-08,ASN00009519,-33.5372,115.0189,814
2009-08,ASN00009527,-33.3969,115.7833,1122
2009-08,ASN00009531,-34.9617,117.3567,798
2009-08,ASN00009532,-34.9528,117.3733,1502
2009-08,ASN00009534,-33.5719,115.8247,1625
2009-08,ASN00009538,-32.7103,116.0594,2168
2009-08,ASN00009542,-33.6825,121.8275,404
2009-08,ASN00009547,-34.0717,115.0986,1554
2009-08,ASN00009556,-33.9781,116.3336,701
2009-08,ASN00009603,-33.6858,115.4008,798
2009-08,ASN00009557,-33.9497,120.1258,95
2009-08,ASN00009574,-33.9592,115.0642,528
2009-08,ASN00009575,-32.8556,116.45,1316
2009-08,ASN00009579,-33.7633,122.0675,368
2009-08,ASN00009584,-33.7422,121.995,414
2009-08,ASN00009587,-33.9967,116.4253,528
2009-08,ASN00009589,-34.9919,116.8206,1706
2009-08,ASN00009590,-34.6339,116.1236,1558
2009-08,ASN00009592,-34.4478,116.0433,1545
2009-08,ASN00009594,-34.435,119.3628,395
2009-08,ASN00009573,-34.2508,116.145,1144
2009-08,ASN00009990,-33.4775,115.7393,1080
2009-08,ASN00009769,-32.5698,116.4385,1652
2009-08,ASN00009772,-33.7608,121.2156,368
2009-08,ASN00009912,-33.445,115.8508,1174
2009-08,ASN00009914,-33.3197,116.6464,886
2009-08,ASN00009917,-33.7058,115.7878,1274
2009-08,ASN00009927,-33.6028,116.0128,1384
2009-08,ASN00009928,-34.8389,116.7211,1566
2009-08,ASN00009936,-32.6239,116.0603,2602
2009-08,ASN00009957,-35.0367,116.9247,1758
2009-08,ASN00009958,-34.6625,117.8394,768
2009-08,ASN00009961,-33.9306,120.1283,266
2009-08,ASN00009908,-34.2292,115.9294,1286
2009-08,ASN00009964,-34.5714,117.0106,722
2009-08,ASN00009967,-34.7772,117.6508,772
2009-08,ASN00009968,-34.5683,116.3367,1434
2009-08,ASN00009971,-33.7844,115.4075,1040
2009-08,ASN00009976,-32.6453,115.8644,1014
2009-08,ASN00009977,-32.5219,115.7119,1020
2009-08,ASN00009978,-33.7563,115.2096,1042
2009-08,ASN00009982,-33.3878,115.8538,1130
2009-08,ASN00009987,-33.6414,115.7028,974
2009-08,ASN00009988,-33.6808,115.6242,916
2009-08,ASN00009965,-33.3567,115.6447,998
2009-08,ASN00009771,-33.7411,115.4697,958
2009-08,ASN00009904,-34.5967,116.1072,1694
2009-08,ASN00009897,-33.8536,123.0069,481
2009-08,ASN00009776,-33.7931,115.3189,970
2009-08,ASN00009784,-34.9319,117.1606,1514
2009-08,ASN00009789,-33.83,121.8925,402
2009-08,ASN00009801,-34.1597,115.1892,1542
2009-08,ASN00009803,-33.7831,115.3447,768
2009-08,ASN00009804,-33.8811,122.2167,728
2009-08,ASN00009805,-34.9769,116.7286,1077
2009-08,ASN00009813,-33.7297,122.755,72
2009-08,ASN00009815,-33.8819,122.5661,670
2009-08,ASN00009899,-34.8883,118.0789,606
2009-08,ASN00009822,-33.7753,121.555,272
2009-08,ASN00009843,-34.4417,116.9944,600
2009-08,ASN00009848,-34.7719,118.1317,612
2009-08,ASN00009850,-34.5378,117.7197,405
2009-08,ASN00009852,-34.8883,118.3958,500
2009-08,ASN00009865,-34.3997,118.8867,182
2009-08,ASN00009868,-33.7078,120.8653,236
2009-08,ASN00009871,-34.8361,116.0308,1521
2009-08,ASN00009877,-33.6033,115.4983,890
2009-08,ASN00009894,-32.9183,115.9217,1313
2009-08,ASN00009842,-33.7964,115.6658,1183
2009-08,ASN00022841,-35.7114,137.5231,588
2009-08,ASN00010635,-33.7853,116.9064,548
2009-08,ASN00023011,-34.9167,138.5956,498
2009-08,ASN00039068,-23.8104,150.9783,0
2009-08,ASN00039070,-25.1694,151.6375,48
2009-08,ASN00039071,-24.5722,149.9694,0
2009-08,ASN00039073,-25.5908,151.2986,35
2009-08,ASN00039083,-23.3753,150.4775,2
2009-08,ASN00039085,-24.7298,153.2089,54
2009-08,ASN00039089,-24.4935,150.5709,0
2009-08,ASN00039092,-24.6792,152.1881,6
2009-08,ASN00039095,-24.6342,152.0228,0
2009-08,ASN00039097,-24.7158,152.0075,30
2009-08,ASN00039102,-23.9078,150.1953,0
2009-08,ASN00039104,-24.8642,151.1247,4
2009-08,ASN00039106,-24.4081,150.7258,0
2009-08,ASN00039123,-23.8553,151.2628,12
2009-08,ASN00039128,-24.8885,152.3235,20
2009-08,ASN00039129,-24.6156,151.105,0
2009-08,ASN00039135,-24.8036,152.4547,30
2009-08,ASN00039142,-24.8139,149.9892,0
2009-08,ASN00039151,-24.8075,150.2197,0
2009-08,ASN00039067,-23.5798,150.4044,0
2009-08,ASN00039066,-25.6167,151.6156,70
2009-08,ASN00039059,-24.1116,152.7161,24
2009-08,ASN00039054,-24.1967,150.3714,0
2009-08,ASN00038004,-24.8522,143.6672,0
2009-08,ASN00038009,-24.7856,139.5919,0
2009-08,ASN00038010,-22.9144,138.8036,0
2009-08,ASN00038012,-24.8303,143.9331,0
2009-08,ASN00038014,-23.365,139.6556,0
2009-08,ASN00038020,-25.79,139.5856,0
2009-08,ASN00038024,-25.4228,142.6564,0
2009-08,ASN00038026,-25.8975,139.3472,0
2009-08,ASN00038035,-25.5903,143.8917,0
2009-08,ASN00039168,-25.1025,152.5603,30
2009-08,ASN00038049,-24.8519,142.6964,0
2009-08,ASN00038060,-25.1806,142.6817,0
2009-08,ASN00038062,-24.6947,143.1275,0
2009-08,ASN00038063,-25.1494,142.9833,0
2009-08,ASN00039000,-25.1333,151.1292,40
2009-08,ASN00039009,-24.8408,152.2414,24
2009-08,ASN00039018,-24.0222,151.7642,0
2009-08,ASN00039036,-25.3706,151.1222,18
2009-08,ASN00039040,-24.9933,151.9606,46
2009-08,ASN00039043,-23.5255,150.5078,0
2009-08,ASN00038056,-25.6653,142.1086,0
2009-08,ASN00039175,-24.4167,151.2119,0
2009-08,ASN00039186,-24.9297,152.1983,28
2009-08,ASN00039201,-24.3278,149.8556,0
2009-08,ASN00039349,-23.6211,150.1567,0
2009-08,ASN00040004,-27.6297,152.7111,10
2009-08,ASN00040020,-26.8848,152.1006,40
2009-08,ASN00040026,-25.5997,152.5925,56
2009-08,ASN00040028,-25.6006,152.2614,80
2009-08,ASN00040042,-28.0142,153.1664,50
2009-08,ASN00040043,-27.0314,153.4661,10
2009-08,ASN00040051,-26.7297,152.7169,98
2009-08,ASN00040056,-27.3914,152.5014,42
2009-08,ASN00039346,-25.695,151.3325,26
2009-08,ASN00040057,-26.1842,152.9136,0
2009-08,ASN00040075,-27.2397,152.4219,44
2009-08,ASN00040078,-26.4769,152.945,98
2009-08,ASN00040079,-27.5831,152.3806,41
2009-08,ASN00040082,-27.5436,152.3375,44
2009-08,ASN00040083,-27.5428,152.2817,40
2009-08,ASN00040089,-26.0564,152.7889,0
2009-08,ASN00040093,-26.1831,152.6414,12
2009-08,ASN00040094,-27.8117,152.6675,44
2009-08,ASN00040104,-27.949,152.6235,25
2009-08,ASN00040068,-25.9319,153.1906,2
2009-08,ASN00038003,-22.9117,139.9039,0
2009-08,ASN00039343,-25.5378,151.32,54
2009-08,ASN00039340,-25.62,151.59,42
2009-08,ASN00039205,-24.8725,150.8236,0
2009-08,ASN00039220,-24.6544,151.6311,0
2009-08,ASN00039241,-23.7583,151.3097,0
2009-08,ASN00039242,-23.4009,150.6238,6
2009-08,ASN00039248,-24.9389,150.8033,0
2009-08,ASN00039251,-24.7275,151.4308,0
2009-08,ASN00039252,-24.2122,151.4219,0
2009-08,ASN00039255,-24.1664,151.5128,14
2009-08,ASN00039256,-25.1475,151.6286,86
2009-08,ASN00039341,-25.5247,151.76,58
2009-08,ASN00039278,-24.8394,150.7444,0
2009-08,ASN00039313,-25.1367,151.98,30
2009-08,ASN00039314,-24.1542,151.8875,2
2009-08,ASN00039319,-25.1303,151.1297,130
2009-08,ASN00039321,-25.4,151.1,30
2009-08,ASN00039326,-23.8697,151.2214,0
2009-08,ASN00039332,-24.41,149.8356,0
2009-08,ASN00039334,-24.0213,150.9603,0
2009-08,ASN00039338,-24.9822,152.0731,36
2009-08,ASN00039339,-25.1475,151.6286,70
2009-08,ASN00039303,-25.2558,152.2819,6
2009-08,ASN00038000,-24.3597,139.4714,0
2009-08,ASN00037120,-21.8958,143.0967,0
2009-08,ASN00037112,-23.9686,143.3031,0
2009-08,ASN00034084,-20.0464,146.2708,0
2009-08,ASN00034094,-20.9994,146.4272,0
2009-08,ASN00034100,-22.2411,148.43,0
2009-08,ASN00035001,-23.5522,147.7461,138
2009-08,ASN00035014,-26.1206,149.9614,32
2009-08,ASN00035015,-25.4025,149.1044,12
2009-08,ASN00035016,-23.0856,148.0236,0
2009-08,ASN00035039,-26.3564,150.0464,12
2009-08,ASN00035040,-25.5811,148.4811,10
2009-08,ASN00034061,-22.9372,149.1386,0
2009-08,ASN00035049,-24.5608,145.7869,0
2009-08,ASN00035063,-24.2111,148.7403,47
2009-08,ASN00035064,-24.4481,147.8986,0
2009-08,ASN00035065,-24.123,148.0856,12
2009-08,ASN00035068,-25.6103,148.9444,12
2009-08,ASN00035069,-24.8819,146.2564,0
2009-08,ASN00035070,-25.6408,149.7958,12
2009-08,ASN00035072,-24.8856,146.2781,0
2009-08,ASN00035077,-24.9214,148.6006,0
2009-08,ASN00035079,-24.6217,147.4064,0
2009-08,ASN00035053,-23.1864,147.3539,0
2009-08,ASN00035081,-26.2853,149.8283,0
2009-08,ASN00034044,-21.0767,146.5133,0
2009-08,ASN00034015,-22.0656,147.7219,0
2009-08,ASN00033285,-23.0883,150.11,0
2009-08,ASN00033286,-19.7586,147.2436,0
2009-08,ASN00033287,-19.9717,147.2508,0
2009-08,ASN00033289,-20.1425,147.5631,0
2009-08,ASN00033290,-20.2897,147.9019,0
2009-08,ASN00033291,-20.3089,147.2961,0
2009-08,ASN00033292,-20.5819,147.5981,0
2009-08,ASN00033294,-23.1364,150.7506,18
2009-08,ASN00033295,-19.4569,147.4833,20
2009-08,ASN00034027,-22.7744,148.81,0
2009-08,ASN00033299,-21.2725,148.8203,10
2009-08,ASN00033301,-21.3228,148.835,10
2009-08,ASN00033303,-21.1397,149.1883,0
2009-08,ASN00033306,-20.4103,148.2306,0
2009-08,ASN00033307,-19.4167,146.5364,4
2009-08,ASN00033308,-22.7433,150.6578,22
2009-08,ASN00033310,-23.2,150.3978,8
2009-08,ASN00033312,-23.2233,150.605,14
2009-08,ASN00033313,-22.8264,150.3372,0
2009-08,ASN00034010,-20.4328,146.0131,0
2009-08,ASN00033300,-21.1439,149.0753,20
2009-08,ASN00040106,-26.5956,152.7281,120
2009-08,ASN00035088,-24.3339,147.9425,0
2009-08,ASN00035094,-22.4831,147.5172,0
2009-08,ASN00036036,-23.6239,145.6892,0
2009-08,ASN00036037,-22.595,144.5469,0
2009-08,ASN00036046,-21.6292,145.1167,0
2009-08,ASN00036050,-22.0231,145.9831,0
2009-08,ASN00036074,-22.3022,145.99,0
2009-08,ASN00036127,-24.6017,143.8314,0
2009-08,ASN00036143,-24.4214,145.4672,0
2009-08,ASN00036160,-22.2717,147.0903,0
2009-08,ASN00036168,-24.9553,145.2489,0
2009-08,ASN00036034,-24.4303,145.4306,6
2009-08,ASN00036172,-21.9667,144.3333,0
2009-08,ASN00037003,-20.4661,138.4683,0
2009-08,ASN00037010,-19.9225,138.1214,0
2009-08,ASN00037025,-21.55,143.8031,0
2009-08,ASN00037030,-21.8886,143.6019,0
2009-08,ASN00037034,-21.8125,139.9267,0
2009-08,ASN00037036,-21.84,140.8925,0
2009-08,ASN00037039,-22.3617,143.0836,0
2009-08,ASN00037046,-22.2903,142.4731,0
2009-08,ASN00037106,-21.8831,139.9728,0
2009-08,ASN00037000,-22.1542,142.49,0
2009-08,ASN00035090,-24.9588,148.3743,0
2009-08,ASN00036031,-23.4372,144.2769,0
2009-08,ASN00036026,-24.2591,144.4406,0
2009-08,ASN00035109,-22.8181,148.49,0
2009-08,ASN00035117,-25.3864,149.7842,0
2009-08,ASN00035132,-23.4292,148.9272,0
2009-08,ASN00035135,-25.7583,149.4067,56
2009-08,ASN00035151,-25.2797,148.85,0
2009-08,ASN00035165,-24.0717,146.6139,30
2009-08,ASN00035182,-25.6753,149.6331,0
2009-08,ASN00035207,-24.2236,148.0958,16
2009-08,ASN00035211,-22.6217,147.6589,0
2009-08,ASN00036028,-22.1769,144.0486,0
2009-08,ASN00035221,-23.3039,148.1056,0
2009-08,ASN00035242,-25.8986,150.1297,42
2009-08,ASN00035264,-23.5694,148.1756,12
2009-08,ASN00035274,-23.8467,148.1083,0
2009-08,ASN00035282,-25.6333,149.7833,10
2009-08,ASN00036004,-22.9717,145.245,0
2009-08,ASN00036006,-21.7117,144.3928,0
2009-08,ASN00036007,-23.5544,145.2883,2
2009-08,ASN00036011,-22.2067,145.0083,0
2009-08,ASN00036023,-21.5119,144.6339,0
2009-08,ASN00035225,-24.2897,148.1053,0
2009-08,ASN00040123,-26.6225,152.8656,92
2009-08,ASN00040126,-25.5161,152.7156,58
2009-08,ASN00040139,-28.0708,152.6119,11
2009-08,ASN00040861,-26.6006,153.0903,60
2009-08,ASN00040865,-28.0936,152.7158,10
2009-08,ASN00040867,-27.9406,152.6236,18
2009-08,ASN00040868,-25.7417,152.2353,100
2009-08,ASN00040876,-28.2372,152.4867,0
2009-08,ASN00040878,-27.6947,153.1364,70
2009-08,ASN00040881,-27.9561,153.4233,30
2009-08,ASN00040882,-28.1653,153.2161,10
2009-08,ASN00040891,-25.6022,152.2603,64
2009-08,ASN00040856,-25.9007,153.0891,8
2009-08,ASN00040893,-26.0642,152.7728,0
2009-08,ASN00040902,-25.4969,152.3836,60
2009-08,ASN00040903,-25.2386,152.5319,90
2009-08,ASN00040904,-25.2756,152.5089,80
2009-08,ASN00040905,-25.2928,152.4097,60
2009-08,ASN00040906,-25.4019,152.5317,40
2009-08,ASN00040907,-25.3289,152.5619,0
2009-08,ASN00040908,-26.3911,153.0403,20
2009-08,ASN00040913,-27.4808,153.0389,40
2009-08,ASN00040914,-27.4942,152.4972,168
2009-08,ASN00040896,-25.6517,152.6633,60
2009-08,ASN00040922,-26.5737,151.8398,8
2009-08,ASN00040854,-27.6839,153.1947,73
2009-08,ASN00040846,-28.0017,153.3083,20
2009-08,ASN00040788,-27.6583,153.0,130
2009-08,ASN00040790,-27.5467,153.0717,30
2009-08,ASN00040794,-27.6956,152.9333,80
2009-08,ASN00040801,-26.3878,152.6842,20
2009-08,ASN00040808,-27.2641,152.1959,14
2009-08,ASN00040811,-26.0833,152.2167,30
2009-08,ASN00040814,-26.5256,152.7428,190
2009-08,ASN00040816,-27.6658,152.6989,70
2009-08,ASN00040824,-26.1711,152.5994,20
2009-08,ASN00040849,-27.9136,153.3657,23
2009-08,ASN00040825,-25.9,152.3497,30
2009-08,ASN00040829,-27.5439,152.1133,10
2009-08,ASN00040830,-26.6278,152.7042,100
2009-08,ASN00040832,-28.2033,152.77,0
2009-08,ASN00040833,-25.7683,152.525,40
2009-08,ASN00040836,-27.6272,152.7461,50
2009-08,ASN00040841,-28.1481,152.57,0
2009-08,ASN00040842,-27.3917,153.1292,18
2009-08,ASN00040844,-28.135,153.1883,10
2009-08,ASN00040845,-28.2006,153.1872,10
2009-08,ASN00040827,-25.7167,151.8,80
2009-08,ASN00040786,-27.7456,152.9081,50
2009-08,ASN00040924,-26.9028,152.7664,128
2009-08,ASN00040931,-28.2314,153.1356,50
2009-08,ASN00040980,-27.1822,153.0186,0
2009-08,ASN00041012,-26.6764,150.8992,36
2009-08,ASN00041013,-28.2264,152.0661,4
2009-08,ASN00041014,-28.3539,151.6281,14
2009-08,ASN00041016,-27.5331,151.2025,43
2009-08,ASN00041018,-27.9317,151.9058,4
2009-08,ASN00041022,-28.5,151.9722,38
2009-08,ASN00041024,-27.2067,151.8467,60
2009-08,ASN00041025,-27.5742,151.0839,0
2009-08,ASN00040979,-27.1247,152.9356,50
2009-08,ASN00041034,-28.4039,151.4703,53
2009-08,ASN00041047,-28.4147,151.0828,0
2009-08,ASN00041050,-26.7797,151.1111,46
2009-08,ASN00041052,-26.6928,151.0964,26
2009-08,ASN00041053,-27.3675,151.5897,64
2009-08,ASN00041056,-28.3344,152.2953,32
2009-08,ASN00041072,-27.4831,151.6003,60
2009-08,ASN00041082,-27.7156,151.6333,40
2009-08,ASN00023005,-34.9464,138.6519,614
2009-08,ASN00041083,-28.0694,151.7797,0
2009-08,ASN00041037,-27.3072,151.8506,38
2009-08,ASN00040928,-27.5639,152.8208,67
2009-08,ASN00040978,-27.0797,153.1803,50
2009-08,ASN00040973,-27.7472,153.1919,110
2009-08,ASN00040932,-28.2608,153.0917,20
2009-08,ASN00040933,-28.27,153.0264,30
2009-08,ASN00040935,-27.7864,153.0161,40
2009-08,ASN00040936,-28.0614,153.0408,180
2009-08,ASN00040937,-27.9978,153.1575,20
2009-08,ASN00040938,-27.9108,153.1047,50
2009-08,ASN00040939,-27.9681,152.9861,40
2009-08,ASN00040941,-28.0708,152.8558,20
2009-08,ASN00040942,-28.3222,152.7697,40
2009-08,ASN00040976,-27.4753,152.9753,69
2009-08,ASN00040943,-28.2453,152.8908,30
2009-08,ASN00040945,-28.0708,152.9272,60
2009-08,ASN00040946,-28.2153,152.8681,40
2009-08,ASN00040947,-28.1481,152.57,10
2009-08,ASN00040948,-28.1461,152.7358,0
2009-08,ASN00040949,-28.0033,152.6875,30
2009-08,ASN00040958,-27.2169,153.0922,4
2009-08,ASN00040964,-27.6696,153.0442,92
2009-08,ASN00040965,-27.2442,153.0867,18
2009-08,ASN00040969,-27.0717,153.1058,44
2009-08,ASN00040944,-28.1692,152.9833,10
2009-08,ASN00033280,-19.6333,147.1103,0
2009-08,ASN00040785,-27.6017,152.9511,40
2009-08,ASN00040782,-26.3297,152.8136,0
2009-08,ASN00040258,-26.8408,151.9806,33
2009-08,ASN00040259,-26.8933,151.8975,8
2009-08,ASN00040269,-27.6374,153.3735,64
2009-08,ASN00040284,-26.9586,152.9619,70
2009-08,ASN00040289,-27.1136,151.8517,96
2009-08,ASN00040290,-28.1725,152.72,0
2009-08,ASN00040301,-27.1882,151.9634,22
2009-08,ASN00040307,-26.9664,151.7086,60
2009-08,ASN00040312,-27.7354,152.9443,60
2009-08,ASN00040255,-26.41,151.815,0
2009-08,ASN00040320,-27.4174,153.1552,538
2009-08,ASN00040335,-27.9694,153.2133,40
2009-08,ASN00040343,-27.0397,152.8678,90
2009-08,ASN00040345,-27.8064,153.2072,40
2009-08,ASN00040385,-26.5539,151.6678,10
2009-08,ASN00040388,-27.6342,152.2206,48
2009-08,ASN00040390,-25.65,152.6647,40
2009-08,ASN00040394,-28.2321,152.7829,0
2009-08,ASN00040395,-27.7183,152.1211,44
2009-08,ASN00040396,-26.7778,152.8033,110
2009-08,ASN00040334,-25.5097,152.0456,38
2009-08,ASN00040405,-25.322,152.8817,38
2009-08,ASN00040247,-26.8422,152.5803,72
2009-08,ASN00040231,-27.4565,153.18,82
2009-08,ASN00040140,-27.1492,152.5781,104
2009-08,ASN00040141,-27.6163,153.2039,126
2009-08,ASN00040144,-25.7411,152.2364,98
2009-08,ASN00040145,-27.0625,152.7789,89
2009-08,ASN00040151,-25.605,152.5892,46
2009-08,ASN00040162,-28.1634,153.2126,0
2009-08,ASN00040167,-28.326,152.7696,30
2009-08,ASN00040169,-26.8425,152.8819,74
2009-08,ASN00040170,-27.3042,152.0542,16
2009-08,ASN00040246,-26.5539,151.4156,0
2009-08,ASN00040177,-26.1639,151.6014,34
2009-08,ASN00040189,-27.1147,152.555,60
2009-08,ASN00040196,-28.14,153.4293,36
2009-08,ASN00040197,-27.9695,153.1952,64
2009-08,ASN00040199,-26.7433,151.8439,0
2009-08,ASN00040206,-26.325,152.7869,0
2009-08,ASN00040209,-27.4361,153.5456,71
2009-08,ASN00040211,-27.5717,153.0078,44
2009-08,ASN00040223,-27.4178,153.1142,21
2009-08,ASN00040224,-27.4193,153.0024,26
2009-08,ASN00040184,-27.6322,152.5944,76
2009-08,ASN00040784,-27.615,153.0444,70
2009-08,ASN00040407,-28.0557,153.033,0
2009-08,ASN00040416,-28.0017,153.3083,10
2009-08,ASN00040672,-27.5486,152.0236,32
2009-08,ASN00040677,-28.1752,152.6557,2
2009-08,ASN00040686,-26.1842,152.8208,10
2009-08,ASN00040688,-25.9575,152.4919,20
2009-08,ASN00040693,-27.3786,152.8164,14
2009-08,ASN00040695,-26.6842,152.9589,84
2009-08,ASN00040708,-26.0336,151.0603,32
2009-08,ASN00040714,-28.0708,152.9272,10
2009-08,ASN00040715,-27.6473,153.1718,80
2009-08,ASN00040671,-26.2839,151.1897,14
2009-08,ASN00040717,-28.1681,153.5053,14
2009-08,ASN00040738,-27.9114,153.1056,10
2009-08,ASN00040754,-28.2153,152.8681,0
2009-08,ASN00040761,-27.7828,153.1889,50
2009-08,ASN00040762,-27.8336,152.9878,30
2009-08,ASN00040763,-27.395,152.6097,24
2009-08,ASN00040764,-27.939,153.4283,42
2009-08,ASN00040770,-27.5152,153.2492,80
2009-08,ASN00040777,-26.4572,152.6803,60
2009-08,ASN00040778,-26.3583,152.6283,10
2009-08,ASN00040722,-26.0942,151.4417,75
2009-08,ASN00040412,-25.2483,152.6636,78
2009-08,ASN00040659,-27.6956,152.9408,86
2009-08,ASN00040609,-28.1178,153.4457,20
2009-08,ASN00040417,-28.0686,153.4241,0
2009-08,ASN00040424,-27.755,152.0814,40
2009-08,ASN00040430,-25.2825,152.8994,44
2009-08,ASN00040449,-27.5572,152.2308,36
2009-08,ASN00040455,-25.85,151.3667,20
2009-08,ASN00040458,-27.5314,153.1825,120
2009-08,ASN00040463,-27.5797,152.9875,68
2009-08,ASN00040469,-25.8694,152.3172,54
2009-08,ASN00040478,-25.5047,153.1289,70
2009-08,ASN00040635,-26.8369,152.4914,92
2009-08,ASN00040480,-27.2883,152.1239,26
2009-08,ASN00040490,-28.2086,152.5389,6
2009-08,ASN00040493,-27.78,152.5346,36
2009-08,ASN00040503,-27.6075,152.58,50
2009-08,ASN00040516,-27.8429,153.3502,0
2009-08,ASN00040517,-27.1953,152.7539,32
2009-08,ASN00040534,-28.1629,153.2641,0
2009-08,ASN00040537,-27.4973,153.4078,1
2009-08,ASN00040550,-28.2452,153.2369,24
2009-08,ASN00040607,-28.2031,153.2719,14
2009-08,ASN00040485,-28.249,152.5232,22
2009-08,ASN00033277,-21.1789,148.8297,0
2009-08,ASN00040120,-27.4617,152.5747,82
2009-08,ASN00033269,-20.3078,148.2181,0
2009-08,ASN00024502,-34.6923,139.4396,156
2009-08,ASN00024504,-34.1233,139.3509,160
2009-08,ASN00024508,-35.125,139.0433,492
2009-08,ASN00024509,-34.3515,139.1289,568
2009-08,ASN00024511,-34.1754,139.0847,488
2009-08,ASN00024515,-35.2959,139.0328,394
2009-08,ASN00024518,-35.6902,139.3375,456
2009-08,ASN00024519,-35.4068,138.9701,442
2009-08,ASN00024521,-35.1234,139.2592,337
2009-08,ASN00024501,-34.0954,139.1543,220
2009-08,ASN00024525,-34.853,139.1607,416
2009-08,ASN00024531,-34.5719,139.2961,364
2009-08,ASN00024536,-35.2546,139.4542,140
2009-08,ASN00024537,-35.619,139.4378,276
2009-08,ASN00024551,-35.1093,139.0806,437
2009-08,ASN00024554,-35.1978,139.5871,368
2009-08,ASN00024555,-34.2571,139.0923,536
2009-08,ASN00024564,-34.3515,139.6153,114
2009-08,ASN00024572,-35.2828,139.2031,370
2009-08,ASN00024573,-34.4085,139.1274,308
2009-08,ASN00024528,-33.9888,139.08,357
2009-08,ASN00024575,-34.5444,139.193,486
2009-08,ASN00024048,-34.1983,140.6766,144
2009-08,ASN00024025,-34.2717,140.5964,40
2009-08,ASN00023878,-34.7253,138.9273,892
2009-08,ASN00023879,-34.8476,138.8751,1028
2009-08,ASN00023880,-34.7595,138.9341,1032
2009-08,ASN00023881,-34.7742,139.0062,766
2009-08,ASN00023882,-34.8713,138.9058,1166
2009-08,ASN00023885,-35.1586,138.5057,472
2009-08,ASN00023887,-35.1712,138.6783,738
2009-08,ASN00023890,-35.0012,138.62,678
2009-08,ASN00023891,-34.9847,138.7404,1602
2009-08,ASN00024031,-34.17,139.817,146
2009-08,ASN00023892,-34.8856,138.7562,834
2009-08,ASN00023896,-34.8757,138.7103,736
2009-08,ASN00023897,-35.3159,138.6218,872
2009-08,ASN00023905,-34.9695,138.741,1256
2009-08,ASN00024001,-34.2591,140.4708,20
2009-08,ASN00024003,-34.1658,140.7541,150
2009-08,ASN00024008,-34.2579,140.6478,156
2009-08,ASN00024010,-34.2918,140.3632,157
2009-08,ASN00024013,-34.4442,140.4958,150
2009-08,ASN00024024,-34.439,140.5978,156
2009-08,ASN00023894,-35.5194,138.8177,448
2009-08,ASN00023876,-35.2276,138.5366,246
2009-08,ASN00024576,-35.348,138.9771,386
2009-08,ASN00024578,-34.0647,139.6605,124
2009-08,ASN00025519,-36.3654,140.9096,594
2009-08,ASN00025523,-35.8597,139.5599,579
2009-08,ASN00025557,-36.1058,140.3273,640
2009-08,ASN00025558,-35.4696,139.9461,385
2009-08,ASN00025560,-36.3098,140.74,288
2009-08,ASN00025561,-36.3994,140.8424,874
2009-08,ASN00025562,-35.3778,140.5378,328
2009-08,ASN00026000,-37.4861,140.0115,1136
2009-08,ASN00026007,-36.7124,140.9552,812
2009-08,ASN00025514,-35.8806,140.0594,116
2009-08,ASN00026012,-36.8309,139.8526,1038
2009-08,ASN00026017,-36.501,140.3835,870
2009-08,ASN00026018,-37.5872,140.3426,388
2009-08,ASN00026020,-37.8333,140.7833,1345
2009-08,ASN00026021,-37.7473,140.7739,1424
2009-08,ASN00026025,-37.3803,140.8379,1146
2009-08,ASN00026026,-37.1628,139.756,846
2009-08,ASN00026058,-36.6064,140.7118,868
2009-08,ASN00026062,-36.9229,140.5809,923
2009-08,ASN00026067,-37.9594,140.7703,1374
2009-08,ASN00026016,-36.9731,140.3664,552
2009-08,ASN00024577,-35.7344,139.2675,536
2009-08,ASN00025513,-35.3627,139.9503,142
2009-08,ASN00025507,-36.098,140.3556,584
2009-08,ASN00024579,-34.8788,138.974,758
2009-08,ASN00024580,-35.2836,138.8934,674
2009-08,ASN00024582,-35.1016,139.1426,340
2009-08,ASN00024584,-35.065,139.2273,346
2009-08,ASN00025000,-34.7314,140.5036,52
2009-08,ASN00025002,-34.8276,139.6673,205
2009-08,ASN00025006,-35.09,139.8972,234
2009-08,ASN00025013,-35.2977,140.6667,314
2009-08,ASN00025014,-34.7169,140.7352,124
2009-08,ASN00025512,-35.3805,140.2519,426
2009-08,ASN00025015,-35.268,140.9075,239
2009-08,ASN00025036,-35.1524,140.288,302
2009-08,ASN00025039,-35.0393,139.9844,200
2009-08,ASN00025042,-35.244,139.8261,342
2009-08,ASN00025046,-35.0662,140.856,314
2009-08,ASN00025050,-34.6345,140.2432,118
2009-08,ASN00025051,-34.5876,140.0791,130
2009-08,ASN00025502,-35.379,139.5617,172
2009-08,ASN00025504,-35.6984,139.8633,382
2009-08,ASN00025506,-35.38,140.1588,368
2009-08,ASN00025018,-34.7884,140.5003,140
2009-08,ASN00023875,-35.5695,138.2864,952
2009-08,ASN00023873,-34.9913,138.6937,1024
2009-08,ASN00023871,-35.3175,138.4636,654
2009-08,ASN00023306,-34.1697,138.8095,538
2009-08,ASN00023307,-34.3412,138.9155,274
2009-08,ASN00023310,-34.005,138.8142,597
2009-08,ASN00023314,-34.158,138.7483,608
2009-08,ASN00023318,-34.5169,138.9598,727
2009-08,ASN00023319,-34.2778,138.7725,644
2009-08,ASN00023348,-34.5103,138.835,462
2009-08,ASN00023349,-34.0936,138.7952,558
2009-08,ASN00023355,-34.207,138.7886,608
2009-08,ASN00023305,-34.4577,138.9277,684
2009-08,ASN00023357,-34.4709,138.9991,622
2009-08,ASN00023369,-34.4557,138.9222,698
2009-08,ASN00023370,-34.3143,138.7293,494
2009-08,ASN00023372,-34.4534,139.0638,776
2009-08,ASN00023373,-34.4761,139.0056,478
2009-08,ASN00023374,-34.2523,139.0183,432
2009-08,ASN00023704,-35.0077,138.6498,827
2009-08,ASN00023705,-34.8148,138.9474,978
2009-08,ASN00023707,-35.0102,138.7602,1464
2009-08,ASN00023709,-35.0611,138.6585,1030
2009-08,ASN00023365,-34.2318,138.6952,382
2009-08,ASN00023710,-35.1087,138.6256,794
2009-08,ASN00023129,-34.4611,138.5581,402
2009-08,ASN00023122,-34.5106,138.6763,446
2009-08,ASN00023013,-34.7977,138.6281,474
2009-08,ASN00023023,-34.7674,138.6434,266
2009-08,ASN00033270,-20.525,148.2125,0
2009-08,ASN00023024,-34.8978,138.5092,534
2009-08,ASN00023031,-34.9697,138.6331,320
2009-08,ASN00023034,-34.9524,138.5204,332
2009-08,ASN00023042,-34.9387,138.6607,650
2009-08,ASN00023043,-34.7607,138.6311,342
2009-08,ASN00023055,-34.9552,138.5356,300
2009-08,ASN00023128,-34.2015,138.597,452
2009-08,ASN00023076,-34.432,138.2587,222
2009-08,ASN00023085,-34.9222,138.6805,750
2009-08,ASN00023087,-34.5371,138.6049,350
2009-08,ASN00023096,-34.8564,138.6844,680
2009-08,ASN00023101,-34.8925,138.6422,564
2009-08,ASN00023105,-34.9808,138.621,442
2009-08,ASN00023107,-34.601,138.7359,356
2009-08,ASN00023108,-35.0495,138.7259,912
2009-08,ASN00023114,-34.9542,138.6586,546
2009-08,ASN00023115,-34.9473,138.5827,410
2009-08,ASN00023083,-34.7111,138.6222,290
2009-08,ASN00023714,-35.3736,138.806,736
2009-08,ASN00023718,-35.4987,138.7638,26
2009-08,ASN00023719,-34.8237,138.8859,722
2009-08,ASN00023787,-35.0247,138.8578,1158
2009-08,ASN00023788,-34.9838,138.7179,1596
2009-08,ASN00023799,-35.2183,138.7342,1224
2009-08,ASN00023801,-34.9482,138.8071,892
2009-08,ASN00023803,-34.9423,138.727,1210
2009-08,ASN00023804,-35.5544,138.5997,876
2009-08,ASN00023806,-34.8067,138.7552,686
2009-08,ASN00023810,-34.971,138.7042,1188
2009-08,ASN00023817,-35.0221,138.7344,1374
2009-08,ASN00023786,-34.8269,139.0086,900
2009-08,ASN00023820,-34.6805,138.8561,816
2009-08,ASN00023825,-35.5288,138.8067,503
2009-08,ASN00023839,-35.0216,138.6097,664
2009-08,ASN00023842,-34.9784,138.7088,1168
2009-08,ASN00023846,-35.0028,138.6635,666
2009-08,ASN00023858,-34.763,138.7765,472
2009-08,ASN00023860,-34.9499,138.6866,618
2009-08,ASN00023865,-34.8944,138.8099,1006
2009-08,ASN00023866,-35.0068,138.8033,1224
2009-08,ASN00023867,-34.9342,138.7467,1428
2009-08,ASN00023822,-35.1802,139.0239,488
2009-08,ASN00023758,-34.7398,138.8715,834
2009-08,ASN00023756,-34.6603,138.9262,876
2009-08,ASN00023754,-35.458,138.35,254
2009-08,ASN00023720,-35.0303,138.8148,1076
2009-08,ASN00023721,-35.0608,138.5647,654
2009-08,ASN00023722,-34.9303,139.014,850
2009-08,ASN00023723,-35.4935,138.4575,770
2009-08,ASN00023725,-34.5569,139.1338,655
2009-08,ASN00023726,-34.9044,138.8742,763
2009-08,ASN00023727,-35.0484,138.7354,1138
2009-08,ASN00023731,-34.8331,138.8215,1114
2009-08,ASN00023732,-35.1351,138.5274,428
2009-08,ASN00023733,-35.0639,138.8509,1114
2009-08,ASN00023734,-35.1213,138.6769,872
2009-08,ASN00023735,-35.3497,138.6223,494
2009-08,ASN00023737,-34.7735,139.0501,455
2009-08,ASN00023738,-35.39,138.4652,552
2009-08,ASN00023739,-35.0369,138.913,586
2009-08,ASN00023741,-35.4519,138.3227,756
2009-08,ASN00023742,-35.5299,138.6896,595
2009-08,ASN00023747,-35.256,138.8901,860
2009-08,ASN00023750,-34.9563,138.7443,1406
2009-08,ASN00023752,-34.6717,138.8885,390
2009-08,ASN00023753,-35.2705,138.5591,362
2009-08,ASN00026086,-37.3797,140.3294,1126
2009-08,ASN00026091,-37.2906,140.8254,278
2009-08,ASN00023877,-34.7863,138.8651,918
2009-08,ASN00026095,-36.9655,139.7164,686
2009-08,ASN00032023,-18.5819,146.2839,0
2009-08,ASN00032031,-18.5406,146.3356,0
2009-08,ASN00032032,-18.5872,146.2508,0
2009-08,ASN00032033,-17.4608,145.8822,321
2009-08,ASN00032037,-17.6053,145.9972,90
2009-08,ASN00032040,-19.2483,146.7661,0
2009-08,ASN00032042,-17.9364,145.9253,218
2009-08,ASN00032043,-18.7218,145.9237,10
2009-08,ASN00032050,-19.2033,146.6131,0
2009-08,ASN00032020,-17.5556,145.9556,350
2009-08,ASN00032064,-19.0074,146.2057,0
2009-08,ASN00032094,-18.6156,146.1811,0
2009-08,ASN00032098,-19.0506,146.4058,0
2009-08,ASN00032101,-18.9558,146.2886,0
2009-08,ASN00032109,-18.1069,145.8053,10
2009-08,ASN00032117,-18.6867,146.2969,0
2009-08,ASN00032152,-17.5475,145.9292,290
2009-08,ASN00032155,-17.6094,145.9786,270
2009-08,ASN00032160,-17.6089,145.9792,310
2009-08,ASN00032161,-17.5967,145.9014,450
2009-08,ASN00032078,-18.6494,146.1769,3
2009-08,ASN00032163,-17.5236,146.0325,270
2009-08,ASN00032019,-17.7214,145.9222,184
2009-08,ASN00032004,-18.2553,146.0197,0
2009-08,ASN00031181,-17.545,145.7156,290
2009-08,ASN00031182,-17.5875,145.5997,190
2009-08,ASN00031183,-17.3594,145.5922,260
2009-08,ASN00031184,-17.4442,145.5094,70
2009-08,ASN00031185,-17.5175,145.6089,180
2009-08,ASN00031186,-17.6803,145.6603,90
2009-08,ASN00031187,-17.4694,145.7311,420
2009-08,ASN00031188,-17.0039,145.4281,0
2009-08,ASN00031189,-16.6583,145.5672,22
2009-08,ASN00032009,-17.835,146.0986,195
2009-08,ASN00031191,-18.1494,145.4803,0
2009-08,ASN00031197,-18.0394,144.8856,0
2009-08,ASN00031198,-17.3769,145.3803,10
2009-08,ASN00031200,-17.5908,145.5294,50
2009-08,ASN00031205,-16.9794,145.6747,90
2009-08,ASN00031209,-15.4461,145.1861,16
2009-08,ASN00031210,-17.0672,145.4283,8
2009-08,ASN00031213,-14.9672,145.3106,40
2009-08,ASN00032001,-18.8828,146.17,2
2009-08,ASN00032002,-18.5742,146.2225,0
2009-08,ASN00031196,-17.7047,145.1461,0
2009-08,ASN00031180,-16.5319,145.1325,0
2009-08,ASN00032164,-17.6808,145.8878,120
2009-08,ASN00032166,-17.5456,145.9325,310
2009-08,ASN00033068,-21.1631,148.87,0
2009-08,ASN00033076,-23.1333,150.3669,0
2009-08,ASN00033077,-23.0967,150.7342,0
2009-08,ASN00033080,-21.0003,148.7375,0
2009-08,ASN00033096,-20.2081,148.13,0
2009-08,ASN00033106,-20.3658,148.9536,74
2009-08,ASN00033111,-22.8131,149.89,0
2009-08,ASN00033119,-21.1172,149.2169,8
2009-08,ASN00033151,-19.5953,146.9342,0
2009-08,ASN00033065,-22.3458,149.5356,2
2009-08,ASN00033170,-22.3614,149.3747,0
2009-08,ASN00033195,-22.4703,150.1786,2
2009-08,ASN00033210,-22.3472,149.5242,4
2009-08,ASN00033247,-20.4925,148.555,0
2009-08,ASN00033255,-20.3531,148.9508,104
2009-08,ASN00033260,-23.16,150.96,64
2009-08,ASN00033263,-20.4186,148.1108,0
2009-08,ASN00033265,-20.2886,148.1175,0
2009-08,ASN00033266,-20.2381,148.0311,0
2009-08,ASN00033267,-20.2197,148.1217,0
2009-08,ASN00033175,-20.2144,147.7761,0
2009-08,ASN00032165,-17.5308,145.8464,290
2009-08,ASN00033062,-20.0997,146.8892,0
2009-08,ASN00033059,-21.4267,149.2164,0
2009-08,ASN00032167,-17.9919,145.9425,140
2009-08,ASN00032169,-18.1919,145.3325,0
2009-08,ASN00032170,-18.4125,145.7722,10
2009-08,ASN00032171,-18.6347,146.1444,0
2009-08,ASN00032172,-18.4606,145.7383,20
2009-08,ASN00032173,-18.6797,145.9961,0
2009-08,ASN00032174,-18.4889,145.9364,0
2009-08,ASN00032176,-18.1439,145.61,10
2009-08,ASN00032183,-18.7497,146.115,0
2009-08,ASN00033060,-21.1422,149.0381,0
2009-08,ASN00032184,-18.4506,145.8294,0
2009-08,ASN00032186,-18.8478,145.9067,0
2009-08,ASN00033001,-19.5775,147.4075,0
2009-08,ASN00033002,-19.6169,147.3758,2
2009-08,ASN00033013,-20.5534,147.8464,0
2009-08,ASN00033038,-21.6256,149.2367,0
2009-08,ASN00033041,-20.5392,148.6572,0
2009-08,ASN00033045,-21.1706,149.1794,8
2009-08,ASN00033051,-19.8789,146.6319,0
2009-08,ASN00033053,-21.0011,148.9364,0
2009-08,ASN00032185,-18.5789,146.2803,0
2009-08,ASN00031168,-17.5875,145.6,290
2009-08,ASN00032162,-17.615,145.8011,180
2009-08,ASN00028008,-12.785,143.3047,82
2009-08,ASN00028004,-16.0008,144.0758,0
2009-08,ASN00028013,-16.2217,144.7081,0
2009-08,ASN00028023,-14.9258,144.1994,0
2009-08,ASN00028031,-14.7317,143.5864,0
2009-08,ASN00028035,-14.7117,143.7303,0
2009-08,ASN00029000,-18.2952,139.2828,0
2009-08,ASN00029004,-17.7425,139.5475,0
2009-08,ASN00029008,-20.7089,140.5192,0
2009-08,ASN00029012,-18.2044,142.2447,0
2009-08,ASN00028000,-15.5581,144.4453,0
2009-08,ASN00029030,-20.4247,141.4047,0
2009-08,ASN00029038,-15.4818,141.7483,0
2009-08,ASN00029058,-20.6672,141.7214,0
2009-08,ASN00029061,-18.9511,138.0531,0
2009-08,ASN00029063,-17.6872,141.0733,2
2009-08,ASN00029065,-18.7881,139.7119,0
2009-08,ASN00029069,-17.3383,138.2508,0
2009-08,ASN00029077,-17.7483,139.5356,2
2009-08,ASN00029092,-19.8392,140.9336,0
2009-08,ASN00029100,-18.6419,139.2516,0
2009-08,ASN00029037,-17.3297,141.8797,0
2009-08,ASN00029110,-15.6386,141.8228,0
2009-08,ASN00027075,-12.6167,142.0869,0
2009-08,ASN00027072,-12.0933,142.5589,30
2009-08,ASN00026098,-37.5422,140.8137,546
2009-08,ASN00026099,-36.9813,140.727,886
2009-08,ASN00031147,-14.6683,145.4467,23
2009-08,ASN00026100,-36.6539,140.5212,314
2009-08,ASN00026101,-37.4003,140.3351,1134
2009-08,ASN00026103,-37.134,140.7273,1194
2009-08,ASN00026104,-36.8465,140.5592,680
2009-08,ASN00026105,-37.1776,139.8054,844
2009-08,ASN00026107,-36.437,140.3356,888
2009-08,ASN00027073,-13.7606,143.1183,26
2009-08,ASN00026109,-37.3818,139.9454,1186
2009-08,ASN00027000,-13.3539,141.7208,0
2009-08,ASN00027015,-12.4536,142.6389,114
2009-08,ASN00027038,-16.4231,143.1456,0
2009-08,ASN00027042,-12.6267,141.8836,2
2009-08,ASN00027044,-13.0658,142.4511,20
2009-08,ASN00027045,-12.6778,141.9208,4
2009-08,ASN00027054,-10.0511,143.0686,86
2009-08,ASN00027058,-10.5844,142.29,22
2009-08,ASN00027061,-14.5181,142.0389,0
2009-08,ASN00026110,-36.7746,140.0222,978
2009-08,ASN00029121,-20.5958,139.6939,0
2009-08,ASN00029047,-19.6242,138.6386,0
2009-08,ASN00031037,-16.3842,145.5592,148
2009-08,ASN00030161,-20.7017,143.1167,0
2009-08,ASN00031010,-16.9333,145.7833,80
2009-08,ASN00031011,-16.8736,145.7458,80
2009-08,ASN00031012,-16.0969,145.4575,440
2009-08,ASN00031032,-17.4311,145.2028,0
2009-08,ASN00031036,-16.8178,145.6383,120
2009-08,ASN00029126,-20.7361,139.4817,0
2009-08,ASN00031040,-17.0692,145.7742,30
2009-08,ASN00031044,-16.4569,145.3775,70
2009-08,ASN00030158,-18.4564,143.2986,0
2009-08,ASN00031046,-17.677,145.115,0
2009-08,ASN00031069,-17.6697,145.2414,16
2009-08,ASN00031075,-17.1694,145.5481,40
2009-08,ASN00031104,-17.1644,145.8783,210
2009-08,ASN00031108,-17.1347,145.4281,18
2009-08,ASN00031119,-17.6758,145.2783,0
2009-08,ASN00031125,-17.3439,145.5028,90
2009-08,ASN00031131,-17.3394,144.6797,0
2009-08,ASN00031140,-17.27,145.8997,102
2009-08,ASN00031141,-17.2639,145.8536,832
2009-08,ASN00031062,-16.3906,145.3511,116
2009-08,ASN00030149,-21.0442,144.0992,0
2009-08,ASN00031004,-17.3436,145.9217,116
2009-08,ASN00030127,-20.9942,144.6433,0
2009-08,ASN00029131,-20.02,139.8433,0
2009-08,ASN00029132,-20.6556,142.1006,0
2009-08,ASN00029136,-21.3661,140.4986,0
2009-08,ASN00029139,-17.1142,139.5981,0
2009-08,ASN00029141,-20.6664,140.505,0
2009-08,ASN00029150,-20.8422,141.4292,0
2009-08,ASN00030137,-19.6347,145.7886,0
2009-08,ASN00029152,-18.7036,138.4839,0
2009-08,ASN00029154,-18.4306,141.2686,0
2009-08,ASN00029129,-21.215,140.2333,0
2009-08,ASN00029167,-18.7569,138.7056,0
2009-08,ASN00030048,-18.6242,144.5739,0
2009-08,ASN00030072,-20.0969,144.9875,0
2009-08,ASN00030082,-19.7037,144.3775,0
2009-08,ASN00030088,-19.3769,144.1156,0
2009-08,ASN00030103,-18.2225,143.9697,0
2009-08,ASN00030115,-19.055,144.9594,0
2009-08,ASN00030124,-18.3039,143.5306,0
2009-08,ASN00029127,-20.6778,139.4875,0
2009-08,ASN00030022,-20.8192,144.2333,0
2009-09,ASN00061339,-32.5584,151.8043,130
2009-09,ASN00061346,-31.8626,151.4398,534
2009-09,ASN00061336,-33.1556,150.6847,160
2009-09,ASN00061327,-32.8248,151.2613,265
2009-09,ASN00061329,-32.8323,151.3085,294
2009-09,ASN00061309,-32.6881,150.9728,330
2009-09,ASN00061349,-32.5667,151.6083,55
2009-09,ASN00061324,-32.2451,150.513,349
2009-09,ASN00061334,-33.0488,150.2325,326
2009-09,ASN00061350,-32.1714,151.5942,62
2009-09,ASN00061383,-33.2528,151.3164,120
2009-09,ASN00061366,-33.2815,151.5766,130
2009-09,ASN00061372,-31.8017,150.925,462
2009-09,ASN00061374,-32.2199,150.9193,201
2009-09,ASN00061375,-33.2894,151.2107,182
2009-09,ASN00061376,-33.0759,151.5382,414
2009-09,ASN00061377,-33.0933,151.6317,240
2009-09,ASN00061381,-33.4036,151.3928,140
2009-09,ASN00061382,-33.1681,151.2181,140
2009-09,ASN00061306,-31.8988,150.658,426
2009-09,ASN00061363,-32.0335,150.8264,252
2009-09,ASN00061295,-32.8108,151.3396,252
2009-09,ASN00063283,-33.7,150.0278,440
2009-09,ASN00061288,-32.3322,151.4595,160
2009-09,ASN00061143,-32.654,151.021,338
2009-09,ASN00061385,-33.0789,151.3403,180
2009-09,ASN00061151,-32.2426,151.683,110
2009-09,ASN00061152,-32.9995,151.2908,250
2009-09,ASN00061162,-32.8446,150.8398,322
2009-09,ASN00061170,-32.2809,151.7948,120
2009-09,ASN00061191,-32.6126,150.9761,530
2009-09,ASN00061192,-32.2092,150.7365,344
2009-09,ASN00061196,-31.7069,151.2131,436
2009-09,ASN00061294,-33.4666,151.4126,146
2009-09,ASN00061201,-33.0259,151.1882,292
2009-09,ASN00061209,-32.9597,150.675,168
2009-09,ASN00061211,-33.3588,150.7058,107
2009-09,ASN00061216,-33.4176,151.159,92
2009-09,ASN00061217,-33.2904,150.9708,100
2009-09,ASN00061220,-33.2381,151.3003,176
2009-09,ASN00061226,-32.936,151.1393,274
2009-09,ASN00061250,-32.6296,151.5919,148
2009-09,ASN00061260,-32.7886,151.3377,254
2009-09,ASN00061287,-32.1852,150.1737,274
2009-09,ASN00061205,-33.0297,151.1401,284
2009-09,ASN00061387,-33.245,151.5119,134
2009-09,ASN00063254,-33.3211,149.0828,542
2009-09,ASN00061394,-33.2177,151.1251,206
2009-09,ASN00063063,-33.6774,149.8374,542
2009-09,ASN00063073,-33.6896,149.5633,344
2009-09,ASN00063076,-33.0807,149.6901,396
2009-09,ASN00063081,-33.6956,150.5408,190
2009-09,ASN00063093,-34.3093,149.9677,404
2009-09,ASN00063113,-33.5497,148.91,478
2009-09,ASN00063114,-33.3439,149.1617,570
2009-09,ASN00063117,-33.6739,149.0471,534
2009-09,ASN00063118,-33.5156,150.4892,180
2009-09,ASN00063061,-33.8222,149.3244,562
2009-09,ASN00063119,-34.2347,149.265,372
2009-09,ASN00063142,-33.577,149.8591,678
2009-09,ASN00063146,-33.5544,150.0526,494
2009-09,ASN00063214,-33.3561,149.4058,590
2009-09,ASN00063229,-33.6773,148.6115,350
2009-09,ASN00063234,-33.6708,148.8565,295
2009-09,ASN00063245,-33.6492,149.0759,12
2009-09,ASN00063246,-33.5105,150.3711,282
2009-09,ASN00063271,-34.0417,149.3611,638
2009-09,ASN00061135,-32.1018,151.2333,240
2009-09,ASN00063132,-33.3808,150.0818,358
2009-09,ASN00061392,-31.7416,150.7937,468
2009-09,ASN00063049,-33.6094,150.0856,582
2009-09,ASN00063039,-33.7122,150.3087,238
2009-09,ASN00061405,-32.6753,151.6219,186
2009-09,ASN00061406,-33.0831,151.6511,140
2009-09,ASN00062003,-32.6657,149.1016,514
2009-09,ASN00062009,-31.9963,149.9856,248
2009-09,ASN00062013,-32.3634,149.5329,342
2009-09,ASN00062021,-32.5956,149.5956,316
2009-09,ASN00062032,-32.3592,149.9484,386
2009-09,ASN00062075,-32.4753,149.5151,261
2009-09,ASN00062089,-32.8936,149.3808,574
2009-09,ASN00063043,-33.5343,150.6338,114
2009-09,ASN00062093,-32.7236,149.7702,306
2009-09,ASN00062100,-32.7244,150.229,552
2009-09,ASN00062101,-32.5628,149.6149,322
2009-09,ASN00062102,-32.5204,150.0817,397
2009-09,ASN00063005,-33.4289,149.5559,688
2009-09,ASN00063013,-33.5366,150.4413,222
2009-09,ASN00063028,-33.6929,150.5291,196
2009-09,ASN00063029,-33.744,149.1046,698
2009-09,ASN00063035,-33.0362,149.4146,482
2009-09,ASN00063036,-33.8199,150.0227,718
2009-09,ASN00062099,-32.8366,148.9963,367
2009-09,ASN00061130,-32.5113,150.7968,204
2009-09,ASN00058161,-29.7583,153.0297,330
2009-09,ASN00061110,-32.8736,150.7936,250
2009-09,ASN00059002,-30.65,152.8486,60
2009-09,ASN00059006,-30.1619,153.0982,122
2009-09,ASN00059007,-31.0711,152.7717,110
2009-09,ASN00059009,-30.2358,153.0163,98
2009-09,ASN00059019,-30.3641,152.4061,282
2009-09,ASN00059030,-30.9225,153.087,120
2009-09,ASN00059040,-30.3107,153.1187,90
2009-09,ASN00059047,-31.1802,152.9681,112
2009-09,ASN00059070,-30.4508,152.6231,120
2009-09,ASN00058222,-29.7847,153.2639,250
2009-09,ASN00059107,-30.566,152.6528,64
2009-09,ASN00059113,-30.3098,152.7636,138
2009-09,ASN00059118,-30.2493,152.463,248
2009-09,ASN00059122,-30.8217,152.5067,90
2009-09,ASN00059124,-29.9806,152.7222,310
2009-09,ASN00059128,-30.9783,152.5106,120
2009-09,ASN00059138,-30.6639,152.6528,110
2009-09,ASN00059139,-30.1014,153.0009,128
2009-09,ASN00059140,-30.3442,152.7187,105
2009-09,ASN00060002,-32.4129,152.2079,170
2009-09,ASN00059110,-30.6688,152.7638,72
2009-09,ASN00060015,-32.0063,151.9597,86
2009-09,ASN00058220,-28.705,152.8414,210
2009-09,ASN00058214,-28.8343,153.2616,150
2009-09,ASN00063287,-33.4111,149.5861,610
2009-09,ASN00058158,-28.3395,153.3809,212
2009-09,ASN00058148,-28.5276,153.1519,176
2009-09,ASN00058162,-28.7278,153.4622,270
2009-09,ASN00058147,-28.6696,153.2789,151
2009-09,ASN00058165,-28.6229,153.409,184
2009-09,ASN00058167,-28.4147,153.3339,90
2009-09,ASN00058171,-28.9263,153.4178,356
2009-09,ASN00058180,-28.6069,153.2083,140
2009-09,ASN00058216,-28.6399,153.6358,60
2009-09,ASN00058186,-28.3283,153.4,200
2009-09,ASN00058194,-28.3811,152.7174,140
2009-09,ASN00058198,-28.8353,153.5585,174
2009-09,ASN00058199,-28.7364,153.1634,134
2009-09,ASN00058201,-28.7967,153.2386,150
2009-09,ASN00058202,-28.7406,153.075,260
2009-09,ASN00058204,-28.3217,153.3467,130
2009-09,ASN00058206,-28.7231,153.3614,170
2009-09,ASN00058208,-28.8775,153.052,196
2009-09,ASN00058212,-29.183,153.3964,392
2009-09,ASN00058193,-28.3538,153.293,95
2009-09,ASN00060017,-31.7004,152.5833,40
2009-09,ASN00060024,-31.7816,152.6684,94
2009-09,ASN00060031,-31.3364,152.7852,85
2009-09,ASN00060147,-31.7361,152.3989,84
2009-09,ASN00060148,-32.1625,152.2614,80
2009-09,ASN00061007,-32.0332,150.5836,248
2009-09,ASN00061010,-32.5879,151.7813,174
2009-09,ASN00061012,-33.0853,151.4633,208
2009-09,ASN00061014,-32.6385,151.4173,182
2009-09,ASN00061017,-32.4022,151.7582,162
2009-09,ASN00061031,-32.7756,151.735,138
2009-09,ASN00061041,-33.0955,151.5506,310
2009-09,ASN00060146,-31.9572,152.585,124
2009-09,ASN00061054,-32.7103,152.1612,384
2009-09,ASN00061071,-32.4027,151.9664,104
2009-09,ASN00061078,-32.7932,151.8359,202
2009-09,ASN00061092,-32.5932,151.3335,214
2009-09,ASN00061093,-33.3653,151.3264,179
2009-09,ASN00061095,-32.1939,151.0932,308
2009-09,ASN00061096,-32.5997,151.618,186
2009-09,ASN00061097,-31.9201,151.2355,416
2009-09,ASN00061100,-32.7667,151.0872,342
2009-09,ASN00061106,-32.3564,151.8059,156
2009-09,ASN00061055,-32.9185,151.7985,114
2009-09,ASN00060144,-32.3796,152.5062,106
2009-09,ASN00060141,-31.8896,152.512,144
2009-09,ASN00060139,-31.4336,152.8655,112
2009-09,ASN00060036,-31.862,152.3444,200
2009-09,ASN00060042,-32.1532,151.9511,94
2009-09,ASN00060046,-31.6877,152.2688,100
2009-09,ASN00060065,-32.2942,152.3047,110
2009-09,ASN00060075,-31.95,151.7923,140
2009-09,ASN00060085,-31.3865,152.2482,270
2009-09,ASN00060090,-31.3422,152.341,108
2009-09,ASN00060095,-32.375,152.3808,140
2009-09,ASN00060096,-32.2583,152.1208,0
2009-09,ASN00060099,-32.4436,152.1561,120
2009-09,ASN00060104,-31.4138,151.598,898
2009-09,ASN00060106,-31.6647,152.0637,222
2009-09,ASN00060112,-32.0525,151.9147,134
2009-09,ASN00060116,-31.4367,152.4633,96
2009-09,ASN00060117,-31.8833,152.15,1430
2009-09,ASN00060118,-31.7753,152.0778,210
2009-09,ASN00060121,-31.5667,152.2401,142
2009-09,ASN00060122,-31.8922,152.2739,120
2009-09,ASN00060128,-31.5833,151.3167,758
2009-09,ASN00060130,-31.2936,152.3121,202
2009-09,ASN00060137,-31.7683,151.8889,196
2009-09,ASN00061119,-33.385,150.9856,80
2009-09,ASN00063290,-33.4983,150.5215,82
2009-09,ASN00070261,-35.6904,149.5869,470
2009-09,ASN00063292,-33.6185,150.2741,314
2009-09,ASN00069017,-36.2519,150.2275,362
2009-09,ASN00069018,-35.9093,150.1532,428
2009-09,ASN00069019,-36.8402,149.5257,515
2009-09,ASN00069022,-36.2144,150.1358,420
2009-09,ASN00069023,-35.6488,150.1454,362
2009-09,ASN00069029,-37.3623,149.6984,636
2009-09,ASN00069033,-35.9017,149.9611,370
2009-09,ASN00069035,-35.7564,149.815,220
2009-09,ASN00069036,-36.0876,150.0508,554
2009-09,ASN00069015,-37.0557,149.9053,711
2009-09,ASN00069041,-35.2514,149.9158,322
2009-09,ASN00069048,-35.7581,149.8252,274
2009-09,ASN00069049,-35.1165,150.0847,340
2009-09,ASN00069050,-36.2967,149.843,304
2009-09,ASN00069052,-35.7343,150.0508,313
2009-09,ASN00069054,-36.2967,149.51,546
2009-09,ASN00069062,-35.9446,149.5876,490
2009-09,ASN00069065,-36.5676,149.7511,280
2009-09,ASN00069066,-36.9296,149.646,449
2009-09,ASN00069068,-36.6036,149.9984,262
2009-09,ASN00069042,-35.7661,149.9416,200
2009-09,ASN00069088,-36.1935,149.4735,481
2009-09,ASN00069014,-36.3881,149.8882,322
2009-09,ASN00069010,-35.4489,149.799,608
2009-09,ASN00068202,-34.6033,150.5487,200
2009-09,ASN00068213,-34.8667,150.605,190
2009-09,ASN00068215,-34.4167,150.1967,230
2009-09,ASN00068216,-34.1194,150.7402,200
2009-09,ASN00068217,-34.6866,150.5253,268
2009-09,ASN00068224,-34.5858,150.6264,200
2009-09,ASN00068228,-34.3691,150.9291,168
2009-09,ASN00068229,-35.2439,150.5098,354
2009-09,ASN00068233,-34.8517,150.3883,170
2009-09,ASN00069013,-36.7677,149.6951,254
2009-09,ASN00068239,-34.5253,150.4217,278
2009-09,ASN00068243,-34.5776,150.5118,294
2009-09,ASN00068245,-34.9528,150.7019,280
2009-09,ASN00068246,-34.5707,150.8383,214
2009-09,ASN00068247,-34.7679,150.562,260
2009-09,ASN00068248,-34.6625,150.4333,280
2009-09,ASN00068249,-34.9636,150.0967,360
2009-09,ASN00068255,-34.4875,150.4014,270
2009-09,ASN00069003,-36.6278,149.5705,281
2009-09,ASN00069006,-35.7011,149.7896,210
2009-09,ASN00068241,-34.5638,150.79,178
2009-09,ASN00069114,-36.5404,149.8229,200
2009-09,ASN00069121,-35.4411,150.2857,200
2009-09,ASN00069127,-35.6864,149.8386,324
2009-09,ASN00070112,-34.7226,149.1816,622
2009-09,ASN00070117,-34.7169,149.1207,564
2009-09,ASN00070124,-34.3024,149.8767,610
2009-09,ASN00070131,-34.545,149.6245,556
2009-09,ASN00070143,-34.6389,149.9541,280
2009-09,ASN00070144,-34.4084,149.8836,428
2009-09,ASN00070147,-34.5604,149.7381,432
2009-09,ASN00070161,-36.425,149.1139,680
2009-09,ASN00070165,-36.3541,149.198,434
2009-09,ASN00070106,-36.8439,149.3897,456
2009-09,ASN00070214,-35.6311,149.5,636
2009-09,ASN00070231,-35.3266,149.0492,448
2009-09,ASN00070237,-36.5902,149.3824,554
2009-09,ASN00070242,-35.2572,149.0742,696
2009-09,ASN00070246,-35.3098,149.1269,606
2009-09,ASN00070247,-35.2776,149.1095,420
2009-09,ASN00070263,-34.7495,149.7034,606
2009-09,ASN00070269,-34.6653,149.9888,268
2009-09,ASN00058127,-28.7319,153.4065,175
2009-09,ASN00070278,-36.2318,149.1243,393
2009-09,ASN00070217,-36.2939,148.9725,380
2009-09,ASN00070084,-36.9325,148.9393,526
2009-09,ASN00070080,-34.4048,149.8197,495
2009-09,ASN00070077,-34.9031,149.67,388
2009-09,ASN00069132,-35.4253,149.7835,724
2009-09,ASN00069134,-35.7234,150.1872,136
2009-09,ASN00069137,-37.2622,150.0504,440
2009-09,ASN00069138,-35.3635,150.4827,330
2009-09,ASN00069139,-36.6722,149.8191,258
2009-09,ASN00069140,-36.4948,149.7434,158
2009-09,ASN00069142,-35.924,150.0362,424
2009-09,ASN00069145,-35.9775,149.8611,320
2009-09,ASN00069147,-36.9077,149.8989,544
2009-09,ASN00069148,-35.9004,150.1437,372
2009-09,ASN00069150,-35.3785,150.0032,386
2009-09,ASN00070005,-36.9113,149.2379,400
2009-09,ASN00070016,-35.5889,149.4478,572
2009-09,ASN00070025,-34.4578,149.4693,672
2009-09,ASN00070032,-35.2274,148.9139,764
2009-09,ASN00070043,-34.7823,149.2681,368
2009-09,ASN00070045,-35.1548,149.057,968
2009-09,ASN00070054,-36.2009,149.0602,390
2009-09,ASN00070060,-35.1559,149.7725,300
2009-09,ASN00070061,-35.5646,149.7406,514
2009-09,ASN00070071,-34.6514,149.5024,630
2009-09,ASN00068200,-34.2075,150.7095,160
2009-09,ASN00063291,-33.412,149.654,602
2009-09,ASN00068192,-34.0391,150.689,344
2009-09,ASN00068160,-34.0542,150.8772,300
2009-09,ASN00065023,-33.0866,148.8598,395
2009-09,ASN00065030,-32.5192,148.5187,494
2009-09,ASN00065034,-32.5635,148.9503,529
2009-09,ASN00065041,-33.0956,148.8692,402
2009-09,ASN00065051,-32.9283,148.7547,288
2009-09,ASN00065068,-33.1281,148.2428,238
2009-09,ASN00065070,-32.2206,148.5753,352
2009-09,ASN00065084,-33.3711,148.5917,234
2009-09,ASN00065096,-33.2682,148.3945,192
2009-09,ASN00065022,-33.1628,148.5879,246
2009-09,ASN00065098,-32.6833,148.9167,20
2009-09,ASN00065103,-33.3627,147.9205,96
2009-09,ASN00065106,-32.0358,148.6552,300
2009-09,ASN00065111,-33.8449,148.6497,244
2009-09,ASN00065112,-33.4818,148.2608,176
2009-09,ASN00066011,-33.8,151.2,80
2009-09,ASN00066013,-33.8523,151.0985,106
2009-09,ASN00066034,-33.8507,151.1295,195
2009-09,ASN00066036,-33.9186,151.1402,170
2009-09,ASN00066037,-33.9465,151.1731,226
2009-09,ASN00065099,-32.3778,148.8741,424
2009-09,ASN00066048,-33.8483,151.1105,830
2009-09,ASN00065020,-33.183,148.6941,244
2009-09,ASN00065013,-33.4278,148.3721,186
2009-09,ASN00063293,-33.74,149.8822,410
2009-09,ASN00063295,-33.6297,150.2803,430
2009-09,ASN00063297,-33.5728,149.9128,580
2009-09,ASN00063298,-33.6144,149.6981,250
2009-09,ASN00063302,-33.8275,149.6033,420
2009-09,ASN00063303,-33.3813,149.127,512
2009-09,ASN00063304,-33.7181,149.5106,400
2009-09,ASN00064008,-31.2712,149.2714,842
2009-09,ASN00064009,-32.0159,149.3964,252
2009-09,ASN00065019,-33.6146,148.435,285
2009-09,ASN00064010,-32.1141,149.0365,342
2009-09,ASN00064017,-31.3304,149.2699,582
2009-09,ASN00064024,-31.5622,148.9547,354
2009-09,ASN00064025,-31.8231,149.72,212
2009-09,ASN00064027,-31.3125,149.2048,562
2009-09,ASN00064029,-32.0156,149.3925,206
2009-09,ASN00064050,-31.646,149.6209,350
2009-09,ASN00064054,-31.7914,149.6705,430
2009-09,ASN00065000,-32.4975,148.7488,526
2009-09,ASN00065010,-33.2869,148.7396,292
2009-09,ASN00064015,-31.8227,149.1217,280
2009-09,ASN00066052,-33.9096,151.2419,158
2009-09,ASN00066058,-33.9942,151.1292,110
2009-09,ASN00066059,-33.6908,151.2253,92
2009-09,ASN00067108,-33.8969,150.7281,270
2009-09,ASN00067109,-33.7678,150.9814,250
2009-09,ASN00067110,-33.7858,150.9236,225
2009-09,ASN00067111,-33.7931,151.0167,200
2009-09,ASN00067112,-33.7672,151.0186,290
2009-09,ASN00067113,-33.7195,150.6783,138
2009-09,ASN00067114,-33.8667,150.8611,100
2009-09,ASN00067119,-33.8511,150.8567,138
2009-09,ASN00068000,-34.5712,150.7761,168
2009-09,ASN00067105,-33.6004,150.7761,42
2009-09,ASN00068007,-34.0254,150.6455,328
2009-09,ASN00068035,-34.6642,150.7586,240
2009-09,ASN00068044,-34.4474,150.4568,214
2009-09,ASN00068072,-34.9469,150.5353,288
2009-09,ASN00068080,-34.9158,150.7312,242
2009-09,ASN00068083,-34.9282,150.7484,251
2009-09,ASN00068088,-35.0938,150.6228,184
2009-09,ASN00068110,-34.4829,150.8555,180
2009-09,ASN00068125,-34.0904,150.5052,265
2009-09,ASN00068151,-35.0936,150.8049,252
2009-09,ASN00068024,-34.2272,150.9111,306
2009-09,ASN00067104,-33.6617,150.9,60
2009-09,ASN00067094,-33.4383,150.8917,144
2009-09,ASN00067033,-33.6022,150.7794,44
2009-09,ASN00066073,-33.9105,151.2276,247
2009-09,ASN00066078,-34.0517,150.98,276
2009-09,ASN00066080,-33.7809,151.2044,42
2009-09,ASN00066098,-33.8809,151.2658,112
2009-09,ASN00066124,-33.7917,151.0181,236
2009-09,ASN00066128,-33.5965,151.3221,56
2009-09,ASN00066137,-33.9181,150.9864,164
2009-09,ASN00066142,-33.6761,151.1818,80
2009-09,ASN00066148,-33.97,151.0638,80
2009-09,ASN00066156,-33.7791,151.1121,146
2009-09,ASN00066176,-34.0658,151.0567,250
2009-09,ASN00066188,-33.7402,151.2173,74
2009-09,ASN00066194,-33.9057,151.1134,192
2009-09,ASN00066204,-34.0009,151.0738,110
2009-09,ASN00067002,-33.6667,150.6696,174
2009-09,ASN00067017,-33.8136,150.9392,172
2009-09,ASN00067019,-33.8193,150.9127,163
2009-09,ASN00067021,-33.6165,150.7477,86
2009-09,ASN00067023,-33.4972,151.0931,126
2009-09,ASN00067026,-33.7704,150.9318,296
2009-09,ASN00067027,-33.8902,150.5934,18
2009-09,ASN00068181,-34.7275,150.5208,240
2009-09,ASN00058113,-28.4738,153.0861,328
2009-09,ASN00041056,-28.3344,152.2953,196
2009-09,ASN00058099,-29.2822,152.9888,316
2009-09,ASN00043099,-26.82,148.0244,186
2009-09,ASN00043101,-27.3117,148.8267,390
2009-09,ASN00043102,-26.49,147.9792,140
2009-09,ASN00043105,-26.4083,148.7833,210
2009-09,ASN00043106,-26.5089,148.1314,246
2009-09,ASN00043108,-25.96,148.3867,192
2009-09,ASN00043109,-28.0489,148.5942,206
2009-09,ASN00043112,-26.7997,148.5989,132
2009-09,ASN00044010,-28.0336,147.4803,250
2009-09,ASN00043095,-27.3867,149.3878,290
2009-09,ASN00044021,-26.4139,146.2558,144
2009-09,ASN00044038,-27.02,147.1536,260
2009-09,ASN00044040,-26.1108,144.8728,126
2009-09,ASN00044041,-25.9719,146.6189,96
2009-09,ASN00044044,-26.3453,147.1258,81
2009-09,ASN00044045,-27.4133,147.4314,98
2009-09,ASN00044047,-26.44,147.6942,200
2009-09,ASN00044050,-26.4156,147.1131,114
2009-09,ASN00044054,-28.8061,147.1194,18
2009-09,ASN00044056,-26.4458,147.5453,0
2009-09,ASN00044026,-28.0706,145.6808,50
2009-09,ASN00044057,-25.4992,146.5442,124
2009-09,ASN00043093,-26.6064,148.5372,136
2009-09,ASN00043080,-27.2275,148.7411,154
2009-09,ASN00042034,-27.1689,150.0019,122
2009-09,ASN00042035,-26.6439,149.6278,18
2009-09,ASN00042078,-26.9186,150.4722,150
2009-09,ASN00042100,-27.7644,150.0694,170
2009-09,ASN00042104,-28.3839,149.6747,130
2009-09,ASN00042112,-26.6569,150.1819,138
2009-09,ASN00042115,-28.0697,149.9794,212
2009-09,ASN00042116,-28.23,149.5617,66
2009-09,ASN00043015,-25.8428,148.5669,218
2009-09,ASN00043091,-26.5442,148.7778,226
2009-09,ASN00043020,-26.4888,147.9777,171
2009-09,ASN00043037,-26.2094,149.0894,140
2009-09,ASN00043043,-26.6133,149.3878,0
2009-09,ASN00043045,-28.0944,148.9731,150
2009-09,ASN00043051,-26.2625,149.2389,122
2009-09,ASN00043052,-27.0006,149.4969,142
2009-09,ASN00043054,-25.8428,148.5669,216
2009-09,ASN00043060,-26.0756,147.9044,92
2009-09,ASN00043061,-25.9847,148.5567,0
2009-09,ASN00043065,-27.7683,148.7147,90
2009-09,ASN00043035,-27.159,149.0703,214
2009-09,ASN00044070,-26.375,147.0394,98
2009-09,ASN00044075,-27.265,148.0814,232
2009-09,ASN00044111,-25.8517,146.1894,146
2009-09,ASN00046129,-30.8517,143.0742,62
2009-09,ASN00047013,-32.9669,143.1071,92
2009-09,ASN00047016,-34.0398,141.2652,254
2009-09,ASN00047019,-32.3937,142.4173,35
2009-09,ASN00047022,-32.4757,143.9409,82
2009-09,ASN00047029,-33.3856,142.5696,132
2009-09,ASN00047033,-33.4268,142.5719,152
2009-09,ASN00047040,-33.9297,142.3572,214
2009-09,ASN00047046,-33.2552,141.7984,50
2009-09,ASN00046128,-31.0867,141.7017,10
2009-09,ASN00047048,-32.0012,141.4694,74
2009-09,ASN00047053,-34.1065,141.9189,266
2009-09,ASN00047056,-32.419,141.5525,105
2009-09,ASN00047058,-32.3902,142.4164,34
2009-09,ASN00047078,-33.2714,141.5962,64
2009-09,ASN00047093,-33.7492,142.2205,272
2009-09,ASN00047104,-32.804,141.5096,84
2009-09,ASN00047106,-32.9703,142.3855,138
2009-09,ASN00047107,-34.3206,142.3645,439
2009-09,ASN00048015,-29.9614,146.8651,411
2009-09,ASN00047049,-32.0682,141.1097,84
2009-09,ASN00046126,-29.4448,142.0567,96
2009-09,ASN00046124,-29.8718,142.434,204
2009-09,ASN00046052,-29.4089,143.3808,166
2009-09,ASN00044137,-27.8717,148.0344,170
2009-09,ASN00044142,-27.6844,147.6981,154
2009-09,ASN00044153,-28.1631,145.0431,80
2009-09,ASN00044154,-28.3875,148.3111,0
2009-09,ASN00044174,-27.62,145.8281,40
2009-09,ASN00044181,-28.9972,144.4094,56
2009-09,ASN00044194,-28.3544,148.8217,180
2009-09,ASN00044208,-26.1394,145.6639,372
2009-09,ASN00044211,-25.3353,147.3,110
2009-09,ASN00044223,-25.4536,147.3031,134
2009-09,ASN00045007,-26.1133,144.1333,0
2009-09,ASN00045009,-27.4008,141.8114,22
2009-09,ASN00045015,-26.6125,144.2578,30
2009-09,ASN00045025,-27.9867,143.815,58
2009-09,ASN00045029,-28.0722,141.5317,0
2009-09,ASN00046002,-29.7656,143.1142,70
2009-09,ASN00046006,-29.0885,141.2033,67
2009-09,ASN00046012,-31.5194,143.385,92
2009-09,ASN00046015,-31.4459,142.1352,8
2009-09,ASN00046022,-31.4469,143.6548,96
2009-09,ASN00046043,-31.5631,143.3747,96
2009-09,ASN00042025,-26.5519,150.6322,220
2009-09,ASN00048025,-29.3513,146.8126,162
2009-09,ASN00042023,-26.6581,150.1844,144
2009-09,ASN00042016,-27.3411,150.0619,136
2009-09,ASN00041166,-27.6764,151.6022,268
2009-09,ASN00041170,-27.5433,151.6383,202
2009-09,ASN00041175,-28.6217,151.9533,250
2009-09,ASN00041182,-27.1667,151.5697,248
2009-09,ASN00041191,-27.2627,151.3747,114
2009-09,ASN00041208,-28.3542,152.3392,208
2009-09,ASN00041229,-28.0775,152.2625,262
2009-09,ASN00041230,-28.7208,151.1825,222
2009-09,ASN00041240,-27.1858,151.1419,258
2009-09,ASN00041162,-28.2694,150.8106,166
2009-09,ASN00041250,-27.7894,151.4133,142
2009-09,ASN00041277,-26.7675,151.2075,226
2009-09,ASN00041314,-27.7578,151.4483,192
2009-09,ASN00041323,-28.0187,152.2861,240
2009-09,ASN00041338,-28.8,151.8433,202
2009-09,ASN00041339,-27.2131,151.1856,240
2009-09,ASN00041344,-28.2075,151.5608,252
2009-09,ASN00041348,-28.1667,150.6444,160
2009-09,ASN00041359,-27.4034,151.7413,88
2009-09,ASN00041365,-28.6514,151.6336,304
2009-09,ASN00041276,-27.9292,152.1606,360
2009-09,ASN00041369,-27.5233,151.8819,344
2009-09,ASN00041152,-27.9753,150.9225,168
2009-09,ASN00041134,-28.3128,152.4025,226
2009-09,ASN00070299,-36.1827,149.3467,282
2009-09,ASN00041047,-28.4147,151.0828,188
2009-09,ASN00041050,-26.7797,151.1111,176
2009-09,ASN00041052,-26.6928,151.0964,232
2009-09,ASN00041053,-27.3675,151.5897,370
2009-09,ASN00041072,-27.4831,151.6003,320
2009-09,ASN00041082,-27.7156,151.6333,200
2009-09,ASN00041083,-28.0694,151.7797,140
2009-09,ASN00041085,-28.3253,152.3942,244
2009-09,ASN00041145,-26.8397,151.165,194
2009-09,ASN00041086,-26.6653,151.3969,228
2009-09,ASN00041095,-28.6617,151.9339,214
2009-09,ASN00041096,-27.5094,151.9547,406
2009-09,ASN00041098,-28.2858,152.2425,188
2009-09,ASN00041100,-28.8544,151.1681,296
2009-09,ASN00041106,-27.9651,152.0752,202
2009-09,ASN00041112,-28.4033,150.0517,120
2009-09,ASN00041116,-28.9231,151.9306,230
2009-09,ASN00041120,-28.1897,152.2064,192
2009-09,ASN00041128,-28.4997,150.5928,236
2009-09,ASN00041091,-26.8086,151.0806,100
2009-09,ASN00041370,-28.1236,150.5431,175
2009-09,ASN00041371,-28.4572,151.6817,332
2009-09,ASN00041388,-28.055,151.3297,120
2009-09,ASN00041522,-27.1605,151.2634,240
2009-09,ASN00041525,-28.2061,152.1003,236
2009-09,ASN00041528,-27.0481,151.6314,318
2009-09,ASN00041529,-27.5425,151.9134,256
2009-09,ASN00041530,-28.2006,152.2156,160
2009-09,ASN00041531,-28.1167,152.0642,120
2009-09,ASN00041532,-28.3558,151.9967,190
2009-09,ASN00041533,-28.2292,152.2269,110
2009-09,ASN00041534,-28.2111,152.0275,170
2009-09,ASN00041519,-28.5767,150.845,202
2009-09,ASN00041535,-28.3731,152.14,160
2009-09,ASN00041537,-28.3394,152.2944,140
2009-09,ASN00041540,-29.1694,151.3414,448
2009-09,ASN00041543,-28.0719,151.1861,202
2009-09,ASN00041545,-27.6539,150.9136,120
2009-09,ASN00041546,-27.9803,150.515,146
2009-09,ASN00041547,-28.9236,151.9289,394
2009-09,ASN00041548,-28.8675,151.1611,0
2009-09,ASN00041551,-26.9669,151.4847,190
2009-09,ASN00042002,-27.2067,150.2828,114
2009-09,ASN00041536,-28.2883,152.1053,130
2009-09,ASN00041512,-27.3825,151.9244,418
2009-09,ASN00041510,-27.4722,151.9481,368
2009-09,ASN00041509,-27.6783,150.3483,202
2009-09,ASN00041391,-28.3611,151.1464,190
2009-09,ASN00041397,-28.1422,150.1319,114
2009-09,ASN00041404,-27.9592,151.6664,126
2009-09,ASN00041405,-27.7952,151.7387,208
2009-09,ASN00041415,-28.2367,151.5347,182
2009-09,ASN00041445,-28.2144,151.9194,80
2009-09,ASN00041456,-28.0621,152.3675,252
2009-09,ASN00041457,-28.4225,151.2131,184
2009-09,ASN00041464,-28.1553,152.33,218
2009-09,ASN00041469,-27.0289,151.0947,282
2009-09,ASN00041473,-28.1022,151.8119,109
2009-09,ASN00041486,-26.9575,150.8633,304
2009-09,ASN00041489,-28.3011,150.2936,136
2009-09,ASN00041490,-26.9,150.7833,210
2009-09,ASN00041493,-27.4967,150.4539,174
2009-09,ASN00041495,-28.4828,151.2831,210
2009-09,ASN00041503,-28.2167,152.05,120
2009-09,ASN00041504,-27.7358,151.4117,180
2009-09,ASN00041506,-28.6561,150.6653,220
2009-09,ASN00041507,-28.6656,150.445,292
2009-09,ASN00041508,-27.7267,150.6453,220
2009-09,ASN00042022,-27.3236,149.8828,172
2009-09,ASN00058102,-29.737,152.7852,330
2009-09,ASN00048027,-31.484,145.8294,90
2009-09,ASN00048047,-29.1509,148.6252,361
2009-09,ASN00055335,-31.5347,151.1806,872
2009-09,ASN00056001,-29.7183,151.355,584
2009-09,ASN00056008,-29.4421,151.8483,318
2009-09,ASN00056010,-30.9406,151.7078,318
2009-09,ASN00056013,-29.6953,151.6936,421
2009-09,ASN00056018,-29.7752,151.0819,454
2009-09,ASN00056023,-28.3933,152.4157,176
2009-09,ASN00056028,-30.7338,151.5105,380
2009-09,ASN00056032,-29.0479,152.0172,322
2009-09,ASN00055331,-30.7299,150.5784,330
2009-09,ASN00056034,-30.6437,151.4906,370
2009-09,ASN00056052,-29.0988,151.7416,338
2009-09,ASN00056057,-30.0867,151.3909,422
2009-09,ASN00056077,-31.0678,151.5022,590
2009-09,ASN00056094,-29.5488,151.9942,456
2009-09,ASN00056098,-29.5817,151.9483,468
2009-09,ASN00056100,-29.6315,151.5561,676
2009-09,ASN00056111,-29.7799,151.3503,505
2009-09,ASN00056141,-28.8867,152.1144,190
2009-09,ASN00056161,-30.1575,151.8774,448
2009-09,ASN00056037,-30.5264,151.6697,334
2009-09,ASN00056176,-30.1369,151.2581,460
2009-09,ASN00055325,-31.0742,150.8362,504
2009-09,ASN00055319,-30.6126,150.5862,314
2009-09,ASN00055105,-30.7967,150.8647,492
2009-09,ASN00055122,-30.8415,150.9097,644
2009-09,ASN00055136,-30.9672,151.3451,369
2009-09,ASN00055157,-31.0853,150.658,610
2009-09,ASN00055164,-31.1805,151.3031,950
2009-09,ASN00055176,-31.2573,151.0842,764
2009-09,ASN00055181,-31.2547,151.1208,897
2009-09,ASN00055183,-31.2962,150.8606,524
2009-09,ASN00055190,-31.3658,150.8357,814
2009-09,ASN00055322,-31.3908,151.4019,5620
2009-09,ASN00055202,-30.9537,150.2494,682
2009-09,ASN00055254,-30.7902,150.629,272
2009-09,ASN00055257,-31.2208,150.8213,638
2009-09,ASN00055262,-31.3505,151.3177,1132
2009-09,ASN00055276,-30.8828,150.4928,430
2009-09,ASN00055282,-31.4753,150.5439,384
2009-09,ASN00055303,-30.8098,150.7524,454
2009-09,ASN00055309,-31.1472,151.2306,936
2009-09,ASN00055311,-31.2171,150.8185,604
2009-09,ASN00055313,-31.2717,150.9167,690
2009-09,ASN00055220,-30.9585,150.1505,452
2009-09,ASN00056202,-28.9776,152.1552,338
2009-09,ASN00056205,-29.8995,151.965,340
2009-09,ASN00056207,-28.5417,151.9909,304
2009-09,ASN00057125,-30.3969,152.358,326
2009-09,ASN00058005,-28.3981,153.1731,30
2009-09,ASN00058007,-28.6369,153.588,184
2009-09,ASN00058012,-29.4333,153.3633,272
2009-09,ASN00058019,-28.5314,153.3151,270
2009-09,ASN00058020,-28.2886,153.3651,240
2009-09,ASN00058023,-28.7908,153.3958,152
2009-09,ASN00058027,-29.4227,153.2533,278
2009-09,ASN00058036,-28.31,153.2228,150
2009-09,ASN00057124,-30.4833,152.398,244
2009-09,ASN00058040,-28.5451,153.4948,118
2009-09,ASN00058045,-29.9691,152.7265,300
2009-09,ASN00058056,-28.2025,153.5502,120
2009-09,ASN00058059,-29.6309,153.0286,428
2009-09,ASN00058068,-29.4133,153.0153,278
2009-09,ASN00058070,-28.6384,153.4128,300
2009-09,ASN00058077,-29.6224,152.9605,296
2009-09,ASN00058079,-29.7619,153.1047,336
2009-09,ASN00058080,-29.87,153.2653,238
2009-09,ASN00058097,-29.1514,153.2792,316
2009-09,ASN00058044,-28.5966,153.2233,118
2009-09,ASN00057123,-29.7603,152.2057,314
2009-09,ASN00057119,-30.889,151.8547,276
2009-09,ASN00057114,-29.1967,152.595,368
2009-09,ASN00056229,-30.2126,151.6787,558
2009-09,ASN00056234,-30.9874,151.5855,420
2009-09,ASN00056236,-31.0109,151.6246,602
2009-09,ASN00056237,-29.8025,151.2726,0
2009-09,ASN00056238,-30.5273,151.6158,384
2009-09,ASN00056239,-28.7014,152.0974,352
2009-09,ASN00056240,-30.3358,151.7367,290
2009-09,ASN00056242,-29.7796,151.1121,410
2009-09,ASN00056243,-29.678,151.694,674
2009-09,ASN00057003,-28.737,152.6228,222
2009-09,ASN00057005,-28.9279,152.3759,282
2009-09,ASN00057018,-28.8914,152.5663,248
2009-09,ASN00057023,-30.2892,152.1701,376
2009-09,ASN00057024,-28.3879,152.6083,130
2009-09,ASN00057028,-30.5644,151.907,241
2009-09,ASN00057035,-31.1333,152.1253,230
2009-09,ASN00057091,-30.7167,151.8531,289
2009-09,ASN00057093,-29.5101,152.4897,310
2009-09,ASN00057095,-28.7551,152.4507,392
2009-09,ASN00057103,-30.0093,152.0101,386
2009-09,ASN00057104,-31.2739,151.9655,304
2009-09,ASN00055066,-31.6218,150.8437,684
2009-09,ASN00048031,-29.5407,148.5818,158
2009-09,ASN00055065,-31.166,150.5441,598
2009-09,ASN00055053,-31.346,149.8285,515
2009-09,ASN00050108,-32.5724,147.2162,112
2009-09,ASN00050110,-32.6358,148.058,279
2009-09,ASN00050117,-32.8952,148.2811,355
2009-09,ASN00050119,-32.9365,148.2452,336
2009-09,ASN00050137,-33.0682,147.2133,180
2009-09,ASN00050139,-32.5613,148.3353,404
2009-09,ASN00050141,-33.055,147.4427,170
2009-09,ASN00051008,-32.4581,148.1491,360
2009-09,ASN00051018,-31.7055,148.6625,276
2009-09,ASN00050052,-33.0664,147.2283,167
2009-09,ASN00051026,-31.5629,146.7181,221
2009-09,ASN00051034,-31.4986,147.6865,306
2009-09,ASN00051042,-30.9252,147.869,265
2009-09,ASN00051049,-31.9861,147.9489,196
2009-09,ASN00051057,-30.6998,147.2232,306
2009-09,ASN00051066,-31.9478,148.62,256
2009-09,ASN00051122,-31.5558,148.5981,237
2009-09,ASN00051133,-31.2294,148.8861,602
2009-09,ASN00051160,-31.7069,148.6358,0
2009-09,ASN00051161,-30.9776,148.3798,492
2009-09,ASN00051033,-31.8576,147.1343,200
2009-09,ASN00052016,-30.6088,148.972,500
2009-09,ASN00050045,-33.8486,146.8261,166
2009-09,ASN00050031,-32.7235,148.1902,612
2009-09,ASN00048079,-29.7029,144.1482,128
2009-09,ASN00048115,-31.424,145.2539,156
2009-09,ASN00048168,-29.1173,147.8993,146
2009-09,ASN00048237,-31.5389,145.7964,146
2009-09,ASN00048243,-29.431,147.9722,348
2009-09,ASN00048245,-30.0362,145.9521,218
2009-09,ASN00049000,-32.8831,144.3088,104
2009-09,ASN00049002,-34.6398,143.561,190
2009-09,ASN00049023,-34.4523,142.9109,460
2009-09,ASN00050037,-32.6309,147.5659,118
2009-09,ASN00049045,-34.5594,143.0754,400
2009-09,ASN00049061,-32.3884,144.7456,62
2009-09,ASN00049063,-33.052,144.1444,90
2009-09,ASN00049092,-33.6959,144.2757,104
2009-09,ASN00049103,-32.1698,144.2007,115
2009-09,ASN00049105,-32.5187,146.2819,119
2009-09,ASN00049132,-33.1898,145.3067,83
2009-09,ASN00049133,-33.516,144.7651,98
2009-09,ASN00050010,-33.5159,147.2541,168
2009-09,ASN00050017,-33.9382,147.1962,166
2009-09,ASN00049055,-34.1953,143.7916,300
2009-09,ASN00052020,-28.9786,148.9899,331
2009-09,ASN00052023,-30.3515,148.8843,417
2009-09,ASN00052067,-29.8136,148.9104,254
2009-09,ASN00054078,-29.6754,151.1527,496
2009-09,ASN00054082,-29.6382,151.4055,614
2009-09,ASN00054102,-30.3735,150.6723,334
2009-09,ASN00054104,-29.3899,151.2448,450
2009-09,ASN00054114,-30.0977,151.0089,370
2009-09,ASN00054117,-30.2244,150.723,392
2009-09,ASN00054124,-29.2743,150.2658,326
2009-09,ASN00054125,-30.1312,150.1462,410
2009-09,ASN00054128,-29.8866,150.8951,362
2009-09,ASN00054076,-29.64,151.4297,234
2009-09,ASN00054141,-29.5833,150.37,290
2009-09,ASN00054149,-30.1872,149.8642,112
2009-09,ASN00055000,-30.9113,150.8579,498
2009-09,ASN00055002,-31.2342,149.8345,780
2009-09,ASN00055006,-31.6405,150.2356,552
2009-09,ASN00055007,-30.7056,150.0458,468
2009-09,ASN00055016,-30.9963,151.2292,546
2009-09,ASN00055041,-31.4605,151.1275,750
2009-09,ASN00055046,-31.5271,150.4296,452
2009-09,ASN00055049,-31.5086,150.6792,656
2009-09,ASN00054146,-29.2333,151.3833,385
2009-09,ASN00054074,-29.6613,151.0196,486
2009-09,ASN00054073,-29.6448,151.2362,506
2009-09,ASN00054049,-29.405,150.9012,406
2009-09,ASN00052088,-30.0372,148.1223,290
2009-09,ASN00053002,-30.9469,149.0654,544
2009-09,ASN00053003,-29.9182,149.7919,118
2009-09,ASN00053018,-28.9917,150.017,482
2009-09,ASN00053033,-29.4748,150.1359,292
2009-09,ASN00053034,-30.1187,149.3232,244
2009-09,ASN00053035,-29.8401,149.3207,250
2009-09,ASN00053041,-28.8697,150.0903,466
2009-09,ASN00053044,-30.2257,149.4452,202
2009-09,ASN00053073,-30.7632,149.0008,556
2009-09,ASN00053081,-30.8043,149.1246,678
2009-09,ASN00053085,-28.9665,149.6721,376
2009-09,ASN00053115,-29.4914,149.8458,238
2009-09,ASN00054003,-30.3781,150.6096,318
2009-09,ASN00054004,-29.8673,150.5715,321
2009-09,ASN00054013,-29.654,150.8291,682
2009-09,ASN00054023,-30.2948,150.8103,387
2009-09,ASN00054027,-29.5581,150.8871,380
2009-09,ASN00054029,-29.5416,150.5754,358
2009-09,ASN00054038,-30.3154,149.8302,292
2009-09,ASN00054046,-29.3992,151.4107,448
2009-09,ASN00055057,-31.7731,150.2856,572
2009-09,ASN00070307,-35.2459,149.1068,788
2009-09,ASN00099000,-40.3706,148.0231,1114
2009-09,ASN00070309,-36.9131,149.0372,60
2009-09,ASN00089043,-37.3909,141.9194,664
2009-09,ASN00089048,-37.517,143.9275,1198
2009-09,ASN00089068,-37.9324,143.7864,722
2009-09,ASN00089074,-37.9477,143.2222,1028
2009-09,ASN00089084,-37.9333,143.8667,800
2009-09,ASN00089085,-37.2775,142.9811,848
2009-09,ASN00089103,-37.9708,143.2189,830
2009-09,ASN00089106,-37.4152,143.6718,994
2009-09,ASN00089107,-37.3494,143.2956,1292
2009-09,ASN00089034,-37.5483,142.7393,400
2009-09,ASN00089109,-37.3598,143.1961,988
2009-09,ASN00089112,-37.7067,142.9378,782
2009-09,ASN00090001,-38.7481,143.6635,1026
2009-09,ASN00090005,-38.1954,143.6399,828
2009-09,ASN00090008,-38.3372,143.7844,644
2009-09,ASN00090010,-37.8595,141.7708,860
2009-09,ASN00090013,-38.3215,141.406,1122
2009-09,ASN00090015,-38.8556,143.5128,1078
2009-09,ASN00090021,-38.3291,143.0779,482
2009-09,ASN00090022,-38.2798,143.6613,784
2009-09,ASN00089111,-37.5174,143.7791,966
2009-09,ASN00090024,-37.6044,141.6853,436
2009-09,ASN00089033,-37.6901,142.7253,438
2009-09,ASN00089022,-37.6472,142.2309,720
2009-09,ASN00088109,-36.8886,145.1859,380
2009-09,ASN00088110,-37.0809,144.2392,856
2009-09,ASN00088113,-37.3387,143.9861,872
2009-09,ASN00088119,-37.3167,145.7167,924
2009-09,ASN00088121,-37.1425,144.9264,638
2009-09,ASN00088123,-37.25,144.4378,822
2009-09,ASN00088126,-37.0213,145.1091,664
2009-09,ASN00088130,-37.4234,145.7085,1224
2009-09,ASN00088137,-37.1644,143.5532,592
2009-09,ASN00089025,-37.6854,143.3654,728
2009-09,ASN00088138,-37.2348,144.9962,872
2009-09,ASN00088164,-37.2091,145.8423,910
2009-09,ASN00089002,-37.5127,143.7911,898
2009-09,ASN00089003,-37.2472,141.8415,474
2009-09,ASN00089009,-37.5267,142.0414,668
2009-09,ASN00089010,-38.0297,143.6331,764
2009-09,ASN00089011,-37.6467,142.3419,540
2009-09,ASN00089016,-37.711,142.8395,590
2009-09,ASN00089018,-37.9543,143.3437,728
2009-09,ASN00089019,-37.4043,142.3843,792
2009-09,ASN00088162,-37.3807,144.9654,918
2009-09,ASN00088108,-37.1566,144.2079,768
2009-09,ASN00090026,-37.3443,141.6861,640
2009-09,ASN00090035,-38.2333,143.7925,734
2009-09,ASN00090183,-38.6286,143.7306,1394
2009-09,ASN00090184,-38.4306,141.5437,970
2009-09,ASN00090185,-38.5497,143.8594,1494
2009-09,ASN00090186,-38.2867,142.4522,836
2009-09,ASN00090187,-38.4115,143.9771,1018
2009-09,ASN00090188,-38.4831,143.9142,1224
2009-09,ASN00091000,-41.5211,146.7158,638
2009-09,ASN00091001,-41.2025,146.8156,1060
2009-09,ASN00091011,-40.6842,144.7181,1080
2009-09,ASN00090182,-37.583,141.3339,744
2009-09,ASN00091019,-41.8142,147.0922,876
2009-09,ASN00091032,-41.7244,147.3208,732
2009-09,ASN00091034,-40.8842,145.2161,1368
2009-09,ASN00091039,-41.1839,146.4817,940
2009-09,ASN00091041,-41.2383,146.9953,924
2009-09,ASN00091053,-41.25,147.2169,562
2009-09,ASN00091055,-41.5406,146.1364,1912
2009-09,ASN00091060,-40.905,145.3492,1496
2009-09,ASN00091072,-41.4678,147.1628,696
2009-09,ASN00091077,-41.575,147.4508,1140
2009-09,ASN00091029,-41.4978,146.535,1006
2009-09,ASN00090033,-37.3563,141.2103,896
2009-09,ASN00090181,-38.241,143.1393,583
2009-09,ASN00090176,-38.0737,142.7744,688
2009-09,ASN00090036,-37.9695,141.3077,1206
2009-09,ASN00090045,-38.1059,142.3216,590
2009-09,ASN00090055,-38.0339,141.9998,474
2009-09,ASN00090060,-38.4699,142.7502,912
2009-09,ASN00090061,-38.421,143.8348,888
2009-09,ASN00090062,-37.8824,142.4235,952
2009-09,ASN00090063,-37.875,142.2895,998
2009-09,ASN00090067,-38.6196,142.9944,857
2009-09,ASN00090070,-38.3846,141.6074,922
2009-09,ASN00090180,-38.4583,144.0883,792
2009-09,ASN00090076,-38.6771,143.6826,1538
2009-09,ASN00090093,-38.7553,143.5103,1152
2009-09,ASN00090105,-37.7417,141.0657,963
2009-09,ASN00090147,-38.3427,143.5848,373
2009-09,ASN00090153,-38.255,143.1256,558
2009-09,ASN00090165,-38.5582,143.1663,1140
2009-09,ASN00090167,-38.243,143.9887,632
2009-09,ASN00090171,-38.3148,141.4705,1008
2009-09,ASN00090173,-37.6486,142.0636,738
2009-09,ASN00090175,-38.3906,142.2347,914
2009-09,ASN00090077,-38.2362,142.9166,870
2009-09,ASN00088103,-37.4958,145.7475,1404
2009-09,ASN00088071,-37.4181,144.2133,916
2009-09,ASN00088067,-37.2177,145.4211,900
2009-09,ASN00086265,-38.3142,145.1756,1050
2009-09,ASN00086281,-38.3343,145.6696,1076
2009-09,ASN00086282,-37.6655,144.8321,550
2009-09,ASN00086299,-38.0222,145.3561,1314
2009-09,ASN00086303,-37.8886,145.1928,1490
2009-09,ASN00086305,-37.6369,144.9072,680
2009-09,ASN00086314,-38.1992,145.4933,1065
2009-09,ASN00086350,-37.4187,144.977,910
2009-09,ASN00086358,-37.8586,145.6532,1316
2009-09,ASN00086232,-37.8303,144.9767,678
2009-09,ASN00086361,-38.3646,145.1785,906
2009-09,ASN00086369,-37.9535,145.1655,832
2009-09,ASN00086373,-38.4612,145.3101,760
2009-09,ASN00086374,-37.4652,145.2637,1502
2009-09,ASN00086377,-37.4225,145.0752,966
2009-09,ASN00086379,-37.7917,145.2433,1392
2009-09,ASN00086383,-37.7239,145.4094,1352
2009-09,ASN00086393,-38.4617,144.9019,682
2009-09,ASN00087006,-37.6018,144.2295,938
2009-09,ASN00087007,-37.743,144.1406,820
2009-09,ASN00086364,-37.6594,145.4457,1001
2009-09,ASN00087014,-37.5512,143.9322,1136
2009-09,ASN00086224,-37.9785,145.2235,1132
2009-09,ASN00086213,-38.3781,144.8997,954
2009-09,ASN00086038,-37.7276,144.9066,564
2009-09,ASN00086039,-37.7915,144.9067,716
2009-09,ASN00086063,-38.2656,145.5692,1306
2009-09,ASN00086068,-37.7408,145.0972,1080
2009-09,ASN00086074,-37.8219,145.1906,1832
2009-09,ASN00086076,-37.8019,145.3675,2062
2009-09,ASN00086077,-37.98,145.0964,736
2009-09,ASN00086079,-38.2358,145.0667,667
2009-09,ASN00086088,-37.9142,145.0935,1063
2009-09,ASN00086223,-38.3391,145.0288,1092
2009-09,ASN00086090,-37.7089,145.7855,2178
2009-09,ASN00086104,-37.871,145.2561,1178
2009-09,ASN00086105,-38.4282,145.0412,1028
2009-09,ASN00086111,-37.9445,145.1764,583
2009-09,ASN00086117,-37.477,145.1513,1000
2009-09,ASN00086119,-38.4836,145.1766,714
2009-09,ASN00086127,-38.6078,145.5965,925
2009-09,ASN00086131,-37.5552,145.1259,810
2009-09,ASN00086142,-37.572,145.5014,1300
2009-09,ASN00086210,-38.0651,145.1294,1097
2009-09,ASN00086096,-37.7214,145.0059,796
2009-09,ASN00087016,-37.7654,144.1048,766
2009-09,ASN00087017,-37.4701,144.3069,1154
2009-09,ASN00087021,-37.8233,144.2078,654
2009-09,ASN00087176,-37.7569,144.7511,620
2009-09,ASN00087178,-38.2504,144.5104,633
2009-09,ASN00088002,-36.893,145.2316,462
2009-09,ASN00088009,-36.9886,143.9747,592
2009-09,ASN00088010,-37.2531,144.8614,892
2009-09,ASN00088015,-37.3049,143.7776,720
2009-09,ASN00088020,-37.3432,144.1575,720
2009-09,ASN00088021,-37.1995,144.0141,694
2009-09,ASN00088023,-37.2313,145.9124,1118
2009-09,ASN00087175,-37.2732,144.5974,938
2009-09,ASN00088029,-36.9579,144.6935,582
2009-09,ASN00088032,-37.0856,143.9977,646
2009-09,ASN00088037,-37.2535,144.3825,992
2009-09,ASN00088042,-37.1965,144.3742,860
2009-09,ASN00088043,-37.056,143.732,746
2009-09,ASN00088048,-37.105,144.0638,628
2009-09,ASN00088051,-37.0194,144.5203,800
2009-09,ASN00088056,-37.1714,143.701,654
2009-09,ASN00088060,-37.4475,145.2143,1696
2009-09,ASN00088064,-37.1225,144.8561,824
2009-09,ASN00088031,-37.0695,145.4177,1050
2009-09,ASN00087173,-37.294,144.7066,1006
2009-09,ASN00087171,-37.5223,144.4779,868
2009-09,ASN00087168,-37.9075,144.1303,644
2009-09,ASN00087029,-37.2698,144.723,936
2009-09,ASN00087031,-37.8565,144.7566,588
2009-09,ASN00087033,-37.991,144.4943,666
2009-09,ASN00087036,-37.4155,144.5569,778
2009-09,ASN00087040,-37.7451,144.5687,638
2009-09,ASN00087042,-37.8539,144.11,584
2009-09,ASN00087043,-37.8197,144.1492,612
2009-09,ASN00087046,-37.6719,143.94,1008
2009-09,ASN00087048,-37.8958,144.4387,481
2009-09,ASN00087068,-37.645,144.0411,598
2009-09,ASN00087075,-37.4964,144.5028,244
2009-09,ASN00087095,-37.6111,144.3,788
2009-09,ASN00087113,-38.0287,144.4783,706
2009-09,ASN00087118,-37.3508,144.6067,1082
2009-09,ASN00087119,-38.3687,144.0843,484
2009-09,ASN00087121,-37.6831,144.6664,645
2009-09,ASN00087124,-38.2504,144.0854,676
2009-09,ASN00087130,-37.3495,144.7494,882
2009-09,ASN00087135,-38.2832,144.4784,672
2009-09,ASN00087161,-37.6292,144.5026,610
2009-09,ASN00087162,-38.1435,144.1872,584
2009-09,ASN00091086,-41.2439,147.7353,1238
2009-09,ASN00091090,-41.4475,146.8744,1028
2009-09,ASN00091100,-40.4472,144.84,1064
2009-09,ASN00091107,-40.9972,145.7292,968
2009-09,ASN00094177,-42.7572,147.3817,1072
2009-09,ASN00094179,-43.0,146.928,1354
2009-09,ASN00094182,-42.5572,147.4033,1956
2009-09,ASN00094185,-43.0336,147.2128,2380
2009-09,ASN00094191,-43.2006,146.7683,1356
2009-09,ASN00094192,-43.4086,146.9567,1774
2009-09,ASN00094195,-42.4544,147.4614,2082
2009-09,ASN00094198,-43.4886,147.1444,910
2009-09,ASN00094204,-42.6525,147.3578,1288
2009-09,ASN00094175,-42.9725,147.0342,696
2009-09,ASN00094212,-42.6867,147.4258,1154
2009-09,ASN00094214,-42.7033,147.1261,876
2009-09,ASN00094219,-43.1547,147.0539,1666
2009-09,ASN00094220,-42.9858,147.0742,1760
2009-09,ASN00094221,-42.8514,147.6211,984
2009-09,ASN00094222,-42.9742,147.295,1578
2009-09,ASN00094223,-42.97,147.3303,1214
2009-09,ASN00094231,-42.9639,147.2022,2214
2009-09,ASN00094232,-42.8367,147.1931,2186
2009-09,ASN00094233,-42.6933,147.2617,884
2009-09,ASN00094213,-43.1456,147.9617,1280
2009-09,ASN00094236,-43.3692,147.3442,474
2009-09,ASN00094172,-42.6531,147.3589,962
2009-09,ASN00094155,-43.2397,148.0025,1154
2009-09,ASN00094025,-42.8494,147.2547,902
2009-09,ASN00094027,-43.4144,146.8731,2006
2009-09,ASN00094029,-42.8897,147.3278,1328
2009-09,ASN00094030,-42.8667,147.3322,1158
2009-09,ASN00094039,-43.3583,147.2342,1054
2009-09,ASN00094040,-43.1983,147.0658,1432
2009-09,ASN00094041,-43.6578,146.2711,960
2009-09,ASN00094043,-43.2319,147.2547,1440
2009-09,ASN00094048,-42.9981,147.4056,1022
2009-09,ASN00094169,-43.0433,147.8667,1142
2009-09,ASN00094061,-42.9264,147.5203,644
2009-09,ASN00094068,-43.1547,147.2386,1952
2009-09,ASN00094071,-43.0153,147.9117,1464
2009-09,ASN00094082,-42.8569,147.4386,1228
2009-09,ASN00094087,-42.8967,147.235,2254
2009-09,ASN00094097,-42.5436,147.5664,2138
2009-09,ASN00094111,-42.9519,147.3496,1218
2009-09,ASN00094125,-43.0239,147.255,1750
2009-09,ASN00094130,-42.7469,147.5511,1178
2009-09,ASN00094151,-42.9742,147.1692,2212
2009-09,ASN00094064,-42.7619,147.6197,1578
2009-09,ASN00094237,-42.9372,147.1378,2334
2009-09,ASN00094239,-42.9639,147.2428,2080
2009-09,ASN00095001,-42.3883,147.0061,992
2009-09,ASN00097047,-41.4892,145.2083,2440
2009-09,ASN00097054,-41.8822,145.3358,2758
2009-09,ASN00097061,-42.7428,145.9811,2875
2009-09,ASN00097072,-42.155,145.2908,1764
2009-09,ASN00097080,-42.985,145.5022,1262
2009-09,ASN00097083,-43.0425,146.2722,2276
2009-09,ASN00097091,-42.0961,145.5456,2848
2009-09,ASN00098000,-40.0092,144.1111,1392
2009-09,ASN00098004,-39.9097,144.0986,1448
2009-09,ASN00097024,-43.0609,146.704,2048
2009-09,ASN00098011,-39.9283,143.8525,1190
2009-09,ASN00098023,-39.9647,144.0772,1588
2009-09,ASN00099005,-40.0911,148.0024,1244
2009-09,ASN00099014,-40.0194,148.1825,1242
2009-09,ASN00099021,-40.1558,148.1853,1276
2009-09,ASN00099023,-40.1883,148.1178,1640
2009-09,ASN00099025,-40.2319,148.19,1118
2009-09,ASN00109501,-32.938,116.024,2834
2009-09,ASN00109505,-33.5958,115.8186,1564
2009-09,ASN00041037,-27.3072,151.8506,330
2009-09,ASN00098017,-39.88,143.8831,1296
2009-09,ASN00097020,-42.0056,145.5419,2984
2009-09,ASN00097006,-41.9933,145.5725,0
2009-09,ASN00097000,-42.1986,145.17,1018
2009-09,ASN00095003,-42.7097,146.8983,764
2009-09,ASN00095012,-42.4814,146.7114,646
2009-09,ASN00095016,-42.3367,146.7475,842
2009-09,ASN00095046,-42.3811,147.0036,820
2009-09,ASN00095047,-42.3961,146.4897,854
2009-09,ASN00095048,-42.4842,146.7106,620
2009-09,ASN00095069,-42.8069,147.1144,1546
2009-09,ASN00095072,-42.8033,146.9878,1435
2009-09,ASN00095074,-42.7414,147.0489,1156
2009-09,ASN00095075,-42.6803,146.7756,474
2009-09,ASN00095077,-42.6894,146.7122,1102
2009-09,ASN00095079,-42.8458,147.0294,1812
2009-09,ASN00096002,-42.1419,146.4931,970
2009-09,ASN00096033,-41.8997,146.6694,1026
2009-09,ASN00096038,-42.0572,147.286,1194
2009-09,ASN00096046,-41.9822,146.7228,1226
2009-09,ASN00096069,-42.1289,146.2156,1872
2009-09,ASN00096070,-42.2558,146.8753,658
2009-09,ASN00096071,-42.1178,146.1772,2298
2009-09,ASN00096077,-41.5958,145.9311,3195
2009-09,ASN00109507,-33.444,115.8536,1086
2009-09,ASN00094022,-43.0431,147.4133,868
2009-09,ASN00086035,-37.7011,145.1547,997
2009-09,ASN00094020,-43.3167,147.0075,1430
2009-09,ASN00094008,-42.8339,147.5033,1072
2009-09,ASN00091267,-41.6494,146.6154,1060
2009-09,ASN00091271,-41.3959,147.3006,62
2009-09,ASN00091286,-41.1208,146.8275,836
2009-09,ASN00091288,-41.6706,146.7278,252
2009-09,ASN00091290,-41.6308,146.7,1136
2009-09,ASN00091291,-41.3886,146.3219,1226
2009-09,ASN00091292,-40.8347,145.0847,1030
2009-09,ASN00091293,-41.0556,146.7856,816
2009-09,ASN00091299,-41.2431,147.4436,1387
2009-09,ASN00091266,-41.3972,146.4953,1086
2009-09,ASN00091304,-41.1164,145.8619,0
2009-09,ASN00091306,-41.7256,147.0794,754
2009-09,ASN00091311,-41.5492,147.2144,830
2009-09,ASN00091312,-41.4406,146.1228,1222
2009-09,ASN00091315,-41.51,147.0511,840
2009-09,ASN00091317,-41.5136,147.2028,629
2009-09,ASN00091321,-41.3961,145.9342,2354
2009-09,ASN00091325,-41.7292,147.2358,618
2009-09,ASN00091332,-41.3528,146.4164,1318
2009-09,ASN00091340,-41.3592,147.01,566
2009-09,ASN00091305,-41.3144,147.3803,1416
2009-09,ASN00091341,-41.3428,146.8964,1024
2009-09,ASN00091263,-41.4889,147.2326,784
2009-09,ASN00091260,-41.4883,146.9047,884
2009-09,ASN00091109,-41.1428,145.7058,1490
2009-09,ASN00091118,-41.5664,147.2444,634
2009-09,ASN00091121,-40.9431,147.5922,804
2009-09,ASN00091126,-41.1708,146.4267,710
2009-09,ASN00091150,-41.6419,146.5244,1136
2009-09,ASN00091153,-41.3356,146.2797,1237
2009-09,ASN00091156,-41.4717,146.6456,1108
2009-09,ASN00091161,-41.3886,146.5861,978
2009-09,ASN00091171,-41.2708,146.5481,856
2009-09,ASN00091262,-41.1333,146.8461,706
2009-09,ASN00091186,-41.2039,146.265,818
2009-09,ASN00091198,-41.3917,147.4242,1850
2009-09,ASN00091219,-41.1708,147.4883,866
2009-09,ASN00091223,-40.9089,144.7094,1470
2009-09,ASN00091227,-41.5267,146.6583,1104
2009-09,ASN00091236,-41.5128,146.8303,889
2009-09,ASN00091237,-41.4194,147.1222,783
2009-09,ASN00091245,-40.6828,144.69,1036
2009-09,ASN00091255,-41.2339,146.9294,838
2009-09,ASN00091259,-41.1492,145.1517,1842
2009-09,ASN00091197,-41.4864,147.4386,1458
2009-09,ASN00091346,-41.2336,147.2064,990
2009-09,ASN00092001,-41.9525,148.1839,1950
2009-09,ASN00092002,-41.7792,147.7225,959
2009-09,ASN00092123,-40.7292,148.125,878
2009-09,ASN00092124,-42.6619,148.0181,1348
2009-09,ASN00092129,-41.0458,148.2592,1236
2009-09,ASN00092134,-41.1256,147.8617,1045
2009-09,ASN00093002,-42.3958,147.3042,778
2009-09,ASN00093007,-42.2664,147.5281,1042
2009-09,ASN00093014,-42.3006,147.3711,1168
2009-09,ASN00093023,-42.4031,147.3908,1546
2009-09,ASN00093033,-41.9347,147.4931,896
2009-09,ASN00092120,-41.3381,148.2792,1224
2009-09,ASN00093040,-42.3075,147.1672,1256
2009-09,ASN00093046,-42.305,147.5708,1052
2009-09,ASN00093049,-42.3696,147.4631,1514
2009-09,ASN00093051,-42.0317,147.4907,772
2009-09,ASN00093052,-42.163,147.5805,990
2009-09,ASN00093053,-42.025,147.4953,892
2009-09,ASN00093055,-41.8658,147.4494,910
2009-09,ASN00093059,-41.9311,147.4256,820
2009-09,ASN00094001,-42.4158,147.1347,1276
2009-09,ASN00094005,-42.7433,147.2372,944
2009-09,ASN00093044,-41.8172,147.5664,932
2009-09,ASN00092114,-41.9953,148.2794,998
2009-09,ASN00092113,-41.4136,148.2744,364
2009-09,ASN00092111,-41.4342,147.7192,1614
2009-09,ASN00092003,-41.8739,148.3036,1802
2009-09,ASN00092005,-42.8122,147.8289,1364
2009-09,ASN00092008,-42.0117,148.0747,1724
2009-09,ASN00092010,-42.5844,148.0636,1698
2009-09,ASN00092011,-40.9589,148.0086,1163
2009-09,ASN00092014,-41.5308,148.1969,1322
2009-09,ASN00092017,-42.7856,147.8086,1648
2009-09,ASN00092019,-42.0067,147.7975,1750
2009-09,ASN00092020,-41.82,147.9551,1542
2009-09,ASN00092024,-41.4703,147.8919,1032
2009-09,ASN00092027,-42.5519,147.8753,1492
2009-09,ASN00092028,-42.5853,147.9142,760
2009-09,ASN00092030,-41.0825,147.9353,918
2009-09,ASN00092045,-40.9928,148.3467,1584
2009-09,ASN00092047,-42.2708,147.6942,1492
2009-09,ASN00092051,-41.27,147.9492,1298
2009-09,ASN00092064,-41.5633,148.1414,1472
2009-09,ASN00092067,-40.8586,148.0178,1039
2009-09,ASN00092079,-42.2133,147.7831,1604
2009-09,ASN00092099,-42.7153,147.7525,2502
2009-09,ASN00092109,-41.4622,147.57,1608
2009-09,ASN00094010,-43.4892,147.1453,1070
2009-09,ASN00086020,-37.9551,145.0782,716
2009-09,ASN00085305,-37.8758,146.0833,2162
2009-09,ASN00085304,-37.4967,146.8575,1082
2009-09,ASN00075163,-33.3476,145.8703,174
2009-09,ASN00076000,-34.85,142.7811,486
2009-09,ASN00076012,-35.1702,143.0001,610
2009-09,ASN00076017,-35.1945,143.04,496
2009-09,ASN00076018,-35.1136,142.9194,460
2009-09,ASN00076031,-34.2358,142.0867,304
2009-09,ASN00076037,-34.1928,141.5996,284
2009-09,ASN00076038,-35.2628,141.1789,602
2009-09,ASN00076043,-34.9272,142.1765,592
2009-09,ASN00075142,-33.9247,145.5205,134
2009-09,ASN00076044,-35.1759,143.37,438
2009-09,ASN00076047,-35.0694,142.3158,840
2009-09,ASN00076050,-35.2555,143.3683,470
2009-09,ASN00076051,-34.362,141.9038,380
2009-09,ASN00076064,-35.1201,142.004,644
2009-09,ASN00076067,-34.3883,141.5954,390
2009-09,ASN00076069,-34.9536,142.7392,538
2009-09,ASN00076103,-35.189,142.3725,830
2009-09,ASN00076105,-34.7164,143.1506,506
2009-09,ASN00076106,-35.2484,141.0808,614
2009-09,ASN00076046,-35.167,143.2781,510
2009-09,ASN00076107,-35.2848,141.4949,580
2009-09,ASN00075140,-34.1533,145.1409,110
2009-09,ASN00075072,-33.9376,146.6062,123
2009-09,ASN00074261,-34.531,146.9806,282
2009-09,ASN00074262,-35.7861,144.6002,534
2009-09,ASN00074264,-35.4091,147.2479,317
2009-09,ASN00074267,-33.9956,146.7683,90
2009-09,ASN00075004,-35.2847,144.5334,568
2009-09,ASN00075007,-33.8436,144.9073,142
2009-09,ASN00075012,-35.4201,144.6002,543
2009-09,ASN00075016,-33.9871,145.3904,102
2009-09,ASN00075017,-33.17,146.642,200
2009-09,ASN00075079,-34.2502,146.1897,268
2009-09,ASN00075026,-34.442,145.5612,184
2009-09,ASN00075039,-33.2833,146.3707,119
2009-09,ASN00075041,-34.2487,146.0695,194
2009-09,ASN00075042,-34.476,144.3013,194
2009-09,ASN00075044,-33.8192,145.6235,118
2009-09,ASN00075046,-35.0885,144.0349,252
2009-09,ASN00075049,-34.4456,144.1728,215
2009-09,ASN00075054,-35.2849,145.2098,298
2009-09,ASN00075062,-34.8096,144.1654,158
2009-09,ASN00075071,-35.2119,144.816,246
2009-09,ASN00075032,-33.4915,145.5249,170
2009-09,ASN00076109,-35.3678,141.0625,642
2009-09,ASN00076133,-34.1051,141.0166,260
2009-09,ASN00077001,-35.9809,143.6479,298
2009-09,ASN00079015,-36.8721,142.6308,714
2009-09,ASN00079016,-36.7281,142.7303,660
2009-09,ASN00079017,-36.7181,141.4729,466
2009-09,ASN00079019,-37.1847,142.8553,414
2009-09,ASN00079028,-36.6722,142.2991,716
2009-09,ASN00079031,-36.9865,143.2727,704
2009-09,ASN00079032,-36.8612,142.9332,702
2009-09,ASN00079036,-36.7416,141.9429,548
2009-09,ASN00079037,-36.9,143.1137,784
2009-09,ASN00079008,-36.9389,141.8714,468
2009-09,ASN00079039,-36.9065,143.3384,755
2009-09,ASN00079046,-37.0936,142.4344,866
2009-09,ASN00079050,-37.3162,142.6975,648
2009-09,ASN00079075,-36.6287,142.6321,700
2009-09,ASN00079078,-37.0607,141.9882,506
2009-09,ASN00079079,-36.7913,143.1207,667
2009-09,ASN00079097,-37.1169,141.8031,454
2009-09,ASN00079099,-37.0222,141.2657,626
2009-09,ASN00079100,-36.6697,142.1731,830
2009-09,ASN00079103,-37.295,142.6039,1444
2009-09,ASN00079040,-36.6189,143.2631,554
2009-09,ASN00079002,-36.9532,143.1976,712
2009-09,ASN00078086,-36.14,141.9878,534
2009-09,ASN00078072,-36.3697,142.9709,416
2009-09,ASN00077005,-35.6367,142.995,454
2009-09,ASN00077008,-35.9244,142.851,334
2009-09,ASN00077009,-35.5504,142.9207,498
2009-09,ASN00077010,-35.7151,142.3569,306
2009-09,ASN00077014,-35.717,143.1074,393
2009-09,ASN00077015,-35.5574,142.5432,384
2009-09,ASN00077025,-35.4609,143.6286,449
2009-09,ASN00077028,-35.7955,142.8768,375
2009-09,ASN00077033,-35.3833,142.1869,632
2009-09,ASN00077039,-35.5046,142.8493,658
2009-09,ASN00077040,-35.5254,142.7267,810
2009-09,ASN00077052,-35.6803,142.6664,346
2009-09,ASN00077079,-36.0086,143.3719,354
2009-09,ASN00077082,-35.9338,142.2805,414
2009-09,ASN00077088,-35.987,142.915,108
2009-09,ASN00077094,-35.3766,143.5416,418
2009-09,ASN00078010,-36.4644,142.0327,542
2009-09,ASN00078013,-36.3986,141.8797,576
2009-09,ASN00078015,-36.3092,141.6486,460
2009-09,ASN00078038,-36.2705,142.2165,522
2009-09,ASN00078040,-36.2882,141.7347,512
2009-09,ASN00074258,-35.5575,144.9458,318
2009-09,ASN00079105,-37.068,142.7412,796
2009-09,ASN00074249,-34.8016,145.8904,151
2009-09,ASN00074217,-34.7565,147.3482,470
2009-09,ASN00072056,-35.3947,148.247,1068
2009-09,ASN00072078,-35.6767,147.5178,583
2009-09,ASN00072080,-35.7226,147.9291,694
2009-09,ASN00072082,-35.5528,147.9827,908
2009-09,ASN00072089,-35.9784,148.0855,700
2009-09,ASN00072091,-35.9383,148.3842,1316
2009-09,ASN00072098,-35.3448,148.3837,992
2009-09,ASN00072101,-35.7112,147.4859,668
2009-09,ASN00072141,-35.725,148.4915,1317
2009-09,ASN00072053,-35.7542,147.8445,808
2009-09,ASN00072142,-35.72,147.3103,524
2009-09,ASN00072150,-35.1583,147.4573,332
2009-09,ASN00072156,-35.9333,147.7167,756
2009-09,ASN00072159,-35.3019,147.9402,916
2009-09,ASN00072160,-36.069,146.9509,614
2009-09,ASN00072161,-35.9371,148.3779,1546
2009-09,ASN00072162,-36.2304,148.1405,1270
2009-09,ASN00072163,-35.899,148.1821,896
2009-09,ASN00072169,-35.7108,148.0026,844
2009-09,ASN00073000,-34.1442,147.386,230
2009-09,ASN00072146,-36.0692,146.9534,602
2009-09,ASN00073007,-34.9997,148.5984,797
2009-09,ASN00072050,-36.0355,147.2707,706
2009-09,ASN00072043,-35.778,148.0141,962
2009-09,ASN00070326,-37.1475,149.1496,820
2009-09,ASN00070328,-37.0016,149.2336,326
2009-09,ASN00070330,-34.8085,149.7312,478
2009-09,ASN00070334,-35.1138,149.9624,284
2009-09,ASN00070335,-35.2,149.955,220
2009-09,ASN00070336,-36.5971,149.2974,488
2009-09,ASN00070339,-35.4184,149.0937,656
2009-09,ASN00070340,-35.1837,149.1122,832
2009-09,ASN00070346,-35.1889,149.251,467
2009-09,ASN00072044,-35.3194,148.2341,787
2009-09,ASN00070348,-35.8618,149.1321,408
2009-09,ASN00071000,-35.9962,148.7693,614
2009-09,ASN00071005,-36.5029,148.835,431
2009-09,ASN00071019,-36.5067,148.8281,360
2009-09,ASN00071021,-36.4818,148.5873,546
2009-09,ASN00071032,-36.4917,148.2859,1846
2009-09,ASN00071041,-36.5031,148.304,2234
2009-09,ASN00072004,-35.5203,148.1453,968
2009-09,ASN00072023,-36.1039,147.0329,692
2009-09,ASN00072042,-35.2765,147.7362,498
2009-09,ASN00070349,-35.5293,148.7721,1420
2009-09,ASN00073014,-33.9029,148.1718,242
2009-09,ASN00073017,-34.0824,148.365,106
2009-09,ASN00073019,-34.8456,147.5714,288
2009-09,ASN00074040,-34.8814,145.7595,180
2009-09,ASN00074042,-35.6408,145.5762,384
2009-09,ASN00074050,-34.738,146.7825,226
2009-09,ASN00074053,-35.5168,147.0344,342
2009-09,ASN00074055,-35.3475,145.7257,426
2009-09,ASN00074081,-35.9878,146.0061,492
2009-09,ASN00074087,-35.3342,146.0342,376
2009-09,ASN00074088,-35.5579,146.1653,548
2009-09,ASN00074104,-35.2683,147.1142,162
2009-09,ASN00074037,-34.6223,146.4328,164
2009-09,ASN00074106,-35.817,145.6004,541
2009-09,ASN00074118,-34.5139,146.1848,112
2009-09,ASN00074126,-35.385,147.0558,214
2009-09,ASN00074127,-35.1069,147.3636,392
2009-09,ASN00074129,-35.7228,144.7865,256
2009-09,ASN00074162,-34.9349,146.3031,190
2009-09,ASN00074188,-35.6724,147.0361,416
2009-09,ASN00074202,-34.8504,146.9778,266
2009-09,ASN00074205,-35.162,147.0274,174
2009-09,ASN00074208,-35.6074,145.2012,556
2009-09,ASN00074110,-35.3305,146.2652,626
2009-09,ASN00074034,-35.9887,146.3574,417
2009-09,ASN00074005,-34.2849,146.5714,172
2009-09,ASN00074002,-34.3479,147.2208,344
2009-09,ASN00073021,-34.0391,148.5552,314
2009-09,ASN00073022,-34.6479,148.1606,486
2009-09,ASN00073025,-34.791,147.5592,332
2009-09,ASN00073029,-34.5495,148.3493,392
2009-09,ASN00073032,-34.0112,147.7937,164
2009-09,ASN00073043,-34.4918,148.1266,639
2009-09,ASN00073044,-35.0581,147.753,463
2009-09,ASN00073051,-34.2054,148.5533,342
2009-09,ASN00073054,-33.9262,147.2418,202
2009-09,ASN00073100,-33.9119,148.4383,290
2009-09,ASN00073109,-34.425,148.5408,424
2009-09,ASN00073110,-33.9462,148.0775,238
2009-09,ASN00073113,-34.1985,148.0047,203
2009-09,ASN00073115,-35.1687,148.2311,580
2009-09,ASN00073129,-34.1567,148.6857,364
2009-09,ASN00073138,-34.2493,148.2475,406
2009-09,ASN00073141,-35.0479,148.1075,532
2009-09,ASN00073142,-34.6299,148.0364,370
2009-09,ASN00073150,-34.5307,147.8442,1110
2009-09,ASN00073151,-34.4292,147.5111,242
2009-09,ASN00074000,-34.3567,146.9032,172
2009-09,ASN00074234,-35.0371,147.1933,310
2009-09,ASN00070308,-35.3757,149.087,430
2009-09,ASN00079107,-36.8132,141.2599,728
2009-09,ASN00080004,-35.9741,143.8525,248
2009-09,ASN00084016,-37.5679,149.9158,698
2009-09,ASN00084025,-37.8507,147.7664,420
2009-09,ASN00084035,-37.2618,147.7229,344
2009-09,ASN00084039,-37.0707,148.5906,650
2009-09,ASN00084044,-37.0071,148.2666,626
2009-09,ASN00084045,-37.8526,148.0638,666
2009-09,ASN00084084,-37.5976,149.7289,1270
2009-09,ASN00084093,-37.7132,148.3954,908
2009-09,ASN00084096,-37.5455,148.1357,630
2009-09,ASN00084015,-37.3757,147.8373,632
2009-09,ASN00084100,-37.8333,147.6206,216
2009-09,ASN00084109,-37.5006,148.2717,346
2009-09,ASN00084118,-37.49,147.1658,714
2009-09,ASN00084122,-37.4772,149.6386,720
2009-09,ASN00084128,-37.3564,149.2058,856
2009-09,ASN00084134,-37.3397,148.712,916
2009-09,ASN00084140,-37.7962,147.7559,516
2009-09,ASN00084142,-37.22,148.2625,878
2009-09,ASN00084143,-37.3417,149.0228,790
2009-09,ASN00084144,-37.6924,148.0908,736
2009-09,ASN00084107,-37.0826,148.2791,502
2009-09,ASN00084145,-37.6922,148.4667,1052
2009-09,ASN00084014,-37.106,148.6862,650
2009-09,ASN00084002,-37.1712,148.7228,892
2009-09,ASN00083003,-36.9456,147.7407,890
2009-09,ASN00083010,-36.6344,146.8628,1288
2009-09,ASN00083019,-37.0525,146.0872,458
2009-09,ASN00083024,-37.145,146.4394,2376
2009-09,ASN00083032,-36.8473,146.3225,1392
2009-09,ASN00083033,-37.5696,146.2541,2072
2009-09,ASN00083035,-36.9257,147.423,1136
2009-09,ASN00083038,-36.6566,147.1283,1290
2009-09,ASN00083043,-36.8756,147.2886,1274
2009-09,ASN00084003,-37.7073,147.8314,392
2009-09,ASN00083057,-36.6074,146.7888,1200
2009-09,ASN00083064,-36.941,147.7779,994
2009-09,ASN00083067,-36.7313,146.9614,802
2009-09,ASN00083077,-37.0322,146.3508,236
2009-09,ASN00083079,-36.7132,146.6717,1290
2009-09,ASN00083083,-36.7396,146.4671,1174
2009-09,ASN00083084,-36.8708,147.2755,1402
2009-09,ASN00083085,-36.9767,147.1342,1776
2009-09,ASN00083090,-37.1017,147.6008,806
2009-09,ASN00083091,-37.3016,146.1489,1551
2009-09,ASN00083058,-36.8547,146.8581,662
2009-09,ASN00084147,-37.8164,147.5714,284
2009-09,ASN00084148,-37.8385,147.8312,576
2009-09,ASN00085007,-38.4307,146.5398,2050
2009-09,ASN00085179,-38.1033,145.9718,1730
2009-09,ASN00085195,-38.0654,146.1689,1434
2009-09,ASN00085200,-38.4323,145.7919,1481
2009-09,ASN00085227,-38.5215,146.2041,1362
2009-09,ASN00085238,-37.9532,146.3898,1690
2009-09,ASN00085270,-37.7647,147.3744,734
2009-09,ASN00085276,-37.8039,146.8842,704
2009-09,ASN00085277,-37.9039,145.9719,2032
2009-09,ASN00085279,-37.8817,147.5669,512
2009-09,ASN00085168,-37.8345,147.0819,556
2009-09,ASN00085280,-38.2094,146.4747,878
2009-09,ASN00085288,-37.4667,146.6883,1140
2009-09,ASN00085289,-37.8514,146.555,210
2009-09,ASN00085291,-37.8383,146.2747,3764
2009-09,ASN00085292,-37.8897,145.9958,2036
2009-09,ASN00085293,-38.8957,145.9355,1176
2009-09,ASN00085296,-37.7481,147.1428,852
2009-09,ASN00085297,-37.9722,146.9856,258
2009-09,ASN00085298,-38.1072,147.1317,643
2009-09,ASN00085303,-37.5325,147.0053,680
2009-09,ASN00085281,-38.3245,146.5301,628
2009-09,ASN00085167,-38.0229,147.3511,611
2009-09,ASN00085166,-37.9582,147.0843,652
2009-09,ASN00085163,-38.7915,146.1799,1240
2009-09,ASN00085009,-38.1951,146.5293,606
2009-09,ASN00085021,-37.7,146.5167,1112
2009-09,ASN00085023,-38.1383,145.86,1532
2009-09,ASN00085028,-38.72,146.0633,1248
2009-09,ASN00085029,-38.652,146.1997,897
2009-09,ASN00085030,-38.4455,146.2699,1260
2009-09,ASN00085033,-38.4228,147.0864,518
2009-09,ASN00085034,-37.9085,146.8046,270
2009-09,ASN00085040,-38.6911,146.1486,1384
2009-09,ASN00085042,-38.022,145.8884,1952
2009-09,ASN00085045,-38.435,145.8178,1560
2009-09,ASN00085049,-38.4842,145.9329,1046
2009-09,ASN00085053,-38.506,146.5187,1630
2009-09,ASN00085058,-37.5277,146.5458,1100
2009-09,ASN00085063,-38.6079,146.3185,578
2009-09,ASN00085072,-38.1156,147.1322,638
2009-09,ASN00085073,-38.3183,147.1752,564
2009-09,ASN00085085,-38.2181,146.1658,1532
2009-09,ASN00085096,-39.1297,146.4244,1420
2009-09,ASN00085137,-38.7205,145.9011,1018
2009-09,ASN00085160,-38.4191,146.9656,652
2009-09,ASN00083000,-36.9064,146.2389,1448
2009-09,ASN00080002,-36.116,143.7229,380
2009-09,ASN00082169,-36.1828,147.8938,898
2009-09,ASN00082166,-36.4186,146.5572,784
2009-09,ASN00081020,-36.5753,143.8695,417
2009-09,ASN00081033,-36.6436,145.4197,458
2009-09,ASN00081034,-36.3989,145.3448,324
2009-09,ASN00081035,-36.6146,145.2143,484
2009-09,ASN00081041,-36.534,144.208,450
2009-09,ASN00081046,-36.4436,144.9828,310
2009-09,ASN00081049,-36.4378,145.2672,274
2009-09,ASN00081063,-37.0833,143.4833,146
2009-09,ASN00081083,-36.8465,144.5273,532
2009-09,ASN00081019,-36.718,145.1731,396
2009-09,ASN00081085,-36.8589,143.7297,582
2009-09,ASN00081090,-36.7446,143.6788,760
2009-09,ASN00081100,-36.7682,143.9866,474
2009-09,ASN00081115,-36.6284,144.8726,372
2009-09,ASN00081118,-36.8093,144.6203,470
2009-09,ASN00081120,-36.5886,145.0198,440
2009-09,ASN00081123,-36.7395,144.3266,534
2009-09,ASN00081124,-36.0294,146.0306,398
2009-09,ASN00081125,-36.4289,145.3947,444
2009-09,ASN00082001,-36.3702,146.7132,988
2009-09,ASN00081087,-36.2567,146.0433,514
2009-09,ASN00082009,-36.6085,146.5371,884
2009-09,ASN00081016,-36.4963,144.6096,420
2009-09,ASN00081007,-36.4565,145.6569,562
2009-09,ASN00080014,-36.1348,143.9186,272
2009-09,ASN00080015,-36.1647,144.7642,300
2009-09,ASN00080017,-36.0407,143.9403,214
2009-09,ASN00080020,-35.9661,144.3712,240
2009-09,ASN00080023,-35.7236,143.9197,476
2009-09,ASN00080024,-35.8674,143.8007,278
2009-09,ASN00080027,-36.3203,143.735,422
2009-09,ASN00080036,-35.9681,144.1073,290
2009-09,ASN00080044,-35.9977,144.4244,254
2009-09,ASN00081008,-36.5421,144.7751,416
2009-09,ASN00080049,-36.3613,144.7108,279
2009-09,ASN00080067,-36.2717,143.3453,300
2009-09,ASN00080091,-36.335,145.0638,308
2009-09,ASN00080101,-36.0918,145.4531,262
2009-09,ASN00080103,-36.3794,144.2299,272
2009-09,ASN00080109,-35.9119,145.6447,172
2009-09,ASN00080125,-35.8876,145.3879,276
2009-09,ASN00080126,-35.7175,143.9111,488
2009-09,ASN00080128,-36.2847,143.3341,496
2009-09,ASN00081000,-37.0887,143.4747,546
2009-09,ASN00080056,-36.2497,144.9531,260
2009-09,ASN00082010,-36.1491,146.6106,607
2009-09,ASN00082015,-36.3084,146.5229,702
2009-09,ASN00082016,-36.7545,145.5727,606
2009-09,ASN00082138,-36.4206,146.3056,536
2009-09,ASN00082139,-36.2136,147.5394,690
2009-09,ASN00082140,-36.8542,145.9381,500
2009-09,ASN00082142,-36.9461,146.2197,1270
2009-09,ASN00082143,-36.7861,145.6581,582
2009-09,ASN00082144,-36.8167,145.64,646
2009-09,ASN00082145,-36.8753,145.5783,698
2009-09,ASN00082146,-36.9322,145.5842,700
2009-09,ASN00082147,-36.9217,145.6769,808
2009-09,ASN00082134,-36.6936,145.8785,902
2009-09,ASN00082148,-36.8278,145.8494,940
2009-09,ASN00082151,-36.8628,145.7333,998
2009-09,ASN00082153,-36.8206,145.705,838
2009-09,ASN00082154,-36.8892,145.6814,1570
2009-09,ASN00082155,-36.8211,146.1278,1090
2009-09,ASN00082156,-36.7903,146.28,1324
2009-09,ASN00082158,-36.7478,146.5362,1310
2009-09,ASN00082162,-36.5775,146.8203,1052
2009-09,ASN00082163,-36.6364,146.5547,960
2009-09,ASN00082165,-36.9502,146.0095,888
2009-09,ASN00082149,-36.7858,145.5683,584
2009-09,ASN00082128,-36.5131,146.4483,724
2009-09,ASN00082116,-36.6083,146.3583,740
2009-09,ASN00082112,-36.6533,146.8567,1500
2009-09,ASN00082018,-36.7691,147.6956,1230
2009-09,ASN00082021,-36.0964,146.6008,465
2009-09,ASN00082029,-36.456,146.4299,628
2009-09,ASN00082033,-36.6975,146.2852,976
2009-09,ASN00082039,-36.1047,146.5094,430
2009-09,ASN00082041,-36.1859,146.4694,610
2009-09,ASN00082042,-36.8472,145.7308,988
2009-09,ASN00082043,-36.7872,145.8225,1028
2009-09,ASN00082049,-36.6425,145.7234,570
2009-09,ASN00082052,-35.9645,147.7374,856
2009-09,ASN00082057,-36.3025,146.7299,1070
2009-09,ASN00082058,-36.3111,146.8381,976
2009-09,ASN00082068,-36.5293,147.3749,1218
2009-09,ASN00082076,-36.5353,147.4984,1374
2009-09,ASN00082083,-36.804,145.418,578
2009-09,ASN00082084,-36.7136,145.7603,860
2009-09,ASN00082090,-36.4793,147.0297,845
2009-09,ASN00082096,-36.9005,145.5228,768
2009-09,ASN00082103,-36.0243,147.5475,884
2009-09,ASN00082105,-36.8314,146.3982,1348
2009-09,ASN00082109,-36.6133,146.1131,502
2009-09,ASN00082167,-36.5344,146.2181,756
2009-09,ASN00041034,-28.4039,151.4703,288
2009-09,ASN00003014,-18.2914,125.5869,0
2009-09,ASN00041024,-27.2067,151.8467,292
2009-09,ASN00014840,-17.3871,131.1166,0
2009-09,ASN00014847,-16.1176,130.9558,0
2009-09,ASN00014853,-15.97,129.0407,0
2009-09,ASN00014856,-18.3902,129.4299,0
2009-09,ASN00014857,-19.2798,129.9422,0
2009-09,ASN00014864,-16.3541,131.5147,0
2009-09,ASN00014866,-17.6129,130.0713,0
2009-09,ASN00014901,-13.8345,131.1872,0
2009-09,ASN00014909,-13.3275,133.0861,238
2009-09,ASN00014829,-18.3325,130.6358,0
2009-09,ASN00014932,-14.5229,132.3826,12
2009-09,ASN00014949,-15.7442,131.9182,4
2009-09,ASN00014954,-14.9408,130.8092,0
2009-09,ASN00014955,-14.3202,132.4226,8
2009-09,ASN00014956,-13.9487,131.3191,5
2009-09,ASN00014962,-14.254,132.7357,74
2009-09,ASN00014966,-14.3148,132.4248,6
2009-09,ASN00014967,-14.3055,132.0772,16
2009-09,ASN00015085,-18.637,135.945,0
2009-09,ASN00015088,-19.0579,136.7066,0
2009-09,ASN00014948,-14.2495,129.5282,2
2009-09,ASN00015123,-18.8689,134.4991,4
2009-09,ASN00014825,-16.403,131.0145,0
2009-09,ASN00014821,-16.4583,129.0058,0
2009-09,ASN00014508,-12.2741,136.8203,0
2009-09,ASN00014515,-12.5013,135.8001,0
2009-09,ASN00014517,-11.9971,135.5726,2
2009-09,ASN00014518,-13.9747,136.4631,2
2009-09,ASN00014612,-15.5748,133.2138,0
2009-09,ASN00014621,-15.8087,134.1477,0
2009-09,ASN00014626,-16.2636,133.3782,0
2009-09,ASN00014627,-13.6714,134.3414,0
2009-09,ASN00014647,-15.2712,132.9127,0
2009-09,ASN00014824,-16.1196,130.4282,0
2009-09,ASN00014648,-14.134,133.1094,44
2009-09,ASN00014651,-13.8269,133.3277,4
2009-09,ASN00014652,-14.5264,132.8006,118
2009-09,ASN00014654,-14.3295,133.1176,98
2009-09,ASN00014703,-15.7426,136.8192,2
2009-09,ASN00014704,-16.4423,136.076,2
2009-09,ASN00014723,-16.0757,136.3041,0
2009-09,ASN00014729,-15.6293,136.3881,0
2009-09,ASN00014730,-14.1055,133.3422,2
2009-09,ASN00014816,-15.7372,131.5345,0
2009-09,ASN00014650,-14.9147,133.127,0
2009-09,ASN00014405,-12.0569,134.2339,0
2009-09,ASN00015131,-17.5521,133.5407,0
2009-09,ASN00015139,-19.933,134.3548,26
2009-09,ASN00016001,-31.1558,136.8054,126
2009-09,ASN00016005,-32.3997,137.225,214
2009-09,ASN00016006,-29.9434,134.1506,112
2009-09,ASN00016021,-31.2609,135.2374,80
2009-09,ASN00016028,-30.0047,136.0445,200
2009-09,ASN00016030,-30.1809,135.6629,156
2009-09,ASN00016031,-30.2406,133.9885,114
2009-09,ASN00016032,-32.5226,136.4926,300
2009-09,ASN00016034,-32.1572,135.0722,402
2009-09,ASN00015673,-23.5312,134.3743,32
2009-09,ASN00016035,-30.4027,136.392,212
2009-09,ASN00016056,-32.1232,137.1505,112
2009-09,ASN00016065,-30.449,137.1692,168
2009-09,ASN00016067,-32.4398,136.0671,294
2009-09,ASN00016086,-31.7646,135.6494,231
2009-09,ASN00016090,-29.0347,134.7222,164
2009-09,ASN00016095,-26.2085,133.8545,166
2009-09,ASN00016096,-30.4829,136.8772,0
2009-09,ASN00016097,-26.2635,132.1771,268
2009-09,ASN00016098,-30.7051,134.5786,12
2009-09,ASN00016055,-32.3792,135.5247,328
2009-09,ASN00015135,-19.6423,134.1833,56
2009-09,ASN00015667,-23.6338,132.7311,138
2009-09,ASN00015661,-22.2109,134.1182,20
2009-09,ASN00015501,-23.1273,133.836,0
2009-09,ASN00015511,-25.3139,131.7571,101
2009-09,ASN00015521,-23.2837,134.4229,30
2009-09,ASN00015548,-20.1883,130.0161,0
2009-09,ASN00015585,-21.7498,135.2382,26
2009-09,ASN00015590,-23.7951,133.889,58
2009-09,ASN00015594,-23.4564,134.6849,11
2009-09,ASN00015602,-22.9494,136.1442,12
2009-09,ASN00015607,-22.1305,132.0812,90
2009-09,ASN00015666,-20.1824,130.0148,0
2009-09,ASN00015611,-22.7228,131.1685,91
2009-09,ASN00015618,-22.2747,137.9733,6
2009-09,ASN00015623,-23.6938,134.0354,82
2009-09,ASN00015626,-22.3961,134.2335,8
2009-09,ASN00015633,-24.0636,132.7444,190
2009-09,ASN00015635,-25.1896,130.9737,68
2009-09,ASN00015641,-20.5476,130.3466,4
2009-09,ASN00015643,-22.4518,133.6377,22
2009-09,ASN00015652,-24.2914,131.5488,100
2009-09,ASN00015660,-25.3602,131.0196,84
2009-09,ASN00015617,-24.1313,134.3737,100
2009-09,ASN00014404,-12.0931,134.8919,0
2009-09,ASN00014401,-11.6502,133.3796,2
2009-09,ASN00014285,-12.3551,130.8857,122
2009-09,ASN00012011,-30.9869,119.1142,126
2009-09,ASN00012025,-27.9331,120.0575,30
2009-09,ASN00012038,-30.7847,121.4533,104
2009-09,ASN00012043,-29.3361,121.4944,74
2009-09,ASN00012044,-33.5547,120.6997,520
2009-09,ASN00012045,-28.6306,122.4072,100
2009-09,ASN00012064,-31.3356,118.98,224
2009-09,ASN00012071,-32.9869,121.6239,514
2009-09,ASN00012072,-27.9875,119.2961,64
2009-09,ASN00012009,-32.2147,121.7547,274
2009-09,ASN00012077,-32.8606,121.7081,370
2009-09,ASN00012083,-31.3011,118.6922,225
2009-09,ASN00012092,-28.5606,119.0161,10
2009-09,ASN00012107,-33.4225,121.9894,496
2009-09,ASN00012117,-31.2186,121.6181,242
2009-09,ASN00012141,-30.0242,119.28,56
2009-09,ASN00012152,-31.2617,120.0219,220
2009-09,ASN00012223,-33.2242,121.3544,350
2009-09,ASN00012239,-28.4967,119.7436,102
2009-09,ASN00012297,-33.4853,122.5867,522
2009-09,ASN00012079,-31.0381,119.3064,114
2009-09,ASN00012305,-28.6133,122.4236,126
2009-09,ASN00011052,-30.8453,128.1092,56
2009-09,ASN00011019,-32.2464,126.3008,284
2009-09,ASN00010799,-32.6339,118.0103,268
2009-09,ASN00010802,-33.4661,118.6361,448
2009-09,ASN00010831,-33.4836,117.61,518
2009-09,ASN00010866,-33.9317,117.3258,468
2009-09,ASN00010869,-33.5942,120.1833,366
2009-09,ASN00010872,-33.1722,118.2475,402
2009-09,ASN00010878,-33.5381,119.6564,528
2009-09,ASN00010889,-32.885,118.6347,189
2009-09,ASN00010893,-34.3078,117.4347,298
2009-09,ASN00011022,-31.7117,128.8867,144
2009-09,ASN00010897,-34.2206,118.5042,470
2009-09,ASN00010905,-33.8878,119.1092,638
2009-09,ASN00010908,-32.0294,116.8742,334
2009-09,ASN00010911,-33.1006,118.4647,386
2009-09,ASN00010912,-32.5878,117.6408,122
2009-09,ASN00010916,-33.6856,117.6064,616
2009-09,ASN00010917,-32.6722,116.6706,750
2009-09,ASN00011003,-31.6797,128.8792,134
2009-09,ASN00011008,-31.8433,127.8572,282
2009-09,ASN00011017,-32.4569,123.8653,156
2009-09,ASN00010904,-32.1717,118.6136,292
2009-09,ASN00012306,-33.5239,122.9469,508
2009-09,ASN00012308,-33.3356,122.0697,392
2009-09,ASN00012314,-27.8386,120.7031,44
2009-09,ASN00014153,-11.1538,132.143,21
2009-09,ASN00014163,-12.4396,130.8376,74
2009-09,ASN00014183,-12.8324,130.9713,500
2009-09,ASN00014198,-12.6594,132.8939,242
2009-09,ASN00014204,-13.7578,131.574,6
2009-09,ASN00014219,-12.5491,131.0794,186
2009-09,ASN00014222,-12.6374,131.0763,848
2009-09,ASN00014226,-12.5764,131.0829,300
2009-09,ASN00014227,-12.3887,130.9248,590
2009-09,ASN00014149,-12.4558,131.0505,98
2009-09,ASN00014238,-12.4346,130.7491,106
2009-09,ASN00014253,-13.1672,130.1225,6
2009-09,ASN00014260,-12.4819,130.8978,110
2009-09,ASN00014264,-12.7121,130.9889,110
2009-09,ASN00014265,-12.4126,130.9202,154
2009-09,ASN00014266,-12.4121,130.9669,0
2009-09,ASN00014272,-13.0545,131.0252,266
2009-09,ASN00014274,-11.0468,132.9791,16
2009-09,ASN00014275,-12.7164,131.8206,43
2009-09,ASN00014277,-12.635,130.3725,316
2009-09,ASN00014246,-12.3784,130.9057,192
2009-09,ASN00014144,-12.3962,130.8785,162
2009-09,ASN00014143,-12.8003,131.0507,412
2009-09,ASN00014142,-11.4022,130.4217,248
2009-09,ASN00012320,-31.2353,119.3564,150
2009-09,ASN00013005,-26.2225,121.5561,24
2009-09,ASN00013006,-26.4006,120.9539,35
2009-09,ASN00013011,-26.1317,126.5839,66
2009-09,ASN00013015,-25.7964,122.9753,12
2009-09,ASN00013017,-25.0341,128.301,58
2009-09,ASN00013018,-26.1208,121.9403,20
2009-09,ASN00013024,-26.5172,122.8078,36
2009-09,ASN00013030,-21.7125,122.2281,0
2009-09,ASN00013032,-25.6361,121.3533,6
2009-09,ASN00013035,-27.0336,122.4439,38
2009-09,ASN00014013,-12.81,130.4576,203
2009-09,ASN00014015,-12.4239,130.8925,344
2009-09,ASN00014021,-13.1137,130.7981,368
2009-09,ASN00014040,-12.4227,130.8844,358
2009-09,ASN00014041,-12.605,131.2988,358
2009-09,ASN00014055,-13.481,131.1173,6
2009-09,ASN00014059,-14.0829,131.8099,4
2009-09,ASN00014092,-13.2373,131.1042,50
2009-09,ASN00014112,-12.3786,130.8469,108
2009-09,ASN00014116,-12.4429,130.9325,74
2009-09,ASN00017014,-31.0939,138.6786,361
2009-09,ASN00017024,-30.066,138.2739,164
2009-09,ASN00017028,-27.724,140.7633,20
2009-09,ASN00017032,-30.9904,138.5787,392
2009-09,ASN00021001,-34.026,138.6846,1230
2009-09,ASN00021002,-34.1424,138.4225,408
2009-09,ASN00021003,-33.845,138.4901,705
2009-09,ASN00021004,-33.5643,138.7595,839
2009-09,ASN00021007,-33.6947,138.4057,684
2009-09,ASN00021010,-33.7459,138.5628,1002
2009-09,ASN00021012,-33.8682,138.01,590
2009-09,ASN00021013,-33.1851,138.4968,1100
2009-09,ASN00021015,-33.7045,138.2927,638
2009-09,ASN00020062,-32.5707,139.5645,142
2009-09,ASN00021016,-33.353,138.2057,624
2009-09,ASN00021020,-33.359,138.393,984
2009-09,ASN00021021,-33.2705,138.357,644
2009-09,ASN00021022,-33.4669,138.4424,734
2009-09,ASN00021024,-33.4595,138.7475,1174
2009-09,ASN00021025,-33.8347,138.6532,1180
2009-09,ASN00021027,-33.2036,138.6059,650
2009-09,ASN00021029,-33.5867,138.3343,804
2009-09,ASN00021031,-33.1851,138.3001,1406
2009-09,ASN00021033,-33.9136,138.7195,788
2009-09,ASN00021019,-33.8315,138.7917,818
2009-09,ASN00021034,-33.5592,138.903,1036
2009-09,ASN00020059,-31.6619,140.6289,72
2009-09,ASN00020049,-31.6382,140.513,84
2009-09,ASN00019070,-31.5286,138.6093,348
2009-09,ASN00019078,-32.5172,137.8425,313
2009-09,ASN00019106,-32.627,139.1923,292
2009-09,ASN00019111,-31.4763,139.1134,68
2009-09,ASN00019112,-33.023,138.0698,432
2009-09,ASN00019113,-31.448,138.4531,264
2009-09,ASN00019114,-32.4295,138.8922,208
2009-09,ASN00019115,-33.0188,138.6153,1272
2009-09,ASN00020000,-32.0498,140.162,72
2009-09,ASN00020053,-32.1698,140.7959,140
2009-09,ASN00020001,-31.9695,140.5436,70
2009-09,ASN00020004,-31.6516,139.5491,114
2009-09,ASN00020010,-32.0646,139.382,140
2009-09,ASN00020013,-32.4292,139.9887,152
2009-09,ASN00020017,-32.4467,140.9233,90
2009-09,ASN00020020,-32.6416,139.6496,170
2009-09,ASN00020022,-33.2458,140.0345,224
2009-09,ASN00020025,-33.5009,139.5154,208
2009-09,ASN00020028,-33.7622,140.1251,310
2009-09,ASN00020043,-33.1873,139.6209,226
2009-09,ASN00020002,-32.076,140.9969,76
2009-09,ASN00021042,-33.6029,137.9348,745
2009-09,ASN00021044,-34.1848,138.1478,646
2009-09,ASN00021045,-33.5407,138.2244,804
2009-09,ASN00022015,-34.2971,138.0014,385
2009-09,ASN00022017,-34.9122,137.7977,464
2009-09,ASN00022018,-34.9906,137.3995,580
2009-09,ASN00022020,-33.9323,137.6282,758
2009-09,ASN00022022,-34.1447,138.0146,824
2009-09,ASN00022023,-35.0203,137.6064,576
2009-09,ASN00022031,-34.748,137.5276,472
2009-09,ASN00022033,-34.4724,137.885,694
2009-09,ASN00022036,-34.7477,137.6309,624
2009-09,ASN00022014,-34.7785,137.8579,288
2009-09,ASN00022044,-34.239,137.9883,500
2009-09,ASN00022049,-35.2795,136.9392,660
2009-09,ASN00022050,-33.9703,137.6628,770
2009-09,ASN00022054,-34.5552,137.8581,592
2009-09,ASN00022055,-34.6492,137.7272,464
2009-09,ASN00022056,-34.402,137.7185,664
2009-09,ASN00022803,-35.8426,138.1327,520
2009-09,ASN00022811,-35.5989,137.4386,748
2009-09,ASN00022815,-35.7255,137.2591,910
2009-09,ASN00022823,-35.7549,136.5959,774
2009-09,ASN00022046,-35.1121,137.7395,652
2009-09,ASN00022013,-34.4951,137.4836,332
2009-09,ASN00022012,-34.0402,137.9004,730
2009-09,ASN00022011,-34.0672,137.5925,716
2009-09,ASN00021055,-33.2296,138.8844,606
2009-09,ASN00021057,-33.5707,138.4503,812
2009-09,ASN00021060,-33.2025,138.6024,590
2009-09,ASN00021062,-33.3041,138.7553,958
2009-09,ASN00021063,-34.1564,138.1827,442
2009-09,ASN00021072,-33.3265,138.3172,740
2009-09,ASN00021075,-33.7464,138.6058,1086
2009-09,ASN00021076,-33.9309,138.814,952
2009-09,ASN00021077,-33.6781,138.9371,644
2009-09,ASN00021102,-33.35,138.102,652
2009-09,ASN00021104,-33.9943,138.4539,708
2009-09,ASN00021106,-33.953,138.3903,708
2009-09,ASN00021110,-33.7876,137.7068,644
2009-09,ASN00021120,-33.2549,138.7867,920
2009-09,ASN00021127,-33.8828,138.6389,1230
2009-09,ASN00021130,-34.1002,138.631,876
2009-09,ASN00021131,-33.8226,138.5933,972
2009-09,ASN00021133,-33.7676,138.2182,746
2009-09,ASN00022003,-34.6981,137.7116,530
2009-09,ASN00022008,-34.3745,137.6733,716
2009-09,ASN00022009,-34.7708,137.5952,394
2009-09,ASN00019062,-33.0287,138.7489,780
2009-09,ASN00010792,-34.1692,118.9444,462
2009-09,ASN00019061,-32.0545,138.6427,302
2009-09,ASN00019053,-33.0856,138.2211,1214
2009-09,ASN00018044,-33.1332,135.5552,442
2009-09,ASN00018046,-33.5679,135.7571,686
2009-09,ASN00018047,-32.0723,133.9401,445
2009-09,ASN00018054,-33.0314,134.7015,356
2009-09,ASN00018060,-31.7782,132.2038,580
2009-09,ASN00018063,-31.932,133.0056,358
2009-09,ASN00018069,-33.6501,134.888,717
2009-09,ASN00018077,-32.3752,133.9353,482
2009-09,ASN00018079,-32.7963,134.2116,483
2009-09,ASN00018043,-34.4139,135.8224,816
2009-09,ASN00018083,-33.043,135.4519,434
2009-09,ASN00018091,-34.2617,136.2092,364
2009-09,ASN00018094,-32.4035,134.5323,516
2009-09,ASN00018096,-33.6824,136.6831,425
2009-09,ASN00018098,-32.9475,135.2754,378
2009-09,ASN00018106,-31.4492,130.8976,254
2009-09,ASN00018107,-34.5911,135.7572,920
2009-09,ASN00018110,-30.6143,130.4136,112
2009-09,ASN00018113,-33.965,136.2472,472
2009-09,ASN00018114,-30.1591,131.579,164
2009-09,ASN00018086,-34.3756,136.1026,226
2009-09,ASN00018115,-35.3365,136.1174,578
2009-09,ASN00018040,-33.1414,136.4125,490
2009-09,ASN00018024,-33.4678,136.2113,518
2009-09,ASN00017037,-29.239,137.9058,115
2009-09,ASN00017041,-30.9372,138.8919,146
2009-09,ASN00017043,-27.5553,135.4456,406
2009-09,ASN00017054,-31.1278,138.9618,154
2009-09,ASN00017089,-27.7205,138.2548,106
2009-09,ASN00017098,-31.1881,138.2785,334
2009-09,ASN00017099,-30.311,139.3357,72
2009-09,ASN00017110,-30.5963,138.4219,256
2009-09,ASN00017115,-29.1266,140.9018,52
2009-09,ASN00018034,-32.7324,137.1505,163
2009-09,ASN00017119,-30.8406,138.3224,244
2009-09,ASN00017126,-29.6587,138.0684,18
2009-09,ASN00017130,-29.7138,137.9017,172
2009-09,ASN00017131,-29.9062,139.7345,142
2009-09,ASN00018001,-33.9118,136.5697,448
2009-09,ASN00018012,-32.1297,133.6976,368
2009-09,ASN00018014,-33.7011,136.4937,596
2009-09,ASN00018019,-34.3853,135.4697,600
2009-09,ASN00018022,-33.6772,136.9116,298
2009-09,ASN00018023,-34.2644,135.7266,582
2009-09,ASN00017123,-28.0997,140.1956,22
2009-09,ASN00018116,-33.7081,136.5026,520
2009-09,ASN00018120,-33.0539,137.5205,246
2009-09,ASN00018144,-34.5424,135.6997,686
2009-09,ASN00019002,-32.2507,137.9776,398
2009-09,ASN00019005,-32.8247,138.6907,550
2009-09,ASN00019006,-32.881,138.3519,686
2009-09,ASN00019008,-32.4618,138.2004,414
2009-09,ASN00019009,-32.4244,138.5304,200
2009-09,ASN00019010,-32.0695,138.4948,370
2009-09,ASN00019013,-32.5373,138.5626,464
2009-09,ASN00019017,-31.8846,138.435,310
2009-09,ASN00019024,-32.8294,138.1907,1387
2009-09,ASN00019001,-33.0524,138.4277,826
2009-09,ASN00019031,-32.8776,139.0578,498
2009-09,ASN00019034,-32.9737,138.8375,476
2009-09,ASN00019037,-33.0216,138.0002,344
2009-09,ASN00019038,-32.3538,138.0371,429
2009-09,ASN00019042,-32.8454,138.2116,952
2009-09,ASN00019043,-32.9495,138.5174,894
2009-09,ASN00019046,-31.775,138.6529,236
2009-09,ASN00019047,-32.6923,138.3247,539
2009-09,ASN00019048,-32.6521,138.1003,676
2009-09,ASN00019052,-33.0338,138.2686,1169
2009-09,ASN00019032,-32.7335,138.6135,486
2009-09,ASN00018214,-32.9232,136.4778,430
2009-09,ASN00018213,-33.7412,135.0804,428
2009-09,ASN00018209,-33.8189,135.4857,735
2009-09,ASN00018164,-33.6993,135.9238,678
2009-09,ASN00018165,-33.5733,135.602,669
2009-09,ASN00018166,-32.2811,134.4714,620
2009-09,ASN00018171,-34.1361,135.3319,830
2009-09,ASN00018172,-32.921,135.9996,403
2009-09,ASN00018174,-33.7234,136.1511,616
2009-09,ASN00018176,-33.3416,136.7518,502
2009-09,ASN00018182,-31.9661,133.3316,462
2009-09,ASN00018184,-33.6125,136.3722,748
2009-09,ASN00018186,-32.5534,136.7123,187
2009-09,ASN00018188,-34.6252,135.4725,536
2009-09,ASN00018189,-33.7516,135.1863,630
2009-09,ASN00018190,-32.9004,136.1858,570
2009-09,ASN00018192,-34.5993,135.8784,472
2009-09,ASN00018193,-33.0267,136.3171,582
2009-09,ASN00018195,-32.8427,135.1515,444
2009-09,ASN00018198,-33.4138,136.5989,604
2009-09,ASN00018201,-32.5091,137.7144,200
2009-09,ASN00018203,-34.344,136.0471,490
2009-09,ASN00018204,-33.5879,134.8859,652
2009-09,ASN00018205,-34.7405,135.845,535
2009-09,ASN00019057,-32.552,138.8688,331
2009-09,ASN00022835,-35.734,137.1212,154
2009-09,ASN00010705,-32.3344,118.8492,286
2009-09,ASN00010702,-32.1003,118.8058,370
2009-09,ASN00008143,-29.2872,115.6331,376
2009-09,ASN00008146,-30.0706,116.2092,264
2009-09,ASN00008157,-28.8978,115.8628,220
2009-09,ASN00008200,-28.6936,115.0408,444
2009-09,ASN00008202,-30.6219,116.3794,372
2009-09,ASN00008237,-28.6857,115.2806,416
2009-09,ASN00008240,-28.8939,115.4539,322
2009-09,ASN00008251,-27.7119,114.165,240
2009-09,ASN00008254,-30.7092,116.7744,200
2009-09,ASN00008137,-30.8917,116.7186,358
2009-09,ASN00008271,-28.8114,115.9675,134
2009-09,ASN00008285,-28.3181,114.7614,714
2009-09,ASN00008286,-28.275,114.6761,642
2009-09,ASN00008290,-28.3008,113.5936,262
2009-09,ASN00008294,-28.2094,115.285,158
2009-09,ASN00008296,-29.2039,116.0247,296
2009-09,ASN00008297,-30.2761,116.6714,222
2009-09,ASN00008298,-28.7597,114.937,626
2009-09,ASN00008299,-29.1103,115.3173,392
2009-09,ASN00008300,-29.0692,115.0915,648
2009-09,ASN00008283,-30.1453,116.3844,336
2009-09,ASN00008304,-28.9571,114.9492,0
2009-09,ASN00008121,-29.5339,115.7628,198
2009-09,ASN00008107,-29.4417,116.2875,201
2009-09,ASN00008005,-30.7294,116.02,460
2009-09,ASN00008008,-30.5831,116.135,436
2009-09,ASN00008013,-29.3303,116.1433,328
2009-09,ASN00008014,-30.2192,116.7783,204
2009-09,ASN00008016,-30.445,117.0406,186
2009-09,ASN00008022,-30.2911,116.3306,258
2009-09,ASN00008025,-29.6889,115.8869,369
2009-09,ASN00008028,-28.5008,114.7897,422
2009-09,ASN00008037,-29.8819,116.0233,307
2009-09,ASN00008113,-27.8325,114.7364,218
2009-09,ASN00008050,-28.7769,114.605,256
2009-09,ASN00008052,-28.17,114.7614,394
2009-09,ASN00008057,-29.5486,115.0689,518
2009-09,ASN00008060,-29.0364,115.5536,278
2009-09,ASN00008064,-30.6719,116.3078,394
2009-09,ASN00008066,-30.7008,117.0608,188
2009-09,ASN00008072,-29.7586,116.4444,264
2009-09,ASN00008077,-29.6006,115.9392,229
2009-09,ASN00008095,-28.5367,115.5142,379
2009-09,ASN00008100,-28.3456,114.6367,652
2009-09,ASN00008051,-28.7953,114.6975,438
2009-09,ASN00008002,-30.5967,116.7714,254
2009-09,ASN00008305,-29.2778,114.9464,630
2009-09,ASN00008308,-28.8,115.76,194
2009-09,ASN00009172,-32.1011,115.8794,1012
2009-09,ASN00009178,-31.4628,115.8642,1192
2009-09,ASN00009193,-32.0069,115.5022,626
2009-09,ASN00009199,-29.9486,114.9781,427
2009-09,ASN00009207,-32.0208,116.1167,1629
2009-09,ASN00009215,-31.9558,115.7619,1008
2009-09,ASN00009225,-31.9192,115.8728,802
2009-09,ASN00009240,-32.0056,116.1364,1870
2009-09,ASN00009242,-32.3956,115.9744,1342
2009-09,ASN00009168,-32.1189,116.1206,1918
2009-09,ASN00009248,-31.332,115.9513,540
2009-09,ASN00009256,-32.2433,115.6839,782
2009-09,ASN00009257,-32.1569,115.9275,1054
2009-09,ASN00009258,-32.2156,115.8758,1332
2009-09,ASN00009260,-32.4697,116.2143,1642
2009-09,ASN00009263,-31.8372,115.95,1109
2009-09,ASN00009264,-31.7078,115.7242,1014
2009-09,ASN00009276,-30.5744,115.2231,426
2009-09,ASN00009500,-35.0289,117.8808,1710
2009-09,ASN00009506,-34.4678,116.9169,1442
2009-09,ASN00009252,-31.7683,116.2475,1274
2009-09,ASN00008307,-28.89,115.4397,354
2009-09,ASN00009151,-31.9556,115.7928,902
2009-09,ASN00009113,-32.1108,116.0953,1796
2009-09,ASN00008309,-29.3,115.6597,328
2009-09,ASN00008310,-29.0291,115.5548,302
2009-09,ASN00009007,-31.8622,116.2658,922
2009-09,ASN00009009,-31.605,116.1114,1130
2009-09,ASN00009014,-30.6969,115.5817,572
2009-09,ASN00009015,-32.0892,116.125,1798
2009-09,ASN00009018,-31.3461,115.9031,312
2009-09,ASN00009021,-31.9275,115.9764,932
2009-09,ASN00009024,-31.5608,116.0842,992
2009-09,ASN00009131,-30.3081,115.0311,389
2009-09,ASN00009030,-31.8972,116.1575,2098
2009-09,ASN00009037,-30.3381,115.5394,598
2009-09,ASN00009039,-32.3536,116.005,1156
2009-09,ASN00009040,-31.1428,116.0539,562
2009-09,ASN00009053,-31.6669,116.0189,374
2009-09,ASN00009066,-31.7908,116.1975,1392
2009-09,ASN00009105,-31.7317,115.7931,654
2009-09,ASN00009106,-32.0486,115.9839,880
2009-09,ASN00009111,-32.44,116.0744,1872
2009-09,ASN00009112,-31.3928,116.0875,930
2009-09,ASN00009033,-30.9719,116.2089,573
2009-09,ASN00007600,-28.1156,117.8425,76
2009-09,ASN00007197,-28.2817,118.3111,20
2009-09,ASN00007185,-23.1725,117.7494,4
2009-09,ASN00003009,-18.355,125.3033,0
2009-09,ASN00003019,-17.3306,124.8167,0
2009-09,ASN00003028,-19.2536,121.4861,0
2009-09,ASN00003030,-18.6844,121.7803,0
2009-09,ASN00003032,-17.3706,123.6611,0
2009-09,ASN00003040,-17.9903,124.1922,0
2009-09,ASN00003048,-18.9158,125.5264,0
2009-09,ASN00003051,-16.7372,125.9086,0
2009-09,ASN00003057,-16.4514,123.0086,0
2009-09,ASN00003003,-17.9475,122.2353,0
2009-09,ASN00003059,-19.0861,121.6764,0
2009-09,ASN00003068,-18.5075,123.4561,0
2009-09,ASN00003073,-16.6872,123.8375,0
2009-09,ASN00003080,-17.5736,123.8217,0
2009-09,ASN00003084,-17.3436,123.6781,0
2009-09,ASN00003093,-18.1814,125.5619,0
2009-09,ASN00003098,-17.0549,125.7108,0
2009-09,ASN00004006,-22.1828,119.935,0
2009-09,ASN00004019,-19.7419,120.8436,0
2009-09,ASN00004032,-20.3725,118.6317,0
2009-09,ASN00003066,-18.5175,121.8072,0
2009-09,ASN00004038,-20.7483,118.8172,0
2009-09,ASN00003001,-17.2767,122.5711,0
2009-09,ASN00002064,-16.6381,128.4517,0
2009-09,ASN00041025,-27.5742,151.0839,145
2009-09,ASN00001006,-15.51,128.1503,0
2009-09,ASN00001007,-13.7542,126.1485,0
2009-09,ASN00001018,-16.4181,126.1025,6
2009-09,ASN00001019,-14.2964,126.6453,0
2009-09,ASN00001020,-14.09,126.3867,0
2009-09,ASN00001023,-16.0086,127.9806,0
2009-09,ASN00001025,-15.3797,126.3114,0
2009-09,ASN00001031,-13.96,127.1964,0
2009-09,ASN00002067,-15.9816,128.9991,0
2009-09,ASN00001035,-15.5969,128.2781,0
2009-09,ASN00002012,-18.2292,127.6636,2
2009-09,ASN00002021,-18.3869,126.9892,0
2009-09,ASN00002022,-18.016,126.3033,0
2009-09,ASN00002026,-18.5958,127.6419,0
2009-09,ASN00002032,-17.0156,128.2175,2
2009-09,ASN00002043,-18.3368,126.1243,0
2009-09,ASN00002044,-16.1119,128.7414,0
2009-09,ASN00002049,-18.1947,127.8147,0
2009-09,ASN00002056,-15.7814,128.71,0
2009-09,ASN00002009,-16.4203,126.4411,4
2009-09,ASN00004039,-20.9469,117.3733,0
2009-09,ASN00004041,-20.8503,120.695,0
2009-09,ASN00004068,-19.7789,120.6417,0
2009-09,ASN00006105,-25.8925,113.5772,108
2009-09,ASN00007014,-27.2528,117.6525,0
2009-09,ASN00007017,-27.4233,117.8994,4
2009-09,ASN00007019,-24.0019,119.5725,10
2009-09,ASN00007023,-25.6864,119.2258,4
2009-09,ASN00007030,-26.1142,117.5047,0
2009-09,ASN00007045,-26.6136,118.5372,30
2009-09,ASN00007059,-24.2297,118.2408,0
2009-09,ASN00007064,-27.3636,116.4261,38
2009-09,ASN00006099,-26.8936,115.9561,79
2009-09,ASN00007068,-29.425,117.2906,332
2009-09,ASN00007081,-28.8928,117.1333,158
2009-09,ASN00007090,-28.8439,117.8317,90
2009-09,ASN00007101,-26.2822,118.6933,24
2009-09,ASN00007103,-25.48,119.6492,0
2009-09,ASN00007139,-29.2708,117.6836,222
2009-09,ASN00007176,-23.4169,119.7989,4
2009-09,ASN00007177,-23.6042,117.6892,0
2009-09,ASN00007179,-24.4114,118.9408,0
2009-09,ASN00007180,-25.0386,120.0064,0
2009-09,ASN00007078,-26.5597,118.5397,40
2009-09,ASN00006097,-26.1203,113.3975,119
2009-09,ASN00006072,-23.0314,115.0414,0
2009-09,ASN00006069,-26.5903,115.9267,60
2009-09,ASN00004083,-20.7097,116.7742,0
2009-09,ASN00004090,-20.7594,117.1583,0
2009-09,ASN00004106,-21.1756,119.7497,0
2009-09,ASN00005001,-21.8047,117.8056,0
2009-09,ASN00005006,-22.9119,116.2903,0
2009-09,ASN00005007,-22.2406,114.0967,0
2009-09,ASN00005008,-21.1906,115.9797,0
2009-09,ASN00005014,-21.7869,117.8647,0
2009-09,ASN00005017,-21.6689,115.1092,0
2009-09,ASN00005022,-21.975,116.0653,0
2009-09,ASN00005029,-21.6767,116.3928,0
2009-09,ASN00005061,-20.7278,116.7483,0
2009-09,ASN00005069,-21.6392,116.3308,0
2009-09,ASN00005084,-21.4606,115.0197,4
2009-09,ASN00005094,-20.875,115.4056,0
2009-09,ASN00005095,-22.9367,116.9731,0
2009-09,ASN00006008,-25.0481,114.0294,0
2009-09,ASN00006011,-24.8878,113.67,44
2009-09,ASN00006022,-25.0544,115.21,6
2009-09,ASN00006034,-25.3656,114.3594,0
2009-09,ASN00006044,-25.9261,113.5319,36
2009-09,ASN00009507,-32.6836,116.5194,802
2009-09,ASN00009513,-33.2136,115.85,1228
2009-09,ASN00009515,-33.6611,115.3456,326
2009-09,ASN00009518,-34.3728,115.1358,1202
2009-09,ASN00010084,-30.1056,117.3597,456
2009-09,ASN00010091,-31.6322,117.0081,98
2009-09,ASN00010092,-31.4756,118.2789,220
2009-09,ASN00010095,-31.5936,118.2347,234
2009-09,ASN00010097,-30.6569,117.2625,202
2009-09,ASN00010111,-31.6508,116.6586,476
2009-09,ASN00010112,-31.1842,118.1006,241
2009-09,ASN00010118,-31.9917,118.0264,240
2009-09,ASN00010119,-31.795,118.3947,336
2009-09,ASN00010082,-31.1125,117.9186,182
2009-09,ASN00010121,-31.6431,117.4872,326
2009-09,ASN00010126,-31.1153,117.7942,227
2009-09,ASN00010134,-31.3119,116.515,300
2009-09,ASN00010135,-30.4869,118.1258,214
2009-09,ASN00010136,-30.5892,118.1489,320
2009-09,ASN00010138,-31.814,116.341,485
2009-09,ASN00010143,-31.415,117.2664,265
2009-09,ASN00010145,-31.3756,117.5853,186
2009-09,ASN00010149,-31.3361,117.8164,203
2009-09,ASN00010150,-31.6358,116.7961,218
2009-09,ASN00010124,-31.5136,118.1753,262
2009-09,ASN00010151,-31.5317,118.0986,190
2009-09,ASN00010076,-31.0597,116.7319,299
2009-09,ASN00010070,-30.3686,117.1133,210
2009-09,ASN00010000,-31.1675,117.0736,312
2009-09,ASN00010007,-30.8081,117.8603,270
2009-09,ASN00010009,-31.2744,116.5092,368
2009-09,ASN00010010,-30.9386,117.9642,171
2009-09,ASN00010011,-30.4731,118.3819,241
2009-09,ASN00010012,-31.5278,117.4361,252
2009-09,ASN00010019,-31.3958,118.4808,222
2009-09,ASN00010026,-30.0606,117.1417,340
2009-09,ASN00010031,-31.3742,117.5861,208
2009-09,ASN00010073,-31.6183,117.7217,240
2009-09,ASN00010032,-30.9964,117.3953,259
2009-09,ASN00010040,-31.6089,117.8775,224
2009-09,ASN00010041,-31.6192,117.4372,300
2009-09,ASN00010042,-31.1936,117.0311,238
2009-09,ASN00010043,-31.7661,116.9167,388
2009-09,ASN00010053,-31.7233,118.4372,268
2009-09,ASN00010058,-31.2994,116.8269,152
2009-09,ASN00010060,-31.9886,118.5106,350
2009-09,ASN00010061,-31.1417,116.9558,280
2009-09,ASN00010064,-31.2747,116.5075,378
2009-09,ASN00010039,-31.0072,117.2042,231
2009-09,ASN00010155,-30.7686,117.1361,158
2009-09,ASN00010160,-31.4533,117.1194,240
2009-09,ASN00010163,-31.7711,117.1433,312
2009-09,ASN00010556,-32.4797,116.8167,418
2009-09,ASN00010558,-33.9372,118.0075,304
2009-09,ASN00010560,-32.5403,119.1122,202
2009-09,ASN00010565,-32.6744,119.4144,270
2009-09,ASN00010568,-32.4419,118.8983,324
2009-09,ASN00010571,-32.3789,116.8258,520
2009-09,ASN00010582,-33.83,117.159,712
2009-09,ASN00010584,-32.6719,118.1547,206
2009-09,ASN00010603,-32.4231,118.2003,112
2009-09,ASN00010546,-33.3142,117.74,474
2009-09,ASN00010611,-33.2761,119.7753,370
2009-09,ASN00010614,-32.9342,117.1797,584
2009-09,ASN00010622,-33.9644,118.4889,472
2009-09,ASN00010626,-32.5336,117.0831,568
2009-09,ASN00010628,-32.0094,117.4014,202
2009-09,ASN00010633,-33.5803,120.0458,370
2009-09,ASN00010635,-33.7853,116.9064,686
2009-09,ASN00010641,-33.375,116.9053,490
2009-09,ASN00010647,-33.3075,117.3403,510
2009-09,ASN00010692,-33.1131,118.84,482
2009-09,ASN00010612,-32.0656,118.3956,343
2009-09,ASN00010541,-33.8594,118.8158,516
2009-09,ASN00010537,-34.2961,117.5533,275
2009-09,ASN00010536,-32.3292,117.8733,283
2009-09,ASN00010192,-30.5539,118.2828,254
2009-09,ASN00010286,-31.6219,117.2217,238
2009-09,ASN00010294,-31.5736,117.5097,220
2009-09,ASN00010304,-31.485,116.5383,436
2009-09,ASN00010307,-31.7936,116.6278,474
2009-09,ASN00010308,-31.55,116.4867,408
2009-09,ASN00010310,-31.7647,116.3464,926
2009-09,ASN00010311,-31.8997,116.765,445
2009-09,ASN00010502,-34.2553,118.2214,460
2009-09,ASN00010503,-32.0311,118.0947,320
2009-09,ASN00010508,-33.6361,117.9278,440
2009-09,ASN00010511,-32.8022,117.5025,278
2009-09,ASN00010513,-32.3869,118.2622,214
2009-09,ASN00010515,-32.1083,116.9247,435
2009-09,ASN00010518,-32.4006,118.6058,258
2009-09,ASN00010520,-33.6614,117.0539,478
2009-09,ASN00010524,-32.3725,117.0072,407
2009-09,ASN00010527,-32.3756,117.5128,288
2009-09,ASN00010530,-33.9144,117.0994,722
2009-09,ASN00010531,-33.7069,117.2411,610
2009-09,ASN00010534,-32.4825,117.5647,264
2009-09,ASN00009998,-34.9469,116.7222,682
2009-09,ASN00010704,-33.3281,117.5628,442
2009-09,ASN00009997,-33.7647,115.8431,1306
2009-09,ASN00009992,-33.5435,115.5509,1044
2009-09,ASN00009615,-34.715,118.4692,715
2009-09,ASN00009616,-34.0911,116.6628,1118
2009-09,ASN00009617,-33.9486,116.1311,1580
2009-09,ASN00009626,-33.7106,121.5619,722
2009-09,ASN00009628,-33.36,116.1467,1047
2009-09,ASN00009633,-34.8644,118.1122,1120
2009-09,ASN00009635,-34.3633,117.0836,520
2009-09,ASN00009636,-33.8358,115.0747,2068
2009-09,ASN00009642,-33.1336,115.8808,1104
2009-09,ASN00009613,-34.1436,115.2261,1866
2009-09,ASN00009645,-33.7981,121.1503,673
2009-09,ASN00009654,-34.3986,119.3778,690
2009-09,ASN00009678,-34.8772,117.6725,1312
2009-09,ASN00009692,-34.2258,115.7622,2036
2009-09,ASN00009738,-33.4531,116.3025,1155
2009-09,ASN00009739,-33.6789,122.3311,656
2009-09,ASN00009741,-34.9414,117.8022,1352
2009-09,ASN00009752,-34.7233,117.3494,1456
2009-09,ASN00009754,-34.5961,118.5519,561
2009-09,ASN00009766,-35.0597,117.8658,1910
2009-09,ASN00009647,-34.9506,117.2769,1896
2009-09,ASN00009769,-32.5698,116.4385,1154
2009-09,ASN00009611,-34.9761,116.7328,1306
2009-09,ASN00009600,-33.9525,115.1969,916
2009-09,ASN00009519,-33.5372,115.0189,1168
2009-09,ASN00009527,-33.3969,115.7833,1222
2009-09,ASN00009531,-34.9617,117.3567,1220
2009-09,ASN00009532,-34.9528,117.3733,1922
2009-09,ASN00009534,-33.5719,115.8247,1532
2009-09,ASN00009538,-32.7103,116.0594,2381
2009-09,ASN00009542,-33.6825,121.8275,756
2009-09,ASN00009547,-34.0717,115.0986,2106
2009-09,ASN00009556,-33.9781,116.3336,1002
2009-09,ASN00009603,-33.6858,115.4008,1240
2009-09,ASN00009557,-33.9497,120.1258,301
2009-09,ASN00009574,-33.9592,115.0642,993
2009-09,ASN00009575,-32.8556,116.45,1258
2009-09,ASN00009579,-33.7633,122.0675,530
2009-09,ASN00009584,-33.7422,121.995,758
2009-09,ASN00009587,-33.9967,116.4253,940
2009-09,ASN00009589,-34.9919,116.8206,1338
2009-09,ASN00009590,-34.6339,116.1236,1428
2009-09,ASN00009592,-34.4478,116.0433,2594
2009-09,ASN00009594,-34.435,119.3628,802
2009-09,ASN00009573,-34.2508,116.145,1790
2009-09,ASN00009771,-33.7411,115.4697,1554
2009-09,ASN00009772,-33.7608,121.2156,578
2009-09,ASN00009776,-33.7931,115.3189,1358
2009-09,ASN00009927,-33.6028,116.0128,1530
2009-09,ASN00009928,-34.8389,116.7211,2336
2009-09,ASN00009936,-32.6239,116.0603,2293
2009-09,ASN00009957,-35.0367,116.9247,1770
2009-09,ASN00009958,-34.6625,117.8394,952
2009-09,ASN00009961,-33.9306,120.1283,344
2009-09,ASN00009964,-34.5714,117.0106,1242
2009-09,ASN00009965,-33.3567,115.6447,1076
2009-09,ASN00009967,-34.7772,117.6508,1328
2009-09,ASN00009917,-33.7058,115.7878,1586
2009-09,ASN00009968,-34.5683,116.3367,2034
2009-09,ASN00009976,-32.6453,115.8644,974
2009-09,ASN00009977,-32.5219,115.7119,864
2009-09,ASN00009978,-33.7563,115.2096,1338
2009-09,ASN00009982,-33.3878,115.8538,1242
2009-09,ASN00009987,-33.6414,115.7028,1320
2009-09,ASN00009988,-33.6808,115.6242,1382
2009-09,ASN00009989,-33.6458,115.9553,1266
2009-09,ASN00009990,-33.4775,115.7393,1200
2009-09,ASN00009991,-33.5711,115.8383,1144
2009-09,ASN00009971,-33.7844,115.4075,1422
2009-09,ASN00009914,-33.3197,116.6464,912
2009-09,ASN00009912,-33.445,115.8508,1516
2009-09,ASN00009908,-34.2292,115.9294,2082
2009-09,ASN00009784,-34.9319,117.1606,1432
2009-09,ASN00009789,-33.83,121.8925,848
2009-09,ASN00009801,-34.1597,115.1892,1788
2009-09,ASN00009803,-33.7831,115.3447,282
2009-09,ASN00009804,-33.8811,122.2167,1162
2009-09,ASN00009805,-34.9769,116.7286,1196
2009-09,ASN00009815,-33.8819,122.5661,958
2009-09,ASN00009822,-33.7753,121.555,782
2009-09,ASN00009842,-33.7964,115.6658,1864
2009-09,ASN00009843,-34.4417,116.9944,836
2009-09,ASN00009848,-34.7719,118.1317,952
2009-09,ASN00009850,-34.5378,117.7197,696
2009-09,ASN00009852,-34.8883,118.3958,900
2009-09,ASN00009865,-34.3997,118.8867,342
2009-09,ASN00009868,-33.7078,120.8653,512
2009-09,ASN00009871,-34.8361,116.0308,1353
2009-09,ASN00009877,-33.6033,115.4983,1140
2009-09,ASN00009894,-32.9183,115.9217,1700
2009-09,ASN00009897,-33.8536,123.0069,792
2009-09,ASN00009899,-34.8883,118.0789,1118
2009-09,ASN00009904,-34.5967,116.1072,2134
2009-09,ASN00009994,-33.3608,116.1717,1356
2009-09,ASN00022836,-35.8096,137.792,608
2009-09,ASN00010729,-34.3439,118.6306,448
2009-09,ASN00022841,-35.7114,137.5231,652
2009-09,ASN00039018,-24.0222,151.7642,92
2009-09,ASN00039036,-25.3706,151.1222,276
2009-09,ASN00039040,-24.9933,151.9606,222
2009-09,ASN00039043,-23.5255,150.5078,0
2009-09,ASN00039054,-24.1967,150.3714,72
2009-09,ASN00039059,-24.1116,152.7161,138
2009-09,ASN00039066,-25.6167,151.6156,316
2009-09,ASN00039067,-23.5798,150.4044,0
2009-09,ASN00039068,-23.8104,150.9783,40
2009-09,ASN00039009,-24.8408,152.2414,390
2009-09,ASN00039070,-25.1694,151.6375,428
2009-09,ASN00039073,-25.5908,151.2986,399
2009-09,ASN00039083,-23.3753,150.4775,0
2009-09,ASN00039085,-24.7298,153.2089,694
2009-09,ASN00039089,-24.4935,150.5709,172
2009-09,ASN00039092,-24.6792,152.1881,138
2009-09,ASN00039095,-24.6342,152.0228,230
2009-09,ASN00039097,-24.7158,152.0075,150
2009-09,ASN00039102,-23.9078,150.1953,10
2009-09,ASN00039104,-24.8642,151.1247,22
2009-09,ASN00039071,-24.5722,149.9694,14
2009-09,ASN00039106,-24.4081,150.7258,180
2009-09,ASN00039000,-25.1333,151.1292,448
2009-09,ASN00038062,-24.6947,143.1275,0
2009-09,ASN00037036,-21.84,140.8925,0
2009-09,ASN00037039,-22.3617,143.0836,0
2009-09,ASN00037046,-22.2903,142.4731,92
2009-09,ASN00037106,-21.8831,139.9728,0
2009-09,ASN00037112,-23.9686,143.3031,0
2009-09,ASN00037120,-21.8958,143.0967,0
2009-09,ASN00038000,-24.3597,139.4714,0
2009-09,ASN00038003,-22.9117,139.9039,22
2009-09,ASN00038004,-24.8522,143.6672,184
2009-09,ASN00038063,-25.1494,142.9833,22
2009-09,ASN00038009,-24.7856,139.5919,0
2009-09,ASN00038012,-24.8303,143.9331,50
2009-09,ASN00038014,-23.365,139.6556,0
2009-09,ASN00038020,-25.79,139.5856,0
2009-09,ASN00038024,-25.4228,142.6564,10
2009-09,ASN00038026,-25.8975,139.3472,0
2009-09,ASN00038035,-25.5903,143.8917,92
2009-09,ASN00038049,-24.8519,142.6964,0
2009-09,ASN00038056,-25.6653,142.1086,0
2009-09,ASN00038060,-25.1806,142.6817,0
2009-09,ASN00038010,-22.9144,138.8036,50
2009-09,ASN00039123,-23.8553,151.2628,92
2009-09,ASN00039128,-24.8885,152.3235,452
2009-09,ASN00039129,-24.6156,151.105,42
2009-09,ASN00039334,-24.0213,150.9603,120
2009-09,ASN00039338,-24.9822,152.0731,176
2009-09,ASN00039339,-25.1475,151.6286,358
2009-09,ASN00039340,-25.62,151.59,358
2009-09,ASN00039341,-25.5247,151.76,430
2009-09,ASN00039343,-25.5378,151.32,364
2009-09,ASN00039346,-25.695,151.3325,232
2009-09,ASN00039349,-23.6211,150.1567,0
2009-09,ASN00040004,-27.6297,152.7111,112
2009-09,ASN00039332,-24.41,149.8356,4
2009-09,ASN00040020,-26.8848,152.1006,228
2009-09,ASN00040028,-25.6006,152.2614,430
2009-09,ASN00040042,-28.0142,153.1664,280
2009-09,ASN00040043,-27.0314,153.4661,120
2009-09,ASN00040051,-26.7297,152.7169,604
2009-09,ASN00040056,-27.3914,152.5014,240
2009-09,ASN00040057,-26.1842,152.9136,264
2009-09,ASN00040068,-25.9319,153.1906,592
2009-09,ASN00040071,-26.3828,151.1922,220
2009-09,ASN00040075,-27.2397,152.4219,306
2009-09,ASN00040026,-25.5997,152.5925,290
2009-09,ASN00039326,-23.8697,151.2214,80
2009-09,ASN00039321,-25.4,151.1,340
2009-09,ASN00039319,-25.1303,151.1297,400
2009-09,ASN00039135,-24.8036,152.4547,156
2009-09,ASN00039142,-24.8139,149.9892,0
2009-09,ASN00039151,-24.8075,150.2197,22
2009-09,ASN00039168,-25.1025,152.5603,341
2009-09,ASN00039175,-24.4167,151.2119,0
2009-09,ASN00039186,-24.9297,152.1983,360
2009-09,ASN00039201,-24.3278,149.8556,10
2009-09,ASN00039205,-24.8725,150.8236,284
2009-09,ASN00039220,-24.6544,151.6311,80
2009-09,ASN00039241,-23.7583,151.3097,54
2009-09,ASN00039242,-23.4009,150.6238,22
2009-09,ASN00039248,-24.9389,150.8033,84
2009-09,ASN00039251,-24.7275,151.4308,272
2009-09,ASN00039252,-24.2122,151.4219,80
2009-09,ASN00039255,-24.1664,151.5128,232
2009-09,ASN00039256,-25.1475,151.6286,402
2009-09,ASN00039278,-24.8394,150.7444,380
2009-09,ASN00039290,-24.4131,150.5208,280
2009-09,ASN00039303,-25.2558,152.2819,318
2009-09,ASN00039313,-25.1367,151.98,400
2009-09,ASN00039314,-24.1542,151.8875,78
2009-09,ASN00037034,-21.8125,139.9267,0
2009-09,ASN00040079,-27.5831,152.3806,478
2009-09,ASN00037030,-21.8886,143.6019,0
2009-09,ASN00037010,-19.9225,138.1214,0
2009-09,ASN00033312,-23.2233,150.605,22
2009-09,ASN00033313,-22.8264,150.3372,0
2009-09,ASN00034010,-20.4328,146.0131,0
2009-09,ASN00034015,-22.0656,147.7219,0
2009-09,ASN00034027,-22.7744,148.81,0
2009-09,ASN00034044,-21.0767,146.5133,0
2009-09,ASN00034061,-22.9372,149.1386,0
2009-09,ASN00034084,-20.0464,146.2708,0
2009-09,ASN00034094,-20.9994,146.4272,0
2009-09,ASN00033310,-23.2,150.3978,2
2009-09,ASN00034097,-20.6467,147.1372,0
2009-09,ASN00035001,-23.5522,147.7461,0
2009-09,ASN00035015,-25.4025,149.1044,20
2009-09,ASN00035016,-23.0856,148.0236,0
2009-09,ASN00035039,-26.3564,150.0464,88
2009-09,ASN00035040,-25.5811,148.4811,46
2009-09,ASN00035049,-24.5608,145.7869,0
2009-09,ASN00035053,-23.1864,147.3539,0
2009-09,ASN00035063,-24.2111,148.7403,20
2009-09,ASN00035064,-24.4481,147.8986,0
2009-09,ASN00034100,-22.2411,148.43,0
2009-09,ASN00035065,-24.123,148.0856,24
2009-09,ASN00033308,-22.7433,150.6578,40
2009-09,ASN00033306,-20.4103,148.2306,0
2009-09,ASN00033267,-20.2197,148.1217,0
2009-09,ASN00033269,-20.3078,148.2181,0
2009-09,ASN00033270,-20.525,148.2125,0
2009-09,ASN00033277,-21.1789,148.8297,40
2009-09,ASN00033280,-19.6333,147.1103,200
2009-09,ASN00033285,-23.0883,150.11,0
2009-09,ASN00033286,-19.7586,147.2436,0
2009-09,ASN00033287,-19.9717,147.2508,0
2009-09,ASN00033288,-19.6433,147.3972,0
2009-09,ASN00033307,-19.4167,146.5364,8
2009-09,ASN00033289,-20.1425,147.5631,0
2009-09,ASN00033291,-20.3089,147.2961,0
2009-09,ASN00033292,-20.5819,147.5981,0
2009-09,ASN00033294,-23.1364,150.7506,40
2009-09,ASN00033295,-19.4569,147.4833,58
2009-09,ASN00033299,-21.2725,148.8203,200
2009-09,ASN00033300,-21.1439,149.0753,140
2009-09,ASN00033301,-21.3228,148.835,0
2009-09,ASN00033302,-21.1772,148.8311,0
2009-09,ASN00033303,-21.1397,149.1883,70
2009-09,ASN00033290,-20.2897,147.9019,0
2009-09,ASN00035068,-25.6103,148.9444,8
2009-09,ASN00035069,-24.8819,146.2564,59
2009-09,ASN00035070,-25.6408,149.7958,92
2009-09,ASN00036007,-23.5544,145.2883,101
2009-09,ASN00036011,-22.2067,145.0083,0
2009-09,ASN00036023,-21.5119,144.6339,0
2009-09,ASN00036026,-24.2591,144.4406,268
2009-09,ASN00036028,-22.1769,144.0486,0
2009-09,ASN00036031,-23.4372,144.2769,136
2009-09,ASN00036034,-24.4303,145.4306,86
2009-09,ASN00036036,-23.6239,145.6892,46
2009-09,ASN00036037,-22.595,144.5469,114
2009-09,ASN00036006,-21.7117,144.3928,16
2009-09,ASN00036046,-21.6292,145.1167,4
2009-09,ASN00036074,-22.3022,145.99,0
2009-09,ASN00036094,-24.4464,144.1094,110
2009-09,ASN00036127,-24.6017,143.8314,90
2009-09,ASN00036143,-24.4214,145.4672,96
2009-09,ASN00036160,-22.2717,147.0903,0
2009-09,ASN00036168,-24.9553,145.2489,0
2009-09,ASN00036172,-21.9667,144.3333,0
2009-09,ASN00037000,-22.1542,142.49,0
2009-09,ASN00037003,-20.4661,138.4683,0
2009-09,ASN00036050,-22.0231,145.9831,0
2009-09,ASN00036004,-22.9717,145.245,40
2009-09,ASN00035282,-25.6333,149.7833,80
2009-09,ASN00035274,-23.8467,148.1083,0
2009-09,ASN00035072,-24.8856,146.2781,50
2009-09,ASN00035077,-24.9214,148.6006,0
2009-09,ASN00035079,-24.6217,147.4064,0
2009-09,ASN00035081,-26.2853,149.8283,126
2009-09,ASN00035088,-24.3339,147.9425,12
2009-09,ASN00035090,-24.9588,148.3743,0
2009-09,ASN00035094,-22.4831,147.5172,0
2009-09,ASN00035109,-22.8181,148.49,0
2009-09,ASN00035117,-25.3864,149.7842,100
2009-09,ASN00035132,-23.4292,148.9272,0
2009-09,ASN00035135,-25.7583,149.4067,70
2009-09,ASN00035151,-25.2797,148.85,0
2009-09,ASN00035165,-24.0717,146.6139,0
2009-09,ASN00035172,-23.4542,149.2608,0
2009-09,ASN00035182,-25.6753,149.6331,64
2009-09,ASN00035207,-24.2236,148.0958,4
2009-09,ASN00035211,-22.6217,147.6589,14
2009-09,ASN00035221,-23.3039,148.1056,170
2009-09,ASN00035225,-24.2897,148.1053,16
2009-09,ASN00035242,-25.8986,150.1297,214
2009-09,ASN00035264,-23.5694,148.1756,2
2009-09,ASN00037025,-21.55,143.8031,30
2009-09,ASN00033266,-20.2381,148.0311,0
2009-09,ASN00040082,-27.5436,152.3375,468
2009-09,ASN00040089,-26.0564,152.7889,290
2009-09,ASN00040833,-25.7683,152.525,300
2009-09,ASN00040836,-27.6272,152.7461,300
2009-09,ASN00040841,-28.1481,152.57,240
2009-09,ASN00040842,-27.3917,153.1292,110
2009-09,ASN00040844,-28.135,153.1883,130
2009-09,ASN00040845,-28.2006,153.1872,200
2009-09,ASN00040846,-28.0017,153.3083,220
2009-09,ASN00040849,-27.9136,153.3657,112
2009-09,ASN00040854,-27.6839,153.1947,311
2009-09,ASN00040832,-28.2033,152.77,200
2009-09,ASN00040856,-25.9007,153.0891,337
2009-09,ASN00040865,-28.0936,152.7158,234
2009-09,ASN00040867,-27.9406,152.6236,202
2009-09,ASN00040868,-25.7417,152.2353,332
2009-09,ASN00040876,-28.2372,152.4867,210
2009-09,ASN00040878,-27.6947,153.1364,280
2009-09,ASN00040881,-27.9561,153.4233,80
2009-09,ASN00040882,-28.1653,153.2161,140
2009-09,ASN00040889,-26.4472,152.4869,100
2009-09,ASN00040891,-25.6022,152.2603,380
2009-09,ASN00040861,-26.6006,153.0903,274
2009-09,ASN00040892,-25.9586,152.5753,246
2009-09,ASN00040830,-26.6278,152.7042,190
2009-09,ASN00040827,-25.7167,151.8,380
2009-09,ASN00040763,-27.395,152.6097,178
2009-09,ASN00040764,-27.939,153.4283,130
2009-09,ASN00040770,-27.5152,153.2492,218
2009-09,ASN00040777,-26.4572,152.6803,130
2009-09,ASN00040778,-26.3583,152.6283,190
2009-09,ASN00040782,-26.3297,152.8136,380
2009-09,ASN00040784,-27.615,153.0444,170
2009-09,ASN00040785,-27.6017,152.9511,260
2009-09,ASN00040786,-27.7456,152.9081,250
2009-09,ASN00040829,-27.5439,152.1133,300
2009-09,ASN00040788,-27.6583,153.0,120
2009-09,ASN00040793,-27.7633,152.8367,288
2009-09,ASN00040794,-27.6956,152.9333,330
2009-09,ASN00040801,-26.3878,152.6842,306
2009-09,ASN00040808,-27.2641,152.1959,242
2009-09,ASN00040811,-26.0833,152.2167,250
2009-09,ASN00040814,-26.5256,152.7428,170
2009-09,ASN00040816,-27.6658,152.6989,60
2009-09,ASN00040824,-26.1711,152.5994,280
2009-09,ASN00040825,-25.9,152.3497,320
2009-09,ASN00040790,-27.5467,153.0717,80
2009-09,ASN00040893,-26.0642,152.7728,284
2009-09,ASN00040896,-25.6517,152.6633,390
2009-09,ASN00040902,-25.4969,152.3836,340
2009-09,ASN00040946,-28.2153,152.8681,180
2009-09,ASN00040947,-28.1481,152.57,280
2009-09,ASN00040948,-28.1461,152.7358,170
2009-09,ASN00040949,-28.0033,152.6875,270
2009-09,ASN00040958,-27.2169,153.0922,222
2009-09,ASN00040964,-27.6696,153.0442,212
2009-09,ASN00040965,-27.2442,153.0867,182
2009-09,ASN00040969,-27.0717,153.1058,336
2009-09,ASN00040973,-27.7472,153.1919,254
2009-09,ASN00040945,-28.0708,152.9272,160
2009-09,ASN00040976,-27.4753,152.9753,235
2009-09,ASN00040979,-27.1247,152.9356,320
2009-09,ASN00040980,-27.1822,153.0186,250
2009-09,ASN00041012,-26.6764,150.8992,130
2009-09,ASN00041013,-28.2264,152.0661,198
2009-09,ASN00041014,-28.3539,151.6281,276
2009-09,ASN00041016,-27.5331,151.2025,160
2009-09,ASN00041018,-27.9317,151.9058,164
2009-09,ASN00022839,-35.9609,137.091,696
2009-09,ASN00041022,-28.5,151.9722,363
2009-09,ASN00040978,-27.0797,153.1803,200
2009-09,ASN00040944,-28.1692,152.9833,190
2009-09,ASN00040943,-28.2453,152.8908,170
2009-09,ASN00040942,-28.3222,152.7697,290
2009-09,ASN00040903,-25.2386,152.5319,240
2009-09,ASN00040904,-25.2756,152.5089,410
2009-09,ASN00040905,-25.2928,152.4097,310
2009-09,ASN00040906,-25.4019,152.5317,240
2009-09,ASN00040907,-25.3289,152.5619,70
2009-09,ASN00040908,-26.3911,153.0403,270
2009-09,ASN00040913,-27.4808,153.0389,234
2009-09,ASN00040914,-27.4942,152.4972,222
2009-09,ASN00040922,-26.5737,151.8398,178
2009-09,ASN00040924,-26.9028,152.7664,268
2009-09,ASN00040928,-27.5639,152.8208,276
2009-09,ASN00040931,-28.2314,153.1356,370
2009-09,ASN00040932,-28.2608,153.0917,200
2009-09,ASN00040933,-28.27,153.0264,210
2009-09,ASN00040935,-27.7864,153.0161,250
2009-09,ASN00040936,-28.0614,153.0408,190
2009-09,ASN00040937,-27.9978,153.1575,180
2009-09,ASN00040938,-27.9108,153.1047,130
2009-09,ASN00040939,-27.9681,152.9861,190
2009-09,ASN00040940,-27.8336,152.9878,218
2009-09,ASN00040941,-28.0708,152.8558,170
2009-09,ASN00040762,-27.8336,152.9878,160
2009-09,ASN00040083,-27.5428,152.2817,476
2009-09,ASN00040761,-27.7828,153.1889,230
2009-09,ASN00040738,-27.9114,153.1056,90
2009-09,ASN00040206,-26.325,152.7869,486
2009-09,ASN00040209,-27.4361,153.5456,167
2009-09,ASN00040211,-27.5717,153.0078,254
2009-09,ASN00040223,-27.4178,153.1142,104
2009-09,ASN00040224,-27.4193,153.0024,136
2009-09,ASN00040231,-27.4565,153.18,144
2009-09,ASN00040246,-26.5539,151.4156,180
2009-09,ASN00040247,-26.8422,152.5803,304
2009-09,ASN00040255,-26.41,151.815,80
2009-09,ASN00040199,-26.7433,151.8439,170
2009-09,ASN00040258,-26.8408,151.9806,26
2009-09,ASN00040269,-27.6374,153.3735,290
2009-09,ASN00040284,-26.9586,152.9619,78
2009-09,ASN00040289,-27.1136,151.8517,288
2009-09,ASN00040290,-28.1725,152.72,244
2009-09,ASN00040301,-27.1882,151.9634,360
2009-09,ASN00040307,-26.9664,151.7086,210
2009-09,ASN00040312,-27.7354,152.9443,272
2009-09,ASN00040320,-27.4174,153.1552,126
2009-09,ASN00040334,-25.5097,152.0456,406
2009-09,ASN00040259,-26.8933,151.8975,178
2009-09,ASN00040335,-27.9694,153.2133,160
2009-09,ASN00040197,-27.9695,153.1952,214
2009-09,ASN00040189,-27.1147,152.555,182
2009-09,ASN00040093,-26.1831,152.6414,274
2009-09,ASN00040094,-27.8117,152.6675,170
2009-09,ASN00040104,-27.949,152.6235,222
2009-09,ASN00040106,-26.5956,152.7281,187
2009-09,ASN00040118,-26.6234,152.684,310
2009-09,ASN00040120,-27.4617,152.5747,288
2009-09,ASN00040123,-26.6225,152.8656,184
2009-09,ASN00040126,-25.5161,152.7156,304
2009-09,ASN00040139,-28.0708,152.6119,258
2009-09,ASN00040196,-28.14,153.4293,112
2009-09,ASN00040140,-27.1492,152.5781,248
2009-09,ASN00040144,-25.7411,152.2364,320
2009-09,ASN00040145,-27.0625,152.7789,238
2009-09,ASN00040151,-25.605,152.5892,246
2009-09,ASN00040162,-28.1634,153.2126,110
2009-09,ASN00040167,-28.326,152.7696,303
2009-09,ASN00040169,-26.8425,152.8819,210
2009-09,ASN00040170,-27.3042,152.0542,332
2009-09,ASN00040177,-26.1639,151.6014,288
2009-09,ASN00040184,-27.6322,152.5944,325
2009-09,ASN00040141,-27.6163,153.2039,200
2009-09,ASN00040343,-27.0397,152.8678,129
2009-09,ASN00040345,-27.8064,153.2072,200
2009-09,ASN00040385,-26.5539,151.6678,224
2009-09,ASN00040517,-27.1953,152.7539,200
2009-09,ASN00040534,-28.1629,153.2641,124
2009-09,ASN00040537,-27.4973,153.4078,128
2009-09,ASN00040550,-28.2452,153.2369,252
2009-09,ASN00040607,-28.2031,153.2719,180
2009-09,ASN00040609,-28.1178,153.4457,214
2009-09,ASN00040635,-26.8369,152.4914,364
2009-09,ASN00040659,-27.6956,152.9408,308
2009-09,ASN00040671,-26.2839,151.1897,158
2009-09,ASN00040516,-27.8429,153.3502,125
2009-09,ASN00040672,-27.5486,152.0236,322
2009-09,ASN00040686,-26.1842,152.8208,190
2009-09,ASN00040688,-25.9575,152.4919,420
2009-09,ASN00040693,-27.3786,152.8164,204
2009-09,ASN00040695,-26.6842,152.9589,228
2009-09,ASN00040708,-26.0336,151.0603,268
2009-09,ASN00040714,-28.0708,152.9272,120
2009-09,ASN00040715,-27.6473,153.1718,212
2009-09,ASN00040717,-28.1681,153.5053,100
2009-09,ASN00040722,-26.0942,151.4417,360
2009-09,ASN00040677,-28.1752,152.6557,282
2009-09,ASN00040503,-27.6075,152.58,290
2009-09,ASN00040500,-26.6403,151.9431,204
2009-09,ASN00040493,-27.78,152.5346,220
2009-09,ASN00040388,-27.6342,152.2206,310
2009-09,ASN00040390,-25.65,152.6647,378
2009-09,ASN00040394,-28.2321,152.7829,198
2009-09,ASN00040395,-27.7183,152.1211,256
2009-09,ASN00040396,-26.7778,152.8033,460
2009-09,ASN00040405,-25.322,152.8817,694
2009-09,ASN00040407,-28.0557,153.033,182
2009-09,ASN00040412,-25.2483,152.6636,442
2009-09,ASN00040416,-28.0017,153.3083,260
2009-09,ASN00040417,-28.0686,153.4241,200
2009-09,ASN00040424,-27.755,152.0814,204
2009-09,ASN00040430,-25.2825,152.8994,452
2009-09,ASN00040449,-27.5572,152.2308,391
2009-09,ASN00040455,-25.85,151.3667,218
2009-09,ASN00040458,-27.5314,153.1825,330
2009-09,ASN00040463,-27.5797,152.9875,236
2009-09,ASN00040469,-25.8694,152.3172,450
2009-09,ASN00040478,-25.5047,153.1289,631
2009-09,ASN00040480,-27.2883,152.1239,334
2009-09,ASN00040485,-28.249,152.5232,196
2009-09,ASN00040490,-28.2086,152.5389,216
2009-09,ASN00040754,-28.2153,152.8681,150
2009-09,ASN00033265,-20.2886,148.1175,0
2009-09,ASN00040078,-26.4769,152.945,148
2009-09,ASN00033264,-20.0089,148.2044,0
2009-09,ASN00024501,-34.0954,139.1543,544
2009-09,ASN00024502,-34.6923,139.4396,184
2009-09,ASN00024504,-34.1233,139.3509,548
2009-09,ASN00024508,-35.125,139.0433,680
2009-09,ASN00024509,-34.3515,139.1289,690
2009-09,ASN00024511,-34.1754,139.0847,795
2009-09,ASN00024515,-35.2959,139.0328,518
2009-09,ASN00024518,-35.6902,139.3375,766
2009-09,ASN00024519,-35.4068,138.9701,776
2009-09,ASN00024048,-34.1983,140.6766,352
2009-09,ASN00024521,-35.1234,139.2592,606
2009-09,ASN00024528,-33.9888,139.08,816
2009-09,ASN00024531,-34.5719,139.2961,394
2009-09,ASN00024536,-35.2546,139.4542,630
2009-09,ASN00024537,-35.619,139.4378,802
2009-09,ASN00024551,-35.1093,139.0806,503
2009-09,ASN00024554,-35.1978,139.5871,716
2009-09,ASN00024555,-34.2571,139.0923,822
2009-09,ASN00024564,-34.3515,139.6153,522
2009-09,ASN00024572,-35.2828,139.2031,944
2009-09,ASN00024525,-34.853,139.1607,610
2009-09,ASN00024573,-34.4085,139.1274,490
2009-09,ASN00024031,-34.17,139.817,318
2009-09,ASN00024024,-34.439,140.5978,388
2009-09,ASN00023877,-34.7863,138.8651,1212
2009-09,ASN00023878,-34.7253,138.9273,1012
2009-09,ASN00023879,-34.8476,138.8751,1116
2009-09,ASN00023880,-34.7595,138.9341,1146
2009-09,ASN00023881,-34.7742,139.0062,1006
2009-09,ASN00023882,-34.8713,138.9058,1270
2009-09,ASN00023885,-35.1586,138.5057,534
2009-09,ASN00023887,-35.1712,138.6783,890
2009-09,ASN00023890,-35.0012,138.62,936
2009-09,ASN00024025,-34.2717,140.5964,340
2009-09,ASN00023891,-34.9847,138.7404,1546
2009-09,ASN00023894,-35.5194,138.8177,674
2009-09,ASN00023896,-34.8757,138.7103,930
2009-09,ASN00023897,-35.3159,138.6218,376
2009-09,ASN00023905,-34.9695,138.741,1372
2009-09,ASN00024001,-34.2591,140.4708,468
2009-09,ASN00024003,-34.1658,140.7541,337
2009-09,ASN00024008,-34.2579,140.6478,340
2009-09,ASN00024010,-34.2918,140.3632,530
2009-09,ASN00024013,-34.4442,140.4958,436
2009-09,ASN00023892,-34.8856,138.7562,1054
2009-09,ASN00024575,-34.5444,139.193,524
2009-09,ASN00024576,-35.348,138.9771,704
2009-09,ASN00024577,-35.7344,139.2675,752
2009-09,ASN00025519,-36.3654,140.9096,714
2009-09,ASN00025523,-35.8597,139.5599,634
2009-09,ASN00025557,-36.1058,140.3273,526
2009-09,ASN00025558,-35.4696,139.9461,801
2009-09,ASN00025560,-36.3098,140.74,422
2009-09,ASN00025561,-36.3994,140.8424,788
2009-09,ASN00025562,-35.3778,140.5378,592
2009-09,ASN00026000,-37.4861,140.0115,812
2009-09,ASN00026007,-36.7124,140.9552,676
2009-09,ASN00025514,-35.8806,140.0594,689
2009-09,ASN00026012,-36.8309,139.8526,864
2009-09,ASN00026017,-36.501,140.3835,836
2009-09,ASN00026018,-37.5872,140.3426,830
2009-09,ASN00026020,-37.8333,140.7833,1115
2009-09,ASN00026021,-37.7473,140.7739,1164
2009-09,ASN00026025,-37.3803,140.8379,642
2009-09,ASN00026026,-37.1628,139.756,808
2009-09,ASN00026058,-36.6064,140.7118,728
2009-09,ASN00026062,-36.9229,140.5809,918
2009-09,ASN00026067,-37.9594,140.7703,820
2009-09,ASN00026016,-36.9731,140.3664,746
2009-09,ASN00025513,-35.3627,139.9503,726
2009-09,ASN00025512,-35.3805,140.2519,638
2009-09,ASN00025507,-36.098,140.3556,574
2009-09,ASN00024578,-34.0647,139.6605,436
2009-09,ASN00024579,-34.8788,138.974,1052
2009-09,ASN00024580,-35.2836,138.8934,896
2009-09,ASN00024582,-35.1016,139.1426,898
2009-09,ASN00024584,-35.065,139.2273,638
2009-09,ASN00025000,-34.7314,140.5036,294
2009-09,ASN00025002,-34.8276,139.6673,529
2009-09,ASN00025006,-35.09,139.8972,728
2009-09,ASN00025013,-35.2977,140.6667,610
2009-09,ASN00025014,-34.7169,140.7352,310
2009-09,ASN00025015,-35.268,140.9075,670
2009-09,ASN00025018,-34.7884,140.5003,274
2009-09,ASN00025036,-35.1524,140.288,548
2009-09,ASN00025039,-35.0393,139.9844,556
2009-09,ASN00025042,-35.244,139.8261,886
2009-09,ASN00025046,-35.0662,140.856,636
2009-09,ASN00025050,-34.6345,140.2432,418
2009-09,ASN00025051,-34.5876,140.0791,484
2009-09,ASN00025502,-35.379,139.5617,596
2009-09,ASN00025504,-35.6984,139.8633,326
2009-09,ASN00025506,-35.38,140.1588,690
2009-09,ASN00023876,-35.2276,138.5366,496
2009-09,ASN00026086,-37.3797,140.3294,1170
2009-09,ASN00023875,-35.5695,138.2864,986
2009-09,ASN00023871,-35.3175,138.4636,660
2009-09,ASN00023306,-34.1697,138.8095,1078
2009-09,ASN00023307,-34.3412,138.9155,508
2009-09,ASN00023310,-34.005,138.8142,994
2009-09,ASN00023314,-34.158,138.7483,1064
2009-09,ASN00023318,-34.5169,138.9598,772
2009-09,ASN00023319,-34.2778,138.7725,966
2009-09,ASN00023348,-34.5103,138.835,552
2009-09,ASN00023349,-34.0936,138.7952,906
2009-09,ASN00023355,-34.207,138.7886,1068
2009-09,ASN00023305,-34.4577,138.9277,732
2009-09,ASN00023357,-34.4709,138.9991,650
2009-09,ASN00023369,-34.4557,138.9222,714
2009-09,ASN00023370,-34.3143,138.7293,784
2009-09,ASN00023372,-34.4534,139.0638,786
2009-09,ASN00023373,-34.4761,139.0056,690
2009-09,ASN00023374,-34.2523,139.0183,658
2009-09,ASN00023704,-35.0077,138.6498,1025
2009-09,ASN00023705,-34.8148,138.9474,1100
2009-09,ASN00023707,-35.0102,138.7602,1514
2009-09,ASN00023709,-35.0611,138.6585,1070
2009-09,ASN00023365,-34.2318,138.6952,918
2009-09,ASN00023710,-35.1087,138.6256,1215
2009-09,ASN00023129,-34.4611,138.5581,620
2009-09,ASN00023122,-34.5106,138.6763,50
2009-09,ASN00023005,-34.9464,138.6519,786
2009-09,ASN00023013,-34.7977,138.6281,610
2009-09,ASN00023023,-34.7674,138.6434,426
2009-09,ASN00023024,-34.8978,138.5092,540
2009-09,ASN00023031,-34.9697,138.6331,434
2009-09,ASN00023034,-34.9524,138.5204,514
2009-09,ASN00023042,-34.9387,138.6607,804
2009-09,ASN00023043,-34.7607,138.6311,480
2009-09,ASN00023055,-34.9552,138.5356,256
2009-09,ASN00023128,-34.2015,138.597,846
2009-09,ASN00023076,-34.432,138.2587,588
2009-09,ASN00023085,-34.9222,138.6805,788
2009-09,ASN00023087,-34.5371,138.6049,608
2009-09,ASN00023096,-34.8564,138.6844,784
2009-09,ASN00023101,-34.8925,138.6422,680
2009-09,ASN00023105,-34.9808,138.621,706
2009-09,ASN00023107,-34.601,138.7359,622
2009-09,ASN00023108,-35.0495,138.7259,1020
2009-09,ASN00023114,-34.9542,138.6586,732
2009-09,ASN00023115,-34.9473,138.5827,616
2009-09,ASN00023083,-34.7111,138.6222,552
2009-09,ASN00023714,-35.3736,138.806,898
2009-09,ASN00023718,-35.4987,138.7638,512
2009-09,ASN00023719,-34.8237,138.8859,584
2009-09,ASN00023787,-35.0247,138.8578,1022
2009-09,ASN00023788,-34.9838,138.7179,1523
2009-09,ASN00023799,-35.2183,138.7342,590
2009-09,ASN00023801,-34.9482,138.8071,828
2009-09,ASN00023803,-34.9423,138.727,930
2009-09,ASN00023804,-35.5544,138.5997,806
2009-09,ASN00023806,-34.8067,138.7552,948
2009-09,ASN00023810,-34.971,138.7042,1284
2009-09,ASN00023817,-35.0221,138.7344,1630
2009-09,ASN00023786,-34.8269,139.0086,1038
2009-09,ASN00023820,-34.6805,138.8561,1084
2009-09,ASN00023825,-35.5288,138.8067,706
2009-09,ASN00023839,-35.0216,138.6097,825
2009-09,ASN00023842,-34.9784,138.7088,1356
2009-09,ASN00023846,-35.0028,138.6635,850
2009-09,ASN00023858,-34.763,138.7765,768
2009-09,ASN00023860,-34.9499,138.6866,804
2009-09,ASN00023865,-34.8944,138.8099,1078
2009-09,ASN00023866,-35.0068,138.8033,1204
2009-09,ASN00023867,-34.9342,138.7467,1264
2009-09,ASN00023822,-35.1802,139.0239,666
2009-09,ASN00023758,-34.7398,138.8715,1174
2009-09,ASN00023756,-34.6603,138.9262,1070
2009-09,ASN00023754,-35.458,138.35,723
2009-09,ASN00023720,-35.0303,138.8148,1042
2009-09,ASN00023721,-35.0608,138.5647,822
2009-09,ASN00023722,-34.9303,139.014,1148
2009-09,ASN00023723,-35.4935,138.4575,892
2009-09,ASN00023725,-34.5569,139.1338,704
2009-09,ASN00023726,-34.9044,138.8742,867
2009-09,ASN00023727,-35.0484,138.7354,1174
2009-09,ASN00023731,-34.8331,138.8215,1342
2009-09,ASN00023732,-35.1351,138.5274,866
2009-09,ASN00023733,-35.0639,138.8509,1000
2009-09,ASN00023734,-35.1213,138.6769,1234
2009-09,ASN00023735,-35.3497,138.6223,654
2009-09,ASN00023737,-34.7735,139.0501,554
2009-09,ASN00023738,-35.39,138.4652,853
2009-09,ASN00023739,-35.0369,138.913,722
2009-09,ASN00023741,-35.4519,138.3227,730
2009-09,ASN00023742,-35.5299,138.6896,804
2009-09,ASN00023747,-35.256,138.8901,802
2009-09,ASN00023750,-34.9563,138.7443,1338
2009-09,ASN00023752,-34.6717,138.8885,608
2009-09,ASN00023753,-35.2705,138.5591,638
2009-09,ASN00023873,-34.9913,138.6937,1102
2009-09,ASN00026091,-37.2906,140.8254,742
2009-09,ASN00023011,-34.9167,138.5956,522
2009-09,ASN00032162,-17.615,145.8011,110
2009-09,ASN00032032,-18.5872,146.2508,70
2009-09,ASN00032033,-17.4608,145.8822,104
2009-09,ASN00032037,-17.6053,145.9972,107
2009-09,ASN00032040,-19.2483,146.7661,38
2009-09,ASN00032042,-17.9364,145.9253,168
2009-09,ASN00032043,-18.7218,145.9237,28
2009-09,ASN00032045,-18.6508,146.2047,48
2009-09,ASN00032050,-19.2033,146.6131,40
2009-09,ASN00032064,-19.0074,146.2057,14
2009-09,ASN00032031,-18.5406,146.3356,58
2009-09,ASN00032078,-18.6494,146.1769,85
2009-09,ASN00032098,-19.0506,146.4058,46
2009-09,ASN00032101,-18.9558,146.2886,210
2009-09,ASN00032109,-18.1069,145.8053,110
2009-09,ASN00032117,-18.6867,146.2969,152
2009-09,ASN00032152,-17.5475,145.9292,70
2009-09,ASN00032155,-17.6094,145.9786,80
2009-09,ASN00032160,-17.6089,145.9792,90
2009-09,ASN00032161,-17.5967,145.9014,140
2009-09,ASN00026095,-36.9655,139.7164,810
2009-09,ASN00032094,-18.6156,146.1811,50
2009-09,ASN00032163,-17.5236,146.0325,80
2009-09,ASN00032023,-18.5819,146.2839,67
2009-09,ASN00032019,-17.7214,145.9222,172
2009-09,ASN00031182,-17.5875,145.5997,60
2009-09,ASN00031183,-17.3594,145.5922,40
2009-09,ASN00031184,-17.4442,145.5094,20
2009-09,ASN00031185,-17.5175,145.6089,80
2009-09,ASN00031186,-17.6803,145.6603,50
2009-09,ASN00031187,-17.4694,145.7311,120
2009-09,ASN00031188,-17.0039,145.4281,0
2009-09,ASN00031189,-16.6583,145.5672,8
2009-09,ASN00031191,-18.1494,145.4803,0
2009-09,ASN00032020,-17.5556,145.9556,100
2009-09,ASN00031196,-17.7047,145.1461,0
2009-09,ASN00031198,-17.3769,145.3803,0
2009-09,ASN00031200,-17.5908,145.5294,20
2009-09,ASN00031205,-16.9794,145.6747,110
2009-09,ASN00031209,-15.4461,145.1861,34
2009-09,ASN00031210,-17.0672,145.4283,4
2009-09,ASN00031213,-14.9672,145.3106,28
2009-09,ASN00032001,-18.8828,146.17,374
2009-09,ASN00032002,-18.5742,146.2225,50
2009-09,ASN00032004,-18.2553,146.0197,76
2009-09,ASN00031197,-18.0394,144.8856,0
2009-09,ASN00031181,-17.545,145.7156,140
2009-09,ASN00032164,-17.6808,145.8878,100
2009-09,ASN00032166,-17.5456,145.9325,100
2009-09,ASN00033062,-20.0997,146.8892,0
2009-09,ASN00033065,-22.3458,149.5356,2
2009-09,ASN00033068,-21.1631,148.87,175
2009-09,ASN00033076,-23.1333,150.3669,0
2009-09,ASN00033077,-23.0967,150.7342,22
2009-09,ASN00033080,-21.0003,148.7375,60
2009-09,ASN00033095,-21.8031,149.3569,50
2009-09,ASN00033096,-20.2081,148.13,14
2009-09,ASN00033106,-20.3658,148.9536,30
2009-09,ASN00033060,-21.1422,149.0381,0
2009-09,ASN00033111,-22.8131,149.89,0
2009-09,ASN00033151,-19.5953,146.9342,0
2009-09,ASN00033170,-22.3614,149.3747,0
2009-09,ASN00033175,-20.2144,147.7761,60
2009-09,ASN00033195,-22.4703,150.1786,0
2009-09,ASN00033210,-22.3472,149.5242,0
2009-09,ASN00033247,-20.4925,148.555,2
2009-09,ASN00033255,-20.3531,148.9508,38
2009-09,ASN00033260,-23.16,150.96,2
2009-09,ASN00033263,-20.4186,148.1108,20
2009-09,ASN00033119,-21.1172,149.2169,4
2009-09,ASN00032165,-17.5308,145.8464,70
2009-09,ASN00033059,-21.4267,149.2164,78
2009-09,ASN00033051,-19.8789,146.6319,0
2009-09,ASN00032167,-17.9919,145.9425,110
2009-09,ASN00032169,-18.1919,145.3325,0
2009-09,ASN00032170,-18.4125,145.7722,0
2009-09,ASN00032171,-18.6347,146.1444,40
2009-09,ASN00032172,-18.4606,145.7383,20
2009-09,ASN00032173,-18.6797,145.9961,50
2009-09,ASN00032174,-18.4889,145.9364,0
2009-09,ASN00032176,-18.1439,145.61,10
2009-09,ASN00032183,-18.7497,146.115,60
2009-09,ASN00033053,-21.0011,148.9364,70
2009-09,ASN00032184,-18.4506,145.8294,10
2009-09,ASN00032186,-18.8478,145.9067,70
2009-09,ASN00033001,-19.5775,147.4075,60
2009-09,ASN00033002,-19.6169,147.3758,40
2009-09,ASN00033008,-22.8461,150.6475,110
2009-09,ASN00033013,-20.5534,147.8464,2
2009-09,ASN00033032,-19.6667,147.4147,2
2009-09,ASN00033038,-21.6256,149.2367,0
2009-09,ASN00033041,-20.5392,148.6572,0
2009-09,ASN00033045,-21.1706,149.1794,8
2009-09,ASN00032185,-18.5789,146.2803,40
2009-09,ASN00031180,-16.5319,145.1325,0
2009-09,ASN00032009,-17.835,146.0986,139
2009-09,ASN00031147,-14.6683,145.4467,26
2009-09,ASN00028023,-14.9258,144.1994,0
2009-09,ASN00028031,-14.7317,143.5864,0
2009-09,ASN00028035,-14.7117,143.7303,0
2009-09,ASN00029000,-18.2952,139.2828,0
2009-09,ASN00029004,-17.7425,139.5475,0
2009-09,ASN00029008,-20.7089,140.5192,0
2009-09,ASN00029012,-18.2044,142.2447,0
2009-09,ASN00029030,-20.4247,141.4047,0
2009-09,ASN00029037,-17.3297,141.8797,0
2009-09,ASN00031168,-17.5875,145.6,104
2009-09,ASN00029038,-15.4818,141.7483,0
2009-09,ASN00029058,-20.6672,141.7214,18
2009-09,ASN00029061,-18.9511,138.0531,0
2009-09,ASN00029063,-17.6872,141.0733,0
2009-09,ASN00029065,-18.7881,139.7119,0
2009-09,ASN00029069,-17.3383,138.2508,0
2009-09,ASN00029077,-17.7483,139.5356,0
2009-09,ASN00029092,-19.8392,140.9336,0
2009-09,ASN00029100,-18.6419,139.2516,0
2009-09,ASN00029110,-15.6386,141.8228,0
2009-09,ASN00029047,-19.6242,138.6386,0
2009-09,ASN00028008,-12.785,143.3047,0
2009-09,ASN00028004,-16.0008,144.0758,0
2009-09,ASN00028000,-15.5581,144.4453,0
2009-09,ASN00026098,-37.5422,140.8137,856
2009-09,ASN00026099,-36.9813,140.727,788
2009-09,ASN00026100,-36.6539,140.5212,506
2009-09,ASN00026101,-37.4003,140.3351,1132
2009-09,ASN00026103,-37.134,140.7273,878
2009-09,ASN00026104,-36.8465,140.5592,818
2009-09,ASN00026105,-37.1776,139.8054,876
2009-09,ASN00026107,-36.437,140.3356,854
2009-09,ASN00026109,-37.3818,139.9454,864
2009-09,ASN00026110,-36.7746,140.0222,920
2009-09,ASN00027000,-13.3539,141.7208,0
2009-09,ASN00027015,-12.4536,142.6389,0
2009-09,ASN00027038,-16.4231,143.1456,0
2009-09,ASN00027042,-12.6267,141.8836,0
2009-09,ASN00027044,-13.0658,142.4511,0
2009-09,ASN00027045,-12.6778,141.9208,0
2009-09,ASN00027054,-10.0511,143.0686,112
2009-09,ASN00027058,-10.5844,142.29,34
2009-09,ASN00027061,-14.5181,142.0389,0
2009-09,ASN00027073,-13.7606,143.1183,0
2009-09,ASN00027075,-12.6167,142.0869,0
2009-09,ASN00029121,-20.5958,139.6939,62
2009-09,ASN00029126,-20.7361,139.4817,50
2009-09,ASN00028013,-16.2217,144.7081,0
2009-09,ASN00029129,-21.215,140.2333,0
2009-09,ASN00031010,-16.9333,145.7833,34
2009-09,ASN00031011,-16.8736,145.7458,36
2009-09,ASN00031012,-16.0969,145.4575,94
2009-09,ASN00031024,-17.535,145.4822,24
2009-09,ASN00031032,-17.4311,145.2028,0
2009-09,ASN00031036,-16.8178,145.6383,65
2009-09,ASN00031037,-16.3842,145.5592,74
2009-09,ASN00031044,-16.4569,145.3775,42
2009-09,ASN00031046,-17.677,145.115,0
2009-09,ASN00031004,-17.3436,145.9217,90
2009-09,ASN00031062,-16.3906,145.3511,134
2009-09,ASN00031075,-17.1694,145.5481,0
2009-09,ASN00031104,-17.1644,145.8783,110
2009-09,ASN00031108,-17.1347,145.4281,2
2009-09,ASN00031119,-17.6758,145.2783,0
2009-09,ASN00031125,-17.3439,145.5028,0
2009-09,ASN00031131,-17.3394,144.6797,0
2009-09,ASN00031140,-17.27,145.8997,130
2009-09,ASN00029127,-20.6778,139.4875,42
2009-09,ASN00031141,-17.2639,145.8536,210
2009-09,ASN00031069,-17.6697,145.2414,4
2009-09,ASN00030161,-20.7017,143.1167,0
2009-09,ASN00031040,-17.0692,145.7742,25
2009-09,ASN00029132,-20.6556,142.1006,22
2009-09,ASN00029131,-20.02,139.8433,20
2009-09,ASN00030158,-18.4564,143.2986,0
2009-09,ASN00029136,-21.3661,140.4986,0
2009-09,ASN00029139,-17.1142,139.5981,0
2009-09,ASN00029141,-20.6664,140.505,20
2009-09,ASN00029150,-20.8422,141.4292,0
2009-09,ASN00029152,-18.7036,138.4839,0
2009-09,ASN00029167,-18.7569,138.7056,0
2009-09,ASN00030019,-19.2647,143.6741,0
2009-09,ASN00030022,-20.8192,144.2333,0
2009-09,ASN00029154,-18.4306,141.2686,0
2009-09,ASN00030072,-20.0969,144.9875,0
2009-09,ASN00030149,-21.0442,144.0992,0
2009-09,ASN00030048,-18.6242,144.5739,0
2009-09,ASN00030127,-20.9942,144.6433,14
2009-09,ASN00030124,-18.3039,143.5306,0
2009-09,ASN00030115,-19.055,144.9594,0
2009-09,ASN00030137,-19.6347,145.7886,0
2009-09,ASN00030088,-19.3769,144.1156,0
2009-09,ASN00030082,-19.7037,144.3775,0
2009-09,ASN00030103,-18.2225,143.9697,0
2009-10,ASN00061360,-32.05,150.8528,270
2009-10,ASN00061329,-32.8323,151.3085,488
2009-10,ASN00061327,-32.8248,151.2613,715
2009-10,ASN00061334,-33.0488,150.2325,508
2009-10,ASN00061336,-33.1556,150.6847,520
2009-10,ASN00061339,-32.5584,151.8043,786
2009-10,ASN00061346,-31.8626,151.4398,974
2009-10,ASN00061349,-32.5667,151.6083,350
2009-10,ASN00061350,-32.1714,151.5942,1470
2009-10,ASN00061363,-32.0335,150.8264,482
2009-10,ASN00061383,-33.2528,151.3164,1270
2009-10,ASN00061372,-31.8017,150.925,406
2009-10,ASN00061373,-31.9583,150.8567,296
2009-10,ASN00061374,-32.2199,150.9193,191
2009-10,ASN00061375,-33.2894,151.2107,1428
2009-10,ASN00061376,-33.0759,151.5382,930
2009-10,ASN00061377,-33.0933,151.6317,962
2009-10,ASN00061381,-33.4036,151.3928,1370
2009-10,ASN00061382,-33.1681,151.2181,820
2009-10,ASN00061324,-32.2451,150.513,602
2009-10,ASN00061366,-33.2815,151.5766,776
2009-10,ASN00061309,-32.6881,150.9728,642
2009-10,ASN00061151,-32.2426,151.683,1242
2009-10,ASN00061295,-32.8108,151.3396,568
2009-10,ASN00061385,-33.0789,151.3403,1010
2009-10,ASN00061152,-32.9995,151.2908,540
2009-10,ASN00061162,-32.8446,150.8398,366
2009-10,ASN00061170,-32.2809,151.7948,1308
2009-10,ASN00061191,-32.6126,150.9761,474
2009-10,ASN00061192,-32.2092,150.7365,732
2009-10,ASN00061196,-31.7069,151.2131,552
2009-10,ASN00061201,-33.0259,151.1882,508
2009-10,ASN00061205,-33.0297,151.1401,480
2009-10,ASN00061306,-31.8988,150.658,168
2009-10,ASN00061209,-32.9597,150.675,1018
2009-10,ASN00061216,-33.4176,151.159,1449
2009-10,ASN00061217,-33.2904,150.9708,1170
2009-10,ASN00061220,-33.2381,151.3003,992
2009-10,ASN00061226,-32.936,151.1393,472
2009-10,ASN00061250,-32.6296,151.5919,780
2009-10,ASN00061260,-32.7886,151.3377,494
2009-10,ASN00061287,-32.1852,150.1737,380
2009-10,ASN00061288,-32.3322,151.4595,468
2009-10,ASN00061294,-33.4666,151.4126,1490
2009-10,ASN00061211,-33.3588,150.7058,1331
2009-10,ASN00061387,-33.245,151.5119,1340
2009-10,ASN00058147,-28.6696,153.2789,1090
2009-10,ASN00061394,-33.2177,151.1251,1006
2009-10,ASN00063073,-33.6896,149.5633,66
2009-10,ASN00063076,-33.0807,149.6901,398
2009-10,ASN00063081,-33.6956,150.5408,890
2009-10,ASN00063093,-34.3093,149.9677,658
2009-10,ASN00063113,-33.5497,148.91,350
2009-10,ASN00063114,-33.3439,149.1617,510
2009-10,ASN00063117,-33.6739,149.0471,373
2009-10,ASN00063118,-33.5156,150.4892,1700
2009-10,ASN00063119,-34.2347,149.265,476
2009-10,ASN00063063,-33.6774,149.8374,456
2009-10,ASN00063132,-33.3808,150.0818,454
2009-10,ASN00063146,-33.5544,150.0526,612
2009-10,ASN00063214,-33.3561,149.4058,348
2009-10,ASN00063229,-33.6773,148.6115,132
2009-10,ASN00063234,-33.6708,148.8565,455
2009-10,ASN00063245,-33.6492,149.0759,100
2009-10,ASN00063246,-33.5105,150.3711,1557
2009-10,ASN00063254,-33.3211,149.0828,543
2009-10,ASN00063271,-34.0417,149.3611,410
2009-10,ASN00061143,-32.654,151.021,626
2009-10,ASN00063142,-33.577,149.8591,384
2009-10,ASN00063061,-33.8222,149.3244,540
2009-10,ASN00063049,-33.6094,150.0856,776
2009-10,ASN00063043,-33.5343,150.6338,1164
2009-10,ASN00061405,-32.6753,151.6219,828
2009-10,ASN00061406,-33.0831,151.6511,660
2009-10,ASN00062003,-32.6657,149.1016,604
2009-10,ASN00062009,-31.9963,149.9856,556
2009-10,ASN00062013,-32.3634,149.5329,395
2009-10,ASN00062021,-32.5956,149.5956,340
2009-10,ASN00062032,-32.3592,149.9484,340
2009-10,ASN00062075,-32.4753,149.5151,129
2009-10,ASN00062089,-32.8936,149.3808,554
2009-10,ASN00062093,-32.7236,149.7702,178
2009-10,ASN00062099,-32.8366,148.9963,320
2009-10,ASN00062100,-32.7244,150.229,738
2009-10,ASN00062101,-32.5628,149.6149,352
2009-10,ASN00062102,-32.5204,150.0817,467
2009-10,ASN00063005,-33.4289,149.5559,309
2009-10,ASN00063013,-33.5366,150.4413,1224
2009-10,ASN00063028,-33.6929,150.5291,794
2009-10,ASN00063029,-33.744,149.1046,390
2009-10,ASN00063035,-33.0362,149.4146,696
2009-10,ASN00063036,-33.8199,150.0227,701
2009-10,ASN00063039,-33.7122,150.3087,1958
2009-10,ASN00061392,-31.7416,150.7937,468
2009-10,ASN00061135,-32.1018,151.2333,415
2009-10,ASN00058158,-28.3395,153.3809,1714
2009-10,ASN00061119,-33.385,150.9856,1000
2009-10,ASN00059006,-30.1619,153.0982,1968
2009-10,ASN00059007,-31.0711,152.7717,1280
2009-10,ASN00059009,-30.2358,153.0163,2415
2009-10,ASN00059019,-30.3641,152.4061,1392
2009-10,ASN00059030,-30.9225,153.087,1466
2009-10,ASN00059040,-30.3107,153.1187,1956
2009-10,ASN00059047,-31.1802,152.9681,1690
2009-10,ASN00059070,-30.4508,152.6231,2530
2009-10,ASN00059107,-30.566,152.6528,4034
2009-10,ASN00059002,-30.65,152.8486,3231
2009-10,ASN00059110,-30.6688,152.7638,3858
2009-10,ASN00059118,-30.2493,152.463,1908
2009-10,ASN00059122,-30.8217,152.5067,1720
2009-10,ASN00059124,-29.9806,152.7222,1390
2009-10,ASN00059128,-30.9783,152.5106,970
2009-10,ASN00059138,-30.6639,152.6528,5910
2009-10,ASN00059139,-30.1014,153.0009,1338
2009-10,ASN00059140,-30.3442,152.7187,2480
2009-10,ASN00060002,-32.4129,152.2079,440
2009-10,ASN00060015,-32.0063,151.9597,532
2009-10,ASN00059113,-30.3098,152.7636,2342
2009-10,ASN00060017,-31.7004,152.5833,1180
2009-10,ASN00058222,-29.7847,153.2639,1380
2009-10,ASN00058216,-28.6399,153.6358,414
2009-10,ASN00058148,-28.5276,153.1519,1140
2009-10,ASN00063283,-33.7,150.0278,370
2009-10,ASN00058161,-29.7583,153.0297,24
2009-10,ASN00058162,-28.7278,153.4622,1610
2009-10,ASN00058165,-28.6229,153.409,2464
2009-10,ASN00058167,-28.4147,153.3339,1590
2009-10,ASN00058171,-28.9263,153.4178,2930
2009-10,ASN00058180,-28.6069,153.2083,490
2009-10,ASN00058186,-28.3283,153.4,1860
2009-10,ASN00058220,-28.705,152.8414,878
2009-10,ASN00058193,-28.3538,153.293,1020
2009-10,ASN00058198,-28.8353,153.5585,1062
2009-10,ASN00058199,-28.7364,153.1634,216
2009-10,ASN00058201,-28.7967,153.2386,760
2009-10,ASN00058202,-28.7406,153.075,790
2009-10,ASN00058204,-28.3217,153.3467,1440
2009-10,ASN00058206,-28.7231,153.3614,1400
2009-10,ASN00058208,-28.8775,153.052,562
2009-10,ASN00058212,-29.183,153.3964,1646
2009-10,ASN00058214,-28.8343,153.2616,718
2009-10,ASN00058194,-28.3811,152.7174,780
2009-10,ASN00060024,-31.7816,152.6684,1130
2009-10,ASN00060031,-31.3364,152.7852,863
2009-10,ASN00060036,-31.862,152.3444,1626
2009-10,ASN00060148,-32.1625,152.2614,1320
2009-10,ASN00061007,-32.0332,150.5836,496
2009-10,ASN00061010,-32.5879,151.7813,850
2009-10,ASN00061012,-33.0853,151.4633,1164
2009-10,ASN00061014,-32.6385,151.4173,602
2009-10,ASN00061017,-32.4022,151.7582,1000
2009-10,ASN00061031,-32.7756,151.735,546
2009-10,ASN00061041,-33.0955,151.5506,1014
2009-10,ASN00061054,-32.7103,152.1612,1161
2009-10,ASN00060147,-31.7361,152.3989,1950
2009-10,ASN00061055,-32.9185,151.7985,638
2009-10,ASN00061078,-32.7932,151.8359,958
2009-10,ASN00061092,-32.5932,151.3335,616
2009-10,ASN00061093,-33.3653,151.3264,1597
2009-10,ASN00061095,-32.1939,151.0932,538
2009-10,ASN00061096,-32.5997,151.618,906
2009-10,ASN00061097,-31.9201,151.2355,500
2009-10,ASN00061100,-32.7667,151.0872,544
2009-10,ASN00061106,-32.3564,151.8059,1114
2009-10,ASN00061110,-32.8736,150.7936,760
2009-10,ASN00061071,-32.4027,151.9664,812
2009-10,ASN00060146,-31.9572,152.585,2016
2009-10,ASN00060144,-32.3796,152.5062,890
2009-10,ASN00060141,-31.8896,152.512,1822
2009-10,ASN00060042,-32.1532,151.9511,1318
2009-10,ASN00060046,-31.6877,152.2688,1828
2009-10,ASN00060065,-32.2942,152.3047,910
2009-10,ASN00060075,-31.95,151.7923,1420
2009-10,ASN00060085,-31.3865,152.2482,3160
2009-10,ASN00060090,-31.3422,152.341,1086
2009-10,ASN00060095,-32.375,152.3808,810
2009-10,ASN00060096,-32.2583,152.1208,0
2009-10,ASN00060099,-32.4436,152.1561,1170
2009-10,ASN00060104,-31.4138,151.598,1002
2009-10,ASN00060106,-31.6647,152.0637,1222
2009-10,ASN00060112,-32.0525,151.9147,1188
2009-10,ASN00060116,-31.4367,152.4633,418
2009-10,ASN00060117,-31.8833,152.15,0
2009-10,ASN00060118,-31.7753,152.0778,1560
2009-10,ASN00060121,-31.5667,152.2401,1664
2009-10,ASN00060122,-31.8922,152.2739,1518
2009-10,ASN00060128,-31.5833,151.3167,570
2009-10,ASN00060130,-31.2936,152.3121,1122
2009-10,ASN00060137,-31.7683,151.8889,1182
2009-10,ASN00060139,-31.4336,152.8655,590
2009-10,ASN00061130,-32.5113,150.7968,549
2009-10,ASN00063287,-33.4111,149.5861,300
2009-10,ASN00068151,-35.0936,150.8049,1638
2009-10,ASN00063291,-33.412,149.654,508
2009-10,ASN00069015,-37.0557,149.9053,842
2009-10,ASN00069017,-36.2519,150.2275,766
2009-10,ASN00069018,-35.9093,150.1532,806
2009-10,ASN00069019,-36.8402,149.5257,1283
2009-10,ASN00069022,-36.2144,150.1358,870
2009-10,ASN00069023,-35.6488,150.1454,1242
2009-10,ASN00069029,-37.3623,149.6984,1296
2009-10,ASN00069033,-35.9017,149.9611,520
2009-10,ASN00069035,-35.7564,149.815,680
2009-10,ASN00069014,-36.3881,149.8882,790
2009-10,ASN00069036,-36.0876,150.0508,818
2009-10,ASN00069042,-35.7661,149.9416,906
2009-10,ASN00069048,-35.7581,149.8252,789
2009-10,ASN00069049,-35.1165,150.0847,708
2009-10,ASN00069050,-36.2967,149.843,748
2009-10,ASN00069052,-35.7343,150.0508,820
2009-10,ASN00069054,-36.2967,149.51,772
2009-10,ASN00069062,-35.9446,149.5876,790
2009-10,ASN00069065,-36.5676,149.7511,581
2009-10,ASN00069066,-36.9296,149.646,1058
2009-10,ASN00069041,-35.2514,149.9158,808
2009-10,ASN00069068,-36.6036,149.9984,455
2009-10,ASN00069013,-36.7677,149.6951,614
2009-10,ASN00069006,-35.7011,149.7896,810
2009-10,ASN00068202,-34.6033,150.5487,912
2009-10,ASN00068213,-34.8667,150.605,1030
2009-10,ASN00068215,-34.4167,150.1967,460
2009-10,ASN00068216,-34.1194,150.7402,510
2009-10,ASN00068217,-34.6866,150.5253,992
2009-10,ASN00068224,-34.5858,150.6264,1190
2009-10,ASN00068228,-34.3691,150.9291,1424
2009-10,ASN00068229,-35.2439,150.5098,692
2009-10,ASN00068233,-34.8517,150.3883,880
2009-10,ASN00069010,-35.4489,149.799,746
2009-10,ASN00068239,-34.5253,150.4217,520
2009-10,ASN00068243,-34.5776,150.5118,982
2009-10,ASN00068245,-34.9528,150.7019,1449
2009-10,ASN00068246,-34.5707,150.8383,1306
2009-10,ASN00068247,-34.7679,150.562,1734
2009-10,ASN00068248,-34.6625,150.4333,1320
2009-10,ASN00068249,-34.9636,150.0967,630
2009-10,ASN00068252,-34.6708,150.8497,2096
2009-10,ASN00068255,-34.4875,150.4014,450
2009-10,ASN00069003,-36.6278,149.5705,608
2009-10,ASN00068241,-34.5638,150.79,1008
2009-10,ASN00069088,-36.1935,149.4735,714
2009-10,ASN00069114,-36.5404,149.8229,1064
2009-10,ASN00069121,-35.4411,150.2857,1550
2009-10,ASN00070084,-36.9325,148.9393,694
2009-10,ASN00070106,-36.8439,149.3897,892
2009-10,ASN00070112,-34.7226,149.1816,492
2009-10,ASN00070117,-34.7169,149.1207,534
2009-10,ASN00070124,-34.3024,149.8767,918
2009-10,ASN00070131,-34.545,149.6245,678
2009-10,ASN00070143,-34.6389,149.9541,445
2009-10,ASN00070144,-34.4084,149.8836,716
2009-10,ASN00070147,-34.5604,149.7381,504
2009-10,ASN00070080,-34.4048,149.8197,644
2009-10,ASN00070161,-36.425,149.1139,552
2009-10,ASN00070214,-35.6311,149.5,1150
2009-10,ASN00070217,-36.2939,148.9725,562
2009-10,ASN00070231,-35.3266,149.0492,413
2009-10,ASN00070237,-36.5902,149.3824,912
2009-10,ASN00070242,-35.2572,149.0742,484
2009-10,ASN00070246,-35.3098,149.1269,529
2009-10,ASN00070261,-35.6904,149.5869,626
2009-10,ASN00070269,-34.6653,149.9888,524
2009-10,ASN00070263,-34.7495,149.7034,678
2009-10,ASN00070165,-36.3541,149.198,428
2009-10,ASN00070077,-34.9031,149.67,437
2009-10,ASN00070071,-34.6514,149.5024,508
2009-10,ASN00070061,-35.5646,149.7406,922
2009-10,ASN00069127,-35.6864,149.8386,860
2009-10,ASN00069132,-35.4253,149.7835,740
2009-10,ASN00069133,-36.6631,149.5139,142
2009-10,ASN00069134,-35.7234,150.1872,913
2009-10,ASN00069137,-37.2622,150.0504,748
2009-10,ASN00069138,-35.3635,150.4827,1568
2009-10,ASN00069139,-36.6722,149.8191,764
2009-10,ASN00069140,-36.4948,149.7434,814
2009-10,ASN00069142,-35.924,150.0362,528
2009-10,ASN00069145,-35.9775,149.8611,970
2009-10,ASN00069147,-36.9077,149.8989,726
2009-10,ASN00069148,-35.9004,150.1437,628
2009-10,ASN00069150,-35.3785,150.0032,1040
2009-10,ASN00070005,-36.9113,149.2379,654
2009-10,ASN00070016,-35.5889,149.4478,730
2009-10,ASN00070025,-34.4578,149.4693,558
2009-10,ASN00070032,-35.2274,148.9139,882
2009-10,ASN00070043,-34.7823,149.2681,372
2009-10,ASN00070045,-35.1548,149.057,648
2009-10,ASN00070054,-36.2009,149.0602,580
2009-10,ASN00070060,-35.1559,149.7725,458
2009-10,ASN00068200,-34.2075,150.7095,466
2009-10,ASN00063290,-33.4983,150.5215,1636
2009-10,ASN00068192,-34.0391,150.689,672
2009-10,ASN00068160,-34.0542,150.8772,650
2009-10,ASN00065022,-33.1628,148.5879,484
2009-10,ASN00065023,-33.0866,148.8598,302
2009-10,ASN00065030,-32.5192,148.5187,530
2009-10,ASN00065034,-32.5635,148.9503,651
2009-10,ASN00065041,-33.0956,148.8692,306
2009-10,ASN00065051,-32.9283,148.7547,494
2009-10,ASN00065068,-33.1281,148.2428,384
2009-10,ASN00065070,-32.2206,148.5753,540
2009-10,ASN00065084,-33.3711,148.5917,418
2009-10,ASN00065020,-33.183,148.6941,474
2009-10,ASN00065096,-33.2682,148.3945,558
2009-10,ASN00065099,-32.3778,148.8741,476
2009-10,ASN00065103,-33.3627,147.9205,242
2009-10,ASN00065106,-32.0358,148.6552,532
2009-10,ASN00065111,-33.8449,148.6497,206
2009-10,ASN00065112,-33.4818,148.2608,370
2009-10,ASN00066011,-33.8,151.2,1800
2009-10,ASN00066013,-33.8523,151.0985,564
2009-10,ASN00066034,-33.8507,151.1295,1482
2009-10,ASN00066036,-33.9186,151.1402,1580
2009-10,ASN00065098,-32.6833,148.9167,12
2009-10,ASN00066037,-33.9465,151.1731,1342
2009-10,ASN00065019,-33.6146,148.435,435
2009-10,ASN00065010,-33.2869,148.7396,604
2009-10,ASN00063292,-33.6185,150.2741,1158
2009-10,ASN00063293,-33.74,149.8822,320
2009-10,ASN00063295,-33.6297,150.2803,1030
2009-10,ASN00063297,-33.5728,149.9128,280
2009-10,ASN00063298,-33.6144,149.6981,310
2009-10,ASN00063302,-33.8275,149.6033,410
2009-10,ASN00063303,-33.3813,149.127,508
2009-10,ASN00063304,-33.7181,149.5106,290
2009-10,ASN00064008,-31.2712,149.2714,588
2009-10,ASN00065013,-33.4278,148.3721,102
2009-10,ASN00064009,-32.0159,149.3964,474
2009-10,ASN00064015,-31.8227,149.1217,290
2009-10,ASN00064017,-31.3304,149.2699,502
2009-10,ASN00064024,-31.5622,148.9547,370
2009-10,ASN00064025,-31.8231,149.72,94
2009-10,ASN00064027,-31.3125,149.2048,602
2009-10,ASN00064029,-32.0156,149.3925,362
2009-10,ASN00064050,-31.646,149.6209,504
2009-10,ASN00064054,-31.7914,149.6705,270
2009-10,ASN00065000,-32.4975,148.7488,304
2009-10,ASN00064010,-32.1141,149.0365,410
2009-10,ASN00066048,-33.8483,151.1105,842
2009-10,ASN00066052,-33.9096,151.2419,1478
2009-10,ASN00066058,-33.9942,151.1292,1180
2009-10,ASN00067105,-33.6004,150.7761,238
2009-10,ASN00067108,-33.8969,150.7281,430
2009-10,ASN00067109,-33.7678,150.9814,1605
2009-10,ASN00067110,-33.7858,150.9236,960
2009-10,ASN00067111,-33.7931,151.0167,1265
2009-10,ASN00067112,-33.7672,151.0186,2215
2009-10,ASN00067113,-33.7195,150.6783,520
2009-10,ASN00067114,-33.8667,150.8611,690
2009-10,ASN00067119,-33.8511,150.8567,798
2009-10,ASN00067104,-33.6617,150.9,910
2009-10,ASN00068000,-34.5712,150.7761,172
2009-10,ASN00068024,-34.2272,150.9111,1742
2009-10,ASN00068035,-34.6642,150.7586,2018
2009-10,ASN00068044,-34.4474,150.4568,526
2009-10,ASN00068072,-34.9469,150.5353,1268
2009-10,ASN00068080,-34.9158,150.7312,1576
2009-10,ASN00068083,-34.9282,150.7484,1914
2009-10,ASN00068088,-35.0938,150.6228,1752
2009-10,ASN00068110,-34.4829,150.8555,1264
2009-10,ASN00068125,-34.0904,150.5052,566
2009-10,ASN00068007,-34.0254,150.6455,642
2009-10,ASN00067094,-33.4383,150.8917,816
2009-10,ASN00067033,-33.6022,150.7794,240
2009-10,ASN00067027,-33.8902,150.5934,274
2009-10,ASN00066059,-33.6908,151.2253,1286
2009-10,ASN00066073,-33.9105,151.2276,1627
2009-10,ASN00066078,-34.0517,150.98,1082
2009-10,ASN00066080,-33.7809,151.2044,2235
2009-10,ASN00066098,-33.8809,151.2658,1438
2009-10,ASN00066124,-33.7917,151.0181,1422
2009-10,ASN00066128,-33.5965,151.3221,1200
2009-10,ASN00066137,-33.9181,150.9864,1132
2009-10,ASN00066142,-33.6761,151.1818,1468
2009-10,ASN00066148,-33.97,151.0638,1380
2009-10,ASN00066156,-33.7791,151.1121,1466
2009-10,ASN00066176,-34.0658,151.0567,1490
2009-10,ASN00066188,-33.7402,151.2173,1972
2009-10,ASN00066194,-33.9057,151.1134,1726
2009-10,ASN00066204,-34.0009,151.0738,1576
2009-10,ASN00067002,-33.6667,150.6696,666
2009-10,ASN00067017,-33.8136,150.9392,496
2009-10,ASN00067019,-33.8193,150.9127,840
2009-10,ASN00067021,-33.6165,150.7477,264
2009-10,ASN00067023,-33.4972,151.0931,1160
2009-10,ASN00067026,-33.7704,150.9318,834
2009-10,ASN00068181,-34.7275,150.5208,1110
2009-10,ASN00058129,-28.4658,153.2632,1562
2009-10,ASN00041082,-27.7156,151.6333,274
2009-10,ASN00058113,-28.4738,153.0861,480
2009-10,ASN00043108,-25.96,148.3867,184
2009-10,ASN00043109,-28.0489,148.5942,132
2009-10,ASN00043112,-26.7997,148.5989,94
2009-10,ASN00044010,-28.0336,147.4803,508
2009-10,ASN00044021,-26.4139,146.2558,162
2009-10,ASN00044026,-28.0706,145.6808,702
2009-10,ASN00044038,-27.02,147.1536,276
2009-10,ASN00044040,-26.1108,144.8728,496
2009-10,ASN00044041,-25.9719,146.6189,76
2009-10,ASN00043106,-26.5089,148.1314,228
2009-10,ASN00044044,-26.3453,147.1258,305
2009-10,ASN00044047,-26.44,147.6942,212
2009-10,ASN00044050,-26.4156,147.1131,56
2009-10,ASN00044054,-28.8061,147.1194,370
2009-10,ASN00044056,-26.4458,147.5453,540
2009-10,ASN00044057,-25.4992,146.5442,78
2009-10,ASN00044070,-26.375,147.0394,200
2009-10,ASN00044075,-27.265,148.0814,190
2009-10,ASN00044111,-25.8517,146.1894,362
2009-10,ASN00044137,-27.8717,148.0344,168
2009-10,ASN00044045,-27.4133,147.4314,276
2009-10,ASN00044142,-27.6844,147.6981,346
2009-10,ASN00043105,-26.4083,148.7833,130
2009-10,ASN00043101,-27.3117,148.8267,220
2009-10,ASN00042112,-26.6569,150.1819,150
2009-10,ASN00042115,-28.0697,149.9794,10
2009-10,ASN00042116,-28.23,149.5617,56
2009-10,ASN00043015,-25.8428,148.5669,348
2009-10,ASN00043020,-26.4888,147.9777,365
2009-10,ASN00043035,-27.159,149.0703,126
2009-10,ASN00043037,-26.2094,149.0894,120
2009-10,ASN00043043,-26.6133,149.3878,108
2009-10,ASN00043045,-28.0944,148.9731,212
2009-10,ASN00043102,-26.49,147.9792,340
2009-10,ASN00043051,-26.2625,149.2389,100
2009-10,ASN00043054,-25.8428,148.5669,348
2009-10,ASN00043060,-26.0756,147.9044,266
2009-10,ASN00043061,-25.9847,148.5567,309
2009-10,ASN00043065,-27.7683,148.7147,310
2009-10,ASN00043080,-27.2275,148.7411,640
2009-10,ASN00043091,-26.5442,148.7778,52
2009-10,ASN00043093,-26.6064,148.5372,236
2009-10,ASN00043095,-27.3867,149.3878,206
2009-10,ASN00043099,-26.82,148.0244,226
2009-10,ASN00043052,-27.0006,149.4969,274
2009-10,ASN00044153,-28.1631,145.0431,595
2009-10,ASN00044154,-28.3875,148.3111,124
2009-10,ASN00044174,-27.62,145.8281,970
2009-10,ASN00047022,-32.4757,143.9409,10
2009-10,ASN00047029,-33.3856,142.5696,95
2009-10,ASN00047033,-33.4268,142.5719,80
2009-10,ASN00047040,-33.9297,142.3572,86
2009-10,ASN00047046,-33.2552,141.7984,64
2009-10,ASN00047048,-32.0012,141.4694,10
2009-10,ASN00047049,-32.0682,141.1097,22
2009-10,ASN00047053,-34.1065,141.9189,86
2009-10,ASN00047058,-32.3902,142.4164,10
2009-10,ASN00047019,-32.3937,142.4173,20
2009-10,ASN00047078,-33.2714,141.5962,68
2009-10,ASN00047106,-32.9703,142.3855,20
2009-10,ASN00047107,-34.3206,142.3645,72
2009-10,ASN00048015,-29.9614,146.8651,258
2009-10,ASN00048025,-29.3513,146.8126,692
2009-10,ASN00048027,-31.484,145.8294,326
2009-10,ASN00048031,-29.5407,148.5818,500
2009-10,ASN00048047,-29.1509,148.6252,322
2009-10,ASN00048079,-29.7029,144.1482,222
2009-10,ASN00048115,-31.424,145.2539,392
2009-10,ASN00047104,-32.804,141.5096,0
2009-10,ASN00047016,-34.0398,141.2652,84
2009-10,ASN00047013,-32.9669,143.1071,42
2009-10,ASN00046129,-30.8517,143.0742,86
2009-10,ASN00044181,-28.9972,144.4094,378
2009-10,ASN00044194,-28.3544,148.8217,402
2009-10,ASN00044208,-26.1394,145.6639,748
2009-10,ASN00044211,-25.3353,147.3,470
2009-10,ASN00044223,-25.4536,147.3031,296
2009-10,ASN00045003,-26.9011,144.3386,120
2009-10,ASN00045007,-26.1133,144.1333,266
2009-10,ASN00045009,-27.4008,141.8114,6
2009-10,ASN00045015,-26.6125,144.2578,463
2009-10,ASN00045025,-27.9867,143.815,176
2009-10,ASN00045029,-28.0722,141.5317,0
2009-10,ASN00046002,-29.7656,143.1142,114
2009-10,ASN00046006,-29.0885,141.2033,0
2009-10,ASN00046012,-31.5194,143.385,34
2009-10,ASN00046015,-31.4459,142.1352,4
2009-10,ASN00046022,-31.4469,143.6548,54
2009-10,ASN00046043,-31.5631,143.3747,34
2009-10,ASN00046052,-29.4089,143.3808,104
2009-10,ASN00046124,-29.8718,142.434,14
2009-10,ASN00046126,-29.4448,142.0567,0
2009-10,ASN00046128,-31.0867,141.7017,16
2009-10,ASN00042104,-28.3839,149.6747,30
2009-10,ASN00048168,-29.1173,147.8993,366
2009-10,ASN00042100,-27.7644,150.0694,70
2009-10,ASN00042035,-26.6439,149.6278,76
2009-10,ASN00041208,-28.3542,152.3392,226
2009-10,ASN00041229,-28.0775,152.2625,453
2009-10,ASN00041230,-28.7208,151.1825,240
2009-10,ASN00041240,-27.1858,151.1419,70
2009-10,ASN00041250,-27.7894,151.4133,264
2009-10,ASN00041276,-27.9292,152.1606,524
2009-10,ASN00041277,-26.7675,151.2075,96
2009-10,ASN00041314,-27.7578,151.4483,168
2009-10,ASN00041323,-28.0187,152.2861,538
2009-10,ASN00041191,-27.2627,151.3747,36
2009-10,ASN00041338,-28.8,151.8433,280
2009-10,ASN00041344,-28.2075,151.5608,262
2009-10,ASN00041348,-28.1667,150.6444,108
2009-10,ASN00041359,-27.4034,151.7413,360
2009-10,ASN00041365,-28.6514,151.6336,242
2009-10,ASN00041369,-27.5233,151.8819,478
2009-10,ASN00041370,-28.1236,150.5431,191
2009-10,ASN00041371,-28.4572,151.6817,214
2009-10,ASN00041388,-28.055,151.3297,190
2009-10,ASN00041391,-28.3611,151.1464,250
2009-10,ASN00041339,-27.2131,151.1856,0
2009-10,ASN00041397,-28.1422,150.1319,142
2009-10,ASN00041182,-27.1667,151.5697,428
2009-10,ASN00041170,-27.5433,151.6383,322
2009-10,ASN00070278,-36.2318,149.1243,530
2009-10,ASN00041072,-27.4831,151.6003,386
2009-10,ASN00041083,-28.0694,151.7797,510
2009-10,ASN00041085,-28.3253,152.3942,550
2009-10,ASN00041086,-26.6653,151.3969,172
2009-10,ASN00041091,-26.8086,151.0806,57
2009-10,ASN00041095,-28.6617,151.9339,460
2009-10,ASN00041096,-27.5094,151.9547,538
2009-10,ASN00041098,-28.2858,152.2425,236
2009-10,ASN00041175,-28.6217,151.9533,488
2009-10,ASN00041100,-28.8544,151.1681,286
2009-10,ASN00041112,-28.4033,150.0517,40
2009-10,ASN00041116,-28.9231,151.9306,308
2009-10,ASN00041120,-28.1897,152.2064,388
2009-10,ASN00041128,-28.4997,150.5928,366
2009-10,ASN00041134,-28.3128,152.4025,580
2009-10,ASN00041145,-26.8397,151.165,40
2009-10,ASN00041152,-27.9753,150.9225,178
2009-10,ASN00041162,-28.2694,150.8106,268
2009-10,ASN00041166,-27.6764,151.6022,184
2009-10,ASN00041106,-27.9651,152.0752,538
2009-10,ASN00041404,-27.9592,151.6664,355
2009-10,ASN00041405,-27.7952,151.7387,280
2009-10,ASN00041415,-28.2367,151.5347,202
2009-10,ASN00041531,-28.1167,152.0642,300
2009-10,ASN00041532,-28.3558,151.9967,70
2009-10,ASN00041533,-28.2292,152.2269,220
2009-10,ASN00041534,-28.2111,152.0275,260
2009-10,ASN00041535,-28.3731,152.14,220
2009-10,ASN00041536,-28.2883,152.1053,180
2009-10,ASN00041537,-28.3394,152.2944,180
2009-10,ASN00041540,-29.1694,151.3414,252
2009-10,ASN00041543,-28.0719,151.1861,304
2009-10,ASN00041530,-28.2006,152.2156,310
2009-10,ASN00041545,-27.6539,150.9136,82
2009-10,ASN00041547,-28.9236,151.9289,376
2009-10,ASN00041548,-28.8675,151.1611,250
2009-10,ASN00041551,-26.9669,151.4847,130
2009-10,ASN00042002,-27.2067,150.2828,112
2009-10,ASN00042016,-27.3411,150.0619,106
2009-10,ASN00042022,-27.3236,149.8828,140
2009-10,ASN00042023,-26.6581,150.1844,170
2009-10,ASN00042025,-26.5519,150.6322,116
2009-10,ASN00042034,-27.1689,150.0019,94
2009-10,ASN00041546,-27.9803,150.515,136
2009-10,ASN00041529,-27.5425,151.9134,450
2009-10,ASN00041528,-27.0481,151.6314,162
2009-10,ASN00041525,-28.2061,152.1003,302
2009-10,ASN00041445,-28.2144,151.9194,474
2009-10,ASN00041456,-28.0621,152.3675,750
2009-10,ASN00041457,-28.4225,151.2131,230
2009-10,ASN00041464,-28.1553,152.33,430
2009-10,ASN00041469,-27.0289,151.0947,80
2009-10,ASN00041473,-28.1022,151.8119,576
2009-10,ASN00041486,-26.9575,150.8633,218
2009-10,ASN00041489,-28.3011,150.2936,70
2009-10,ASN00041490,-26.9,150.7833,260
2009-10,ASN00041493,-27.4967,150.4539,160
2009-10,ASN00041495,-28.4828,151.2831,790
2009-10,ASN00041503,-28.2167,152.05,260
2009-10,ASN00041504,-27.7358,151.4117,217
2009-10,ASN00041506,-28.6561,150.6653,194
2009-10,ASN00041507,-28.6656,150.445,34
2009-10,ASN00041508,-27.7267,150.6453,240
2009-10,ASN00041509,-27.6783,150.3483,100
2009-10,ASN00041510,-27.4722,151.9481,640
2009-10,ASN00041512,-27.3825,151.9244,373
2009-10,ASN00041519,-28.5767,150.845,230
2009-10,ASN00041522,-27.1605,151.2634,62
2009-10,ASN00042078,-26.9186,150.4722,114
2009-10,ASN00058127,-28.7319,153.4065,1945
2009-10,ASN00048237,-31.5389,145.7964,388
2009-10,ASN00048243,-29.431,147.9722,417
2009-10,ASN00056010,-30.9406,151.7078,598
2009-10,ASN00056013,-29.6953,151.6936,540
2009-10,ASN00056018,-29.7752,151.0819,470
2009-10,ASN00056023,-28.3933,152.4157,480
2009-10,ASN00056028,-30.7338,151.5105,560
2009-10,ASN00056032,-29.0479,152.0172,548
2009-10,ASN00056034,-30.6437,151.4906,488
2009-10,ASN00056037,-30.5264,151.6697,710
2009-10,ASN00056052,-29.0988,151.7416,352
2009-10,ASN00056008,-29.4421,151.8483,320
2009-10,ASN00056057,-30.0867,151.3909,698
2009-10,ASN00056080,-31.2176,151.5196,252
2009-10,ASN00056094,-29.5488,151.9942,432
2009-10,ASN00056098,-29.5817,151.9483,380
2009-10,ASN00056100,-29.6315,151.5561,374
2009-10,ASN00056111,-29.7799,151.3503,448
2009-10,ASN00056141,-28.8867,152.1144,494
2009-10,ASN00056161,-30.1575,151.8774,1392
2009-10,ASN00056176,-30.1369,151.2581,508
2009-10,ASN00056202,-28.9776,152.1552,594
2009-10,ASN00056077,-31.0678,151.5022,316
2009-10,ASN00056205,-29.8995,151.965,950
2009-10,ASN00056001,-29.7183,151.355,416
2009-10,ASN00055331,-30.7299,150.5784,582
2009-10,ASN00055157,-31.0853,150.658,340
2009-10,ASN00055164,-31.1805,151.3031,364
2009-10,ASN00055176,-31.2573,151.0842,310
2009-10,ASN00055181,-31.2547,151.1208,351
2009-10,ASN00055183,-31.2962,150.8606,540
2009-10,ASN00055190,-31.3658,150.8357,388
2009-10,ASN00055202,-30.9537,150.2494,504
2009-10,ASN00055220,-30.9585,150.1505,376
2009-10,ASN00055254,-30.7902,150.629,442
2009-10,ASN00055335,-31.5347,151.1806,606
2009-10,ASN00055257,-31.2208,150.8213,528
2009-10,ASN00055276,-30.8828,150.4928,467
2009-10,ASN00055282,-31.4753,150.5439,514
2009-10,ASN00055303,-30.8098,150.7524,408
2009-10,ASN00055309,-31.1472,151.2306,362
2009-10,ASN00055311,-31.2171,150.8185,509
2009-10,ASN00055313,-31.2717,150.9167,384
2009-10,ASN00055319,-30.6126,150.5862,518
2009-10,ASN00055322,-31.3908,151.4019,602
2009-10,ASN00055325,-31.0742,150.8362,366
2009-10,ASN00055262,-31.3505,151.3177,406
2009-10,ASN00056207,-28.5417,151.9909,428
2009-10,ASN00056229,-30.2126,151.6787,716
2009-10,ASN00056234,-30.9874,151.5855,666
2009-10,ASN00058007,-28.6369,153.588,636
2009-10,ASN00058012,-29.4333,153.3633,2184
2009-10,ASN00058019,-28.5314,153.3151,1258
2009-10,ASN00058020,-28.2886,153.3651,1402
2009-10,ASN00058023,-28.7908,153.3958,1218
2009-10,ASN00058027,-29.4227,153.2533,1612
2009-10,ASN00058036,-28.31,153.2228,1180
2009-10,ASN00058040,-28.5451,153.4948,652
2009-10,ASN00058044,-28.5966,153.2233,690
2009-10,ASN00058005,-28.3981,153.1731,850
2009-10,ASN00058045,-29.9691,152.7265,1346
2009-10,ASN00058059,-29.6309,153.0286,1254
2009-10,ASN00058068,-29.4133,153.0153,972
2009-10,ASN00058070,-28.6384,153.4128,2476
2009-10,ASN00058077,-29.6224,152.9605,992
2009-10,ASN00058079,-29.7619,153.1047,2440
2009-10,ASN00058080,-29.87,153.2653,1324
2009-10,ASN00058097,-29.1514,153.2792,1210
2009-10,ASN00058099,-29.2822,152.9888,880
2009-10,ASN00058102,-29.737,152.7852,938
2009-10,ASN00058056,-28.2025,153.5502,476
2009-10,ASN00057125,-30.3969,152.358,1330
2009-10,ASN00057124,-30.4833,152.398,1240
2009-10,ASN00057123,-29.7603,152.2057,582
2009-10,ASN00056236,-31.0109,151.6246,786
2009-10,ASN00056237,-29.8025,151.2726,0
2009-10,ASN00056238,-30.5273,151.6158,902
2009-10,ASN00056239,-28.7014,152.0974,546
2009-10,ASN00056240,-30.3358,151.7367,830
2009-10,ASN00056242,-29.7796,151.1121,438
2009-10,ASN00056243,-29.678,151.694,768
2009-10,ASN00057003,-28.737,152.6228,508
2009-10,ASN00057005,-28.9279,152.3759,621
2009-10,ASN00057018,-28.8914,152.5663,780
2009-10,ASN00057023,-30.2892,152.1701,1070
2009-10,ASN00057024,-28.3879,152.6083,1196
2009-10,ASN00057028,-30.5644,151.907,690
2009-10,ASN00057035,-31.1333,152.1253,470
2009-10,ASN00057091,-30.7167,151.8531,710
2009-10,ASN00057093,-29.5101,152.4897,1316
2009-10,ASN00057095,-28.7551,152.4507,742
2009-10,ASN00057103,-30.0093,152.0101,942
2009-10,ASN00057104,-31.2739,151.9655,790
2009-10,ASN00057114,-29.1967,152.595,1284
2009-10,ASN00057119,-30.889,151.8547,970
2009-10,ASN00055136,-30.9672,151.3451,496
2009-10,ASN00048238,-30.1749,146.9724,300
2009-10,ASN00055122,-30.8415,150.9097,424
2009-10,ASN00055075,-31.1224,150.6957,308
2009-10,ASN00050139,-32.5613,148.3353,441
2009-10,ASN00050141,-33.055,147.4427,332
2009-10,ASN00051008,-32.4581,148.1491,414
2009-10,ASN00051018,-31.7055,148.6625,290
2009-10,ASN00051026,-31.5629,146.7181,646
2009-10,ASN00051033,-31.8576,147.1343,392
2009-10,ASN00051034,-31.4986,147.6865,654
2009-10,ASN00051042,-30.9252,147.869,640
2009-10,ASN00051049,-31.9861,147.9489,366
2009-10,ASN00050137,-33.0682,147.2133,342
2009-10,ASN00051057,-30.6998,147.2232,656
2009-10,ASN00051122,-31.5558,148.5981,344
2009-10,ASN00051133,-31.2294,148.8861,510
2009-10,ASN00051160,-31.7069,148.6358,174
2009-10,ASN00051161,-30.9776,148.3798,652
2009-10,ASN00052016,-30.6088,148.972,910
2009-10,ASN00052020,-28.9786,148.9899,226
2009-10,ASN00052023,-30.3515,148.8843,840
2009-10,ASN00052067,-29.8136,148.9104,454
2009-10,ASN00052088,-30.0372,148.1223,316
2009-10,ASN00051066,-31.9478,148.62,394
2009-10,ASN00053002,-30.9469,149.0654,900
2009-10,ASN00050119,-32.9365,148.2452,458
2009-10,ASN00050110,-32.6358,148.058,494
2009-10,ASN00048245,-30.0362,145.9521,198
2009-10,ASN00049000,-32.8831,144.3088,40
2009-10,ASN00049002,-34.6398,143.561,74
2009-10,ASN00049023,-34.4523,142.9109,100
2009-10,ASN00049045,-34.5594,143.0754,90
2009-10,ASN00049055,-34.1953,143.7916,40
2009-10,ASN00049061,-32.3884,144.7456,0
2009-10,ASN00049063,-33.052,144.1444,50
2009-10,ASN00049092,-33.6959,144.2757,74
2009-10,ASN00050117,-32.8952,148.2811,574
2009-10,ASN00049103,-32.1698,144.2007,0
2009-10,ASN00049132,-33.1898,145.3067,20
2009-10,ASN00049133,-33.516,144.7651,64
2009-10,ASN00050010,-33.5159,147.2541,208
2009-10,ASN00050017,-33.9382,147.1962,366
2009-10,ASN00050031,-32.7235,148.1902,418
2009-10,ASN00050037,-32.6309,147.5659,444
2009-10,ASN00050045,-33.8486,146.8261,198
2009-10,ASN00050052,-33.0664,147.2283,342
2009-10,ASN00050108,-32.5724,147.2162,168
2009-10,ASN00049105,-32.5187,146.2819,230
2009-10,ASN00053003,-29.9182,149.7919,854
2009-10,ASN00053018,-28.9917,150.017,114
2009-10,ASN00053033,-29.4748,150.1359,182
2009-10,ASN00054117,-30.2244,150.723,524
2009-10,ASN00054124,-29.2743,150.2658,108
2009-10,ASN00054125,-30.1312,150.1462,404
2009-10,ASN00054128,-29.8866,150.8951,487
2009-10,ASN00054141,-29.5833,150.37,195
2009-10,ASN00054146,-29.2333,151.3833,185
2009-10,ASN00054149,-30.1872,149.8642,396
2009-10,ASN00054160,-29.1199,151.2942,292
2009-10,ASN00055000,-30.9113,150.8579,358
2009-10,ASN00054114,-30.0977,151.0089,542
2009-10,ASN00055002,-31.2342,149.8345,428
2009-10,ASN00055007,-30.7056,150.0458,392
2009-10,ASN00055016,-30.9963,151.2292,762
2009-10,ASN00055041,-31.4605,151.1275,52
2009-10,ASN00055046,-31.5271,150.4296,434
2009-10,ASN00055049,-31.5086,150.6792,430
2009-10,ASN00055053,-31.346,149.8285,436
2009-10,ASN00055057,-31.7731,150.2856,460
2009-10,ASN00055065,-31.166,150.5441,432
2009-10,ASN00055066,-31.6218,150.8437,482
2009-10,ASN00055006,-31.6405,150.2356,520
2009-10,ASN00054104,-29.3899,151.2448,375
2009-10,ASN00054102,-30.3735,150.6723,424
2009-10,ASN00054082,-29.6382,151.4055,482
2009-10,ASN00053034,-30.1187,149.3232,1096
2009-10,ASN00053035,-29.8401,149.3207,770
2009-10,ASN00053041,-28.8697,150.0903,132
2009-10,ASN00053044,-30.2257,149.4452,950
2009-10,ASN00053073,-30.7632,149.0008,774
2009-10,ASN00053081,-30.8043,149.1246,568
2009-10,ASN00053085,-28.9665,149.6721,2
2009-10,ASN00053115,-29.4914,149.8458,142
2009-10,ASN00054003,-30.3781,150.6096,600
2009-10,ASN00054004,-29.8673,150.5715,370
2009-10,ASN00054013,-29.654,150.8291,286
2009-10,ASN00054023,-30.2948,150.8103,518
2009-10,ASN00054027,-29.5581,150.8871,230
2009-10,ASN00054029,-29.5416,150.5754,213
2009-10,ASN00054038,-30.3154,149.8302,410
2009-10,ASN00054046,-29.3992,151.4107,580
2009-10,ASN00054049,-29.405,150.9012,92
2009-10,ASN00054073,-29.6448,151.2362,542
2009-10,ASN00054074,-29.6613,151.0196,480
2009-10,ASN00054076,-29.64,151.4297,648
2009-10,ASN00054078,-29.6754,151.1527,610
2009-10,ASN00055105,-30.7967,150.8647,270
2009-10,ASN00070299,-36.1827,149.3467,636
2009-10,ASN00109505,-33.5958,115.8186,204
2009-10,ASN00070308,-35.3757,149.087,560
2009-10,ASN00089033,-37.6901,142.7253,370
2009-10,ASN00089034,-37.5483,142.7393,234
2009-10,ASN00089043,-37.3909,141.9194,376
2009-10,ASN00089048,-37.517,143.9275,412
2009-10,ASN00089068,-37.9324,143.7864,248
2009-10,ASN00089074,-37.9477,143.2222,410
2009-10,ASN00089084,-37.9333,143.8667,420
2009-10,ASN00089085,-37.2775,142.9811,268
2009-10,ASN00089103,-37.9708,143.2189,348
2009-10,ASN00089025,-37.6854,143.3654,221
2009-10,ASN00089106,-37.4152,143.6718,340
2009-10,ASN00089109,-37.3598,143.1961,348
2009-10,ASN00089111,-37.5174,143.7791,344
2009-10,ASN00089112,-37.7067,142.9378,246
2009-10,ASN00090001,-38.7481,143.6635,844
2009-10,ASN00090005,-38.1954,143.6399,238
2009-10,ASN00090008,-38.3372,143.7844,268
2009-10,ASN00090010,-37.8595,141.7708,364
2009-10,ASN00090013,-38.3215,141.406,626
2009-10,ASN00090015,-38.8556,143.5128,550
2009-10,ASN00089107,-37.3494,143.2956,454
2009-10,ASN00090021,-38.3291,143.0779,552
2009-10,ASN00089022,-37.6472,142.2309,462
2009-10,ASN00089018,-37.9543,143.3437,310
2009-10,ASN00088103,-37.4958,145.7475,290
2009-10,ASN00088108,-37.1566,144.2079,334
2009-10,ASN00088109,-36.8886,145.1859,218
2009-10,ASN00088110,-37.0809,144.2392,340
2009-10,ASN00088113,-37.3387,143.9861,292
2009-10,ASN00088119,-37.3167,145.7167,392
2009-10,ASN00088121,-37.1425,144.9264,246
2009-10,ASN00088123,-37.25,144.4378,336
2009-10,ASN00088126,-37.0213,145.1091,296
2009-10,ASN00089019,-37.4043,142.3843,544
2009-10,ASN00088130,-37.4234,145.7085,563
2009-10,ASN00088138,-37.2348,144.9962,336
2009-10,ASN00088162,-37.3807,144.9654,338
2009-10,ASN00088164,-37.2091,145.8423,308
2009-10,ASN00089002,-37.5127,143.7911,318
2009-10,ASN00089003,-37.2472,141.8415,294
2009-10,ASN00089009,-37.5267,142.0414,358
2009-10,ASN00089010,-38.0297,143.6331,266
2009-10,ASN00089011,-37.6467,142.3419,198
2009-10,ASN00089016,-37.711,142.8395,208
2009-10,ASN00088137,-37.1644,143.5532,202
2009-10,ASN00090022,-38.2798,143.6613,366
2009-10,ASN00090024,-37.6044,141.6853,390
2009-10,ASN00090026,-37.3443,141.6861,390
2009-10,ASN00090182,-37.583,141.3339,466
2009-10,ASN00090183,-38.6286,143.7306,1036
2009-10,ASN00090184,-38.4306,141.5437,410
2009-10,ASN00090185,-38.5497,143.8594,666
2009-10,ASN00090186,-38.2867,142.4522,516
2009-10,ASN00090187,-38.4115,143.9771,222
2009-10,ASN00090188,-38.4831,143.9142,690
2009-10,ASN00091000,-41.5211,146.7158,362
2009-10,ASN00091001,-41.2025,146.8156,554
2009-10,ASN00090181,-38.241,143.1393,272
2009-10,ASN00091011,-40.6842,144.7181,463
2009-10,ASN00091029,-41.4978,146.535,470
2009-10,ASN00091032,-41.7244,147.3208,296
2009-10,ASN00091034,-40.8842,145.2161,496
2009-10,ASN00091039,-41.1839,146.4817,344
2009-10,ASN00091041,-41.2383,146.9953,466
2009-10,ASN00091053,-41.25,147.2169,476
2009-10,ASN00091055,-41.5406,146.1364,470
2009-10,ASN00091060,-40.905,145.3492,482
2009-10,ASN00091072,-41.4678,147.1628,412
2009-10,ASN00091019,-41.8142,147.0922,393
2009-10,ASN00090180,-38.4583,144.0883,548
2009-10,ASN00090176,-38.0737,142.7744,364
2009-10,ASN00090175,-38.3906,142.2347,380
2009-10,ASN00090033,-37.3563,141.2103,464
2009-10,ASN00090035,-38.2333,143.7925,284
2009-10,ASN00090036,-37.9695,141.3077,314
2009-10,ASN00090045,-38.1059,142.3216,634
2009-10,ASN00090055,-38.0339,141.9998,214
2009-10,ASN00090060,-38.4699,142.7502,514
2009-10,ASN00090061,-38.421,143.8348,448
2009-10,ASN00090062,-37.8824,142.4235,442
2009-10,ASN00090063,-37.875,142.2895,350
2009-10,ASN00090067,-38.6196,142.9944,852
2009-10,ASN00090070,-38.3846,141.6074,360
2009-10,ASN00090076,-38.6771,143.6826,1290
2009-10,ASN00090077,-38.2362,142.9166,470
2009-10,ASN00090093,-38.7553,143.5103,876
2009-10,ASN00090105,-37.7417,141.0657,457
2009-10,ASN00090147,-38.3427,143.5848,328
2009-10,ASN00090153,-38.255,143.1256,300
2009-10,ASN00090165,-38.5582,143.1663,780
2009-10,ASN00090167,-38.243,143.9887,344
2009-10,ASN00090171,-38.3148,141.4705,480
2009-10,ASN00090173,-37.6486,142.0636,362
2009-10,ASN00088071,-37.4181,144.2133,516
2009-10,ASN00091077,-41.575,147.4508,410
2009-10,ASN00088067,-37.2177,145.4211,296
2009-10,ASN00088061,-37.3449,144.5365,439
2009-10,ASN00086232,-37.8303,144.9767,220
2009-10,ASN00086265,-38.3142,145.1756,612
2009-10,ASN00086281,-38.3343,145.6696,944
2009-10,ASN00086282,-37.6655,144.8321,202
2009-10,ASN00086299,-38.0222,145.3561,888
2009-10,ASN00086303,-37.8886,145.1928,626
2009-10,ASN00086305,-37.6369,144.9072,280
2009-10,ASN00086314,-38.1992,145.4933,603
2009-10,ASN00086350,-37.4187,144.977,224
2009-10,ASN00086224,-37.9785,145.2235,590
2009-10,ASN00086358,-37.8586,145.6532,730
2009-10,ASN00086364,-37.6594,145.4457,547
2009-10,ASN00086369,-37.9535,145.1655,598
2009-10,ASN00086373,-38.4612,145.3101,644
2009-10,ASN00086374,-37.4652,145.2637,636
2009-10,ASN00086377,-37.4225,145.0752,370
2009-10,ASN00086379,-37.7917,145.2433,628
2009-10,ASN00086383,-37.7239,145.4094,498
2009-10,ASN00086393,-38.4617,144.9019,326
2009-10,ASN00087006,-37.6018,144.2295,444
2009-10,ASN00086361,-38.3646,145.1785,614
2009-10,ASN00087007,-37.743,144.1406,350
2009-10,ASN00086223,-38.3391,145.0288,727
2009-10,ASN00086210,-38.0651,145.1294,646
2009-10,ASN00085305,-37.8758,146.0833,1071
2009-10,ASN00086020,-37.9551,145.0782,490
2009-10,ASN00086035,-37.7011,145.1547,354
2009-10,ASN00086038,-37.7276,144.9066,274
2009-10,ASN00086039,-37.7915,144.9067,188
2009-10,ASN00086063,-38.2656,145.5692,766
2009-10,ASN00086068,-37.7408,145.0972,272
2009-10,ASN00086074,-37.8219,145.1906,526
2009-10,ASN00086077,-37.98,145.0964,590
2009-10,ASN00086213,-38.3781,144.8997,486
2009-10,ASN00086079,-38.2358,145.0667,154
2009-10,ASN00086090,-37.7089,145.7855,1062
2009-10,ASN00086096,-37.7214,145.0059,174
2009-10,ASN00086104,-37.871,145.2561,594
2009-10,ASN00086105,-38.4282,145.0412,880
2009-10,ASN00086111,-37.9445,145.1764,647
2009-10,ASN00086117,-37.477,145.1513,372
2009-10,ASN00086119,-38.4836,145.1766,696
2009-10,ASN00086127,-38.6078,145.5965,910
2009-10,ASN00086131,-37.5552,145.1259,284
2009-10,ASN00086088,-37.9142,145.0935,533
2009-10,ASN00087014,-37.5512,143.9322,376
2009-10,ASN00087016,-37.7654,144.1048,314
2009-10,ASN00087017,-37.4701,144.3069,516
2009-10,ASN00087175,-37.2732,144.5974,258
2009-10,ASN00087176,-37.7569,144.7511,166
2009-10,ASN00087178,-38.2504,144.5104,387
2009-10,ASN00088002,-36.893,145.2316,88
2009-10,ASN00088009,-36.9886,143.9747,316
2009-10,ASN00088010,-37.2531,144.8614,292
2009-10,ASN00088015,-37.3049,143.7776,230
2009-10,ASN00088020,-37.3432,144.1575,350
2009-10,ASN00088021,-37.1995,144.0141,194
2009-10,ASN00087173,-37.294,144.7066,330
2009-10,ASN00088023,-37.2313,145.9124,482
2009-10,ASN00088031,-37.0695,145.4177,493
2009-10,ASN00088032,-37.0856,143.9977,204
2009-10,ASN00088037,-37.2535,144.3825,330
2009-10,ASN00088042,-37.1965,144.3742,356
2009-10,ASN00088043,-37.056,143.732,175
2009-10,ASN00088048,-37.105,144.0638,238
2009-10,ASN00088051,-37.0194,144.5203,286
2009-10,ASN00088056,-37.1714,143.701,262
2009-10,ASN00088060,-37.4475,145.2143,748
2009-10,ASN00088029,-36.9579,144.6935,284
2009-10,ASN00087171,-37.5223,144.4779,798
2009-10,ASN00087168,-37.9075,144.1303,352
2009-10,ASN00087162,-38.1435,144.1872,376
2009-10,ASN00087021,-37.8233,144.2078,416
2009-10,ASN00087029,-37.2698,144.723,152
2009-10,ASN00087031,-37.8565,144.7566,338
2009-10,ASN00087033,-37.991,144.4943,250
2009-10,ASN00087036,-37.4155,144.5569,420
2009-10,ASN00087040,-37.7451,144.5687,316
2009-10,ASN00087042,-37.8539,144.11,428
2009-10,ASN00087043,-37.8197,144.1492,424
2009-10,ASN00087046,-37.6719,143.94,452
2009-10,ASN00087048,-37.8958,144.4387,348
2009-10,ASN00087068,-37.645,144.0411,408
2009-10,ASN00087075,-37.4964,144.5028,688
2009-10,ASN00087095,-37.6111,144.3,400
2009-10,ASN00087113,-38.0287,144.4783,228
2009-10,ASN00087118,-37.3508,144.6067,548
2009-10,ASN00087119,-38.3687,144.0843,412
2009-10,ASN00087121,-37.6831,144.6664,306
2009-10,ASN00087124,-38.2504,144.0854,294
2009-10,ASN00087130,-37.3495,144.7494,338
2009-10,ASN00087135,-38.2832,144.4784,568
2009-10,ASN00087161,-37.6292,144.5026,456
2009-10,ASN00088064,-37.1225,144.8561,284
2009-10,ASN00085304,-37.4967,146.8575,2008
2009-10,ASN00091086,-41.2439,147.7353,688
2009-10,ASN00091100,-40.4472,144.84,260
2009-10,ASN00094179,-43.0,146.928,482
2009-10,ASN00094182,-42.5572,147.4033,374
2009-10,ASN00094185,-43.0336,147.2128,656
2009-10,ASN00094191,-43.2006,146.7683,986
2009-10,ASN00094192,-43.4086,146.9567,736
2009-10,ASN00094195,-42.4544,147.4614,410
2009-10,ASN00094198,-43.4886,147.1444,530
2009-10,ASN00094204,-42.6525,147.3578,450
2009-10,ASN00094212,-42.6867,147.4258,424
2009-10,ASN00094177,-42.7572,147.3817,610
2009-10,ASN00094213,-43.1456,147.9617,620
2009-10,ASN00094219,-43.1547,147.0539,606
2009-10,ASN00094220,-42.9858,147.0742,748
2009-10,ASN00094221,-42.8514,147.6211,408
2009-10,ASN00094222,-42.9742,147.295,586
2009-10,ASN00094223,-42.97,147.3303,576
2009-10,ASN00094231,-42.9639,147.2022,786
2009-10,ASN00094232,-42.8367,147.1931,610
2009-10,ASN00094233,-42.6933,147.2617,442
2009-10,ASN00094236,-43.3692,147.3442,675
2009-10,ASN00094214,-42.7033,147.1261,170
2009-10,ASN00094237,-42.9372,147.1378,854
2009-10,ASN00094175,-42.9725,147.0342,182
2009-10,ASN00094169,-43.0433,147.8667,419
2009-10,ASN00094027,-43.4144,146.8731,1049
2009-10,ASN00094029,-42.8897,147.3278,646
2009-10,ASN00094030,-42.8667,147.3322,524
2009-10,ASN00094039,-43.3583,147.2342,578
2009-10,ASN00094040,-43.1983,147.0658,708
2009-10,ASN00094041,-43.6578,146.2711,564
2009-10,ASN00094043,-43.2319,147.2547,692
2009-10,ASN00094048,-42.9981,147.4056,434
2009-10,ASN00094061,-42.9264,147.5203,372
2009-10,ASN00094172,-42.6531,147.3589,398
2009-10,ASN00094064,-42.7619,147.6197,618
2009-10,ASN00094071,-43.0153,147.9117,522
2009-10,ASN00094082,-42.8569,147.4386,662
2009-10,ASN00094087,-42.8967,147.235,744
2009-10,ASN00094097,-42.5436,147.5664,518
2009-10,ASN00094111,-42.9519,147.3496,584
2009-10,ASN00094125,-43.0239,147.255,532
2009-10,ASN00094130,-42.7469,147.5511,462
2009-10,ASN00094151,-42.9742,147.1692,916
2009-10,ASN00094155,-43.2397,148.0025,626
2009-10,ASN00094068,-43.1547,147.2386,506
2009-10,ASN00094239,-42.9639,147.2428,770
2009-10,ASN00095001,-42.3883,147.0061,320
2009-10,ASN00095003,-42.7097,146.8983,384
2009-10,ASN00097061,-42.7428,145.9811,932
2009-10,ASN00097072,-42.155,145.2908,582
2009-10,ASN00097080,-42.985,145.5022,438
2009-10,ASN00097083,-43.0425,146.2722,846
2009-10,ASN00097085,-41.8444,145.5419,1222
2009-10,ASN00097091,-42.0961,145.5456,518
2009-10,ASN00098000,-40.0092,144.1111,576
2009-10,ASN00098004,-39.9097,144.0986,630
2009-10,ASN00098011,-39.9283,143.8525,508
2009-10,ASN00097054,-41.8822,145.3358,724
2009-10,ASN00098017,-39.88,143.8831,556
2009-10,ASN00099000,-40.3706,148.0231,394
2009-10,ASN00099005,-40.0911,148.0024,253
2009-10,ASN00099014,-40.0194,148.1825,364
2009-10,ASN00099021,-40.1558,148.1853,308
2009-10,ASN00099023,-40.1883,148.1178,464
2009-10,ASN00099025,-40.2319,148.19,262
2009-10,ASN00109501,-32.938,116.024,220
2009-10,ASN00109507,-33.444,115.8536,68
2009-10,ASN00041056,-28.3344,152.2953,248
2009-10,ASN00098023,-39.9647,144.0772,670
2009-10,ASN00097047,-41.4892,145.2083,658
2009-10,ASN00097024,-43.0609,146.704,1164
2009-10,ASN00097020,-42.0056,145.5419,238
2009-10,ASN00095012,-42.4814,146.7114,256
2009-10,ASN00095016,-42.3367,146.7475,398
2009-10,ASN00095046,-42.3811,147.0036,172
2009-10,ASN00095047,-42.3961,146.4897,390
2009-10,ASN00095048,-42.4842,146.7106,240
2009-10,ASN00095069,-42.8069,147.1144,500
2009-10,ASN00095072,-42.8033,146.9878,532
2009-10,ASN00095074,-42.7414,147.0489,414
2009-10,ASN00095075,-42.6803,146.7756,629
2009-10,ASN00095077,-42.6894,146.7122,128
2009-10,ASN00095079,-42.8458,147.0294,600
2009-10,ASN00096002,-42.1419,146.4931,362
2009-10,ASN00096033,-41.8997,146.6694,302
2009-10,ASN00096038,-42.0572,147.286,290
2009-10,ASN00096046,-41.9822,146.7228,376
2009-10,ASN00096069,-42.1289,146.2156,666
2009-10,ASN00096070,-42.2558,146.8753,344
2009-10,ASN00096071,-42.1178,146.1772,680
2009-10,ASN00096077,-41.5958,145.9311,604
2009-10,ASN00097000,-42.1986,145.17,492
2009-10,ASN00097006,-41.9933,145.5725,0
2009-10,ASN00094025,-42.8494,147.2547,629
2009-10,ASN00091090,-41.4475,146.8744,508
2009-10,ASN00094022,-43.0431,147.4133,482
2009-10,ASN00094010,-43.4892,147.1453,672
2009-10,ASN00091266,-41.3972,146.4953,664
2009-10,ASN00091267,-41.6494,146.6154,492
2009-10,ASN00091271,-41.3959,147.3006,534
2009-10,ASN00091286,-41.1208,146.8275,392
2009-10,ASN00091288,-41.6706,146.7278,404
2009-10,ASN00091290,-41.6308,146.7,770
2009-10,ASN00091291,-41.3886,146.3219,570
2009-10,ASN00091292,-40.8347,145.0847,314
2009-10,ASN00091293,-41.0556,146.7856,338
2009-10,ASN00091263,-41.4889,147.2326,446
2009-10,ASN00091299,-41.2431,147.4436,981
2009-10,ASN00091306,-41.7256,147.0794,410
2009-10,ASN00091311,-41.5492,147.2144,440
2009-10,ASN00091312,-41.4406,146.1228,590
2009-10,ASN00091315,-41.51,147.0511,416
2009-10,ASN00091317,-41.5136,147.2028,545
2009-10,ASN00091325,-41.7292,147.2358,252
2009-10,ASN00091332,-41.3528,146.4164,594
2009-10,ASN00091340,-41.3592,147.01,494
2009-10,ASN00091341,-41.3428,146.8964,485
2009-10,ASN00091305,-41.3144,147.3803,738
2009-10,ASN00091346,-41.2336,147.2064,476
2009-10,ASN00091262,-41.1333,146.8461,336
2009-10,ASN00091259,-41.1492,145.1517,662
2009-10,ASN00091107,-40.9972,145.7292,442
2009-10,ASN00091109,-41.1428,145.7058,520
2009-10,ASN00091118,-41.5664,147.2444,482
2009-10,ASN00091121,-40.9431,147.5922,468
2009-10,ASN00091126,-41.1708,146.4267,359
2009-10,ASN00091150,-41.6419,146.5244,568
2009-10,ASN00091153,-41.3356,146.2797,480
2009-10,ASN00091156,-41.4717,146.6456,526
2009-10,ASN00091161,-41.3886,146.5861,548
2009-10,ASN00091260,-41.4883,146.9047,390
2009-10,ASN00091171,-41.2708,146.5481,586
2009-10,ASN00091197,-41.4864,147.4386,420
2009-10,ASN00091198,-41.3917,147.4242,1106
2009-10,ASN00091219,-41.1708,147.4883,526
2009-10,ASN00091223,-40.9089,144.7094,494
2009-10,ASN00091227,-41.5267,146.6583,676
2009-10,ASN00091236,-41.5128,146.8303,380
2009-10,ASN00091237,-41.4194,147.1222,405
2009-10,ASN00091245,-40.6828,144.69,352
2009-10,ASN00091255,-41.2339,146.9294,452
2009-10,ASN00091186,-41.2039,146.265,416
2009-10,ASN00092001,-41.9525,148.1839,586
2009-10,ASN00092002,-41.7792,147.7225,382
2009-10,ASN00092003,-41.8739,148.3036,686
2009-10,ASN00092124,-42.6619,148.0181,364
2009-10,ASN00092129,-41.0458,148.2592,728
2009-10,ASN00092134,-41.1256,147.8617,746
2009-10,ASN00093002,-42.3958,147.3042,196
2009-10,ASN00093007,-42.2664,147.5281,302
2009-10,ASN00093014,-42.3006,147.3711,200
2009-10,ASN00093023,-42.4031,147.3908,298
2009-10,ASN00093033,-41.9347,147.4931,280
2009-10,ASN00093040,-42.3075,147.1672,252
2009-10,ASN00092123,-40.7292,148.125,508
2009-10,ASN00093044,-41.8172,147.5664,296
2009-10,ASN00093049,-42.3696,147.4631,300
2009-10,ASN00093051,-42.0317,147.4907,208
2009-10,ASN00093052,-42.163,147.5805,210
2009-10,ASN00093053,-42.025,147.4953,258
2009-10,ASN00093055,-41.8658,147.4494,252
2009-10,ASN00093059,-41.9311,147.4256,204
2009-10,ASN00094001,-42.4158,147.1347,356
2009-10,ASN00094005,-42.7433,147.2372,378
2009-10,ASN00094008,-42.8339,147.5033,404
2009-10,ASN00093046,-42.305,147.5708,218
2009-10,ASN00092120,-41.3381,148.2792,608
2009-10,ASN00092114,-41.9953,148.2794,290
2009-10,ASN00092113,-41.4136,148.2744,354
2009-10,ASN00092005,-42.8122,147.8289,676
2009-10,ASN00092008,-42.0117,148.0747,538
2009-10,ASN00092010,-42.5844,148.0636,537
2009-10,ASN00092011,-40.9589,148.0086,744
2009-10,ASN00092014,-41.5308,148.1969,326
2009-10,ASN00092017,-42.7856,147.8086,632
2009-10,ASN00092019,-42.0067,147.7975,344
2009-10,ASN00092020,-41.82,147.9551,618
2009-10,ASN00092024,-41.4703,147.8919,410
2009-10,ASN00092027,-42.5519,147.8753,664
2009-10,ASN00092028,-42.5853,147.9142,324
2009-10,ASN00092030,-41.0825,147.9353,438
2009-10,ASN00092045,-40.9928,148.3467,580
2009-10,ASN00092047,-42.2708,147.6942,370
2009-10,ASN00092051,-41.27,147.9492,714
2009-10,ASN00092064,-41.5633,148.1414,150
2009-10,ASN00092067,-40.8586,148.0178,498
2009-10,ASN00092079,-42.2133,147.7831,306
2009-10,ASN00092099,-42.7153,147.7525,660
2009-10,ASN00092109,-41.4622,147.57,638
2009-10,ASN00092111,-41.4342,147.7192,772
2009-10,ASN00094020,-43.3167,147.0075,754
2009-10,ASN00070307,-35.2459,149.1068,462
2009-10,ASN00085303,-37.5325,147.0053,1532
2009-10,ASN00085297,-37.9722,146.9856,246
2009-10,ASN00075140,-34.1533,145.1409,18
2009-10,ASN00075142,-33.9247,145.5205,132
2009-10,ASN00075163,-33.3476,145.8703,84
2009-10,ASN00076000,-34.85,142.7811,144
2009-10,ASN00076012,-35.1702,143.0001,160
2009-10,ASN00076017,-35.1945,143.04,180
2009-10,ASN00076018,-35.1136,142.9194,158
2009-10,ASN00076031,-34.2358,142.0867,108
2009-10,ASN00076037,-34.1928,141.5996,80
2009-10,ASN00075079,-34.2502,146.1897,225
2009-10,ASN00076038,-35.2628,141.1789,228
2009-10,ASN00076044,-35.1759,143.37,96
2009-10,ASN00076046,-35.167,143.2781,158
2009-10,ASN00076047,-35.0694,142.3158,192
2009-10,ASN00076050,-35.2555,143.3683,110
2009-10,ASN00076051,-34.362,141.9038,116
2009-10,ASN00076064,-35.1201,142.004,132
2009-10,ASN00076067,-34.3883,141.5954,166
2009-10,ASN00076069,-34.9536,142.7392,166
2009-10,ASN00076103,-35.189,142.3725,250
2009-10,ASN00076043,-34.9272,142.1765,160
2009-10,ASN00076105,-34.7164,143.1506,16
2009-10,ASN00075072,-33.9376,146.6062,174
2009-10,ASN00075062,-34.8096,144.1654,66
2009-10,ASN00074249,-34.8016,145.8904,59
2009-10,ASN00074258,-35.5575,144.9458,144
2009-10,ASN00074261,-34.531,146.9806,294
2009-10,ASN00074262,-35.7861,144.6002,170
2009-10,ASN00074264,-35.4091,147.2479,402
2009-10,ASN00074267,-33.9956,146.7683,140
2009-10,ASN00075004,-35.2847,144.5334,88
2009-10,ASN00075007,-33.8436,144.9073,69
2009-10,ASN00075012,-35.4201,144.6002,218
2009-10,ASN00075071,-35.2119,144.816,96
2009-10,ASN00075016,-33.9871,145.3904,78
2009-10,ASN00075026,-34.442,145.5612,82
2009-10,ASN00075032,-33.4915,145.5249,86
2009-10,ASN00075039,-33.2833,146.3707,30
2009-10,ASN00075041,-34.2487,146.0695,190
2009-10,ASN00075042,-34.476,144.3013,62
2009-10,ASN00075044,-33.8192,145.6235,92
2009-10,ASN00075046,-35.0885,144.0349,104
2009-10,ASN00075049,-34.4456,144.1728,110
2009-10,ASN00075054,-35.2849,145.2098,82
2009-10,ASN00075017,-33.17,146.642,250
2009-10,ASN00076106,-35.2484,141.0808,192
2009-10,ASN00076107,-35.2848,141.4949,148
2009-10,ASN00076109,-35.3678,141.0625,234
2009-10,ASN00078086,-36.14,141.9878,88
2009-10,ASN00079002,-36.9532,143.1976,184
2009-10,ASN00079008,-36.9389,141.8714,236
2009-10,ASN00079015,-36.8721,142.6308,135
2009-10,ASN00079016,-36.7281,142.7303,158
2009-10,ASN00079017,-36.7181,141.4729,292
2009-10,ASN00079019,-37.1847,142.8553,179
2009-10,ASN00079028,-36.6722,142.2991,224
2009-10,ASN00079031,-36.9865,143.2727,150
2009-10,ASN00078072,-36.3697,142.9709,228
2009-10,ASN00079032,-36.8612,142.9332,194
2009-10,ASN00079037,-36.9,143.1137,160
2009-10,ASN00079039,-36.9065,143.3384,195
2009-10,ASN00079040,-36.6189,143.2631,134
2009-10,ASN00079046,-37.0936,142.4344,508
2009-10,ASN00079050,-37.3162,142.6975,282
2009-10,ASN00079074,-37.1394,142.5196,658
2009-10,ASN00079075,-36.6287,142.6321,156
2009-10,ASN00079078,-37.0607,141.9882,540
2009-10,ASN00079079,-36.7913,143.1207,266
2009-10,ASN00079036,-36.7416,141.9429,246
2009-10,ASN00078040,-36.2882,141.7347,176
2009-10,ASN00078038,-36.2705,142.2165,86
2009-10,ASN00078015,-36.3092,141.6486,112
2009-10,ASN00076133,-34.1051,141.0166,136
2009-10,ASN00077001,-35.9809,143.6479,92
2009-10,ASN00077005,-35.6367,142.995,156
2009-10,ASN00077008,-35.9244,142.851,126
2009-10,ASN00077009,-35.5504,142.9207,58
2009-10,ASN00077010,-35.7151,142.3569,64
2009-10,ASN00077014,-35.717,143.1074,30
2009-10,ASN00077015,-35.5574,142.5432,124
2009-10,ASN00077025,-35.4609,143.6286,166
2009-10,ASN00077028,-35.7955,142.8768,185
2009-10,ASN00077033,-35.3833,142.1869,176
2009-10,ASN00077034,-35.9296,143.4992,140
2009-10,ASN00077039,-35.5046,142.8493,158
2009-10,ASN00077040,-35.5254,142.7267,162
2009-10,ASN00077052,-35.6803,142.6664,138
2009-10,ASN00077079,-36.0086,143.3719,146
2009-10,ASN00077082,-35.9338,142.2805,136
2009-10,ASN00077088,-35.987,142.915,66
2009-10,ASN00077094,-35.3766,143.5416,136
2009-10,ASN00078010,-36.4644,142.0327,194
2009-10,ASN00078013,-36.3986,141.8797,204
2009-10,ASN00074234,-35.0371,147.1933,242
2009-10,ASN00079097,-37.1169,141.8031,244
2009-10,ASN00074217,-34.7565,147.3482,270
2009-10,ASN00074205,-35.162,147.0274,162
2009-10,ASN00072053,-35.7542,147.8445,686
2009-10,ASN00072056,-35.3947,148.247,846
2009-10,ASN00072078,-35.6767,147.5178,440
2009-10,ASN00072080,-35.7226,147.9291,490
2009-10,ASN00072082,-35.5528,147.9827,588
2009-10,ASN00072089,-35.9784,148.0855,483
2009-10,ASN00072091,-35.9383,148.3842,1722
2009-10,ASN00072098,-35.3448,148.3837,616
2009-10,ASN00072101,-35.7112,147.4859,532
2009-10,ASN00072050,-36.0355,147.2707,418
2009-10,ASN00072141,-35.725,148.4915,1115
2009-10,ASN00072146,-36.0692,146.9534,268
2009-10,ASN00072150,-35.1583,147.4573,258
2009-10,ASN00072152,-35.317,148.433,124
2009-10,ASN00072156,-35.9333,147.7167,410
2009-10,ASN00072159,-35.3019,147.9402,514
2009-10,ASN00072160,-36.069,146.9509,260
2009-10,ASN00072161,-35.9371,148.3779,1716
2009-10,ASN00072162,-36.2304,148.1405,772
2009-10,ASN00072163,-35.899,148.1821,780
2009-10,ASN00072142,-35.72,147.3103,686
2009-10,ASN00072169,-35.7108,148.0026,745
2009-10,ASN00072044,-35.3194,148.2341,495
2009-10,ASN00072042,-35.2765,147.7362,732
2009-10,ASN00070309,-36.9131,149.0372,60
2009-10,ASN00070326,-37.1475,149.1496,1410
2009-10,ASN00070328,-37.0016,149.2336,666
2009-10,ASN00070330,-34.8085,149.7312,452
2009-10,ASN00070334,-35.1138,149.9624,766
2009-10,ASN00070335,-35.2,149.955,550
2009-10,ASN00070336,-36.5971,149.2974,739
2009-10,ASN00070339,-35.4184,149.0937,752
2009-10,ASN00070340,-35.1837,149.1122,620
2009-10,ASN00072043,-35.778,148.0141,766
2009-10,ASN00070346,-35.1889,149.251,754
2009-10,ASN00070349,-35.5293,148.7721,1124
2009-10,ASN00071000,-35.9962,148.7693,774
2009-10,ASN00071005,-36.5029,148.835,984
2009-10,ASN00071019,-36.5067,148.8281,824
2009-10,ASN00071021,-36.4818,148.5873,942
2009-10,ASN00071032,-36.4917,148.2859,1140
2009-10,ASN00071041,-36.5031,148.304,2383
2009-10,ASN00072004,-35.5203,148.1453,1110
2009-10,ASN00072023,-36.1039,147.0329,348
2009-10,ASN00070348,-35.8618,149.1321,634
2009-10,ASN00073000,-34.1442,147.386,180
2009-10,ASN00073007,-34.9997,148.5984,567
2009-10,ASN00073014,-33.9029,148.1718,230
2009-10,ASN00074034,-35.9887,146.3574,334
2009-10,ASN00074037,-34.6223,146.4328,100
2009-10,ASN00074040,-34.8814,145.7595,40
2009-10,ASN00074042,-35.6408,145.5762,86
2009-10,ASN00074050,-34.738,146.7825,87
2009-10,ASN00074053,-35.5168,147.0344,232
2009-10,ASN00074055,-35.3475,145.7257,26
2009-10,ASN00074081,-35.9878,146.0061,230
2009-10,ASN00074087,-35.3342,146.0342,156
2009-10,ASN00074005,-34.2849,146.5714,163
2009-10,ASN00074088,-35.5579,146.1653,80
2009-10,ASN00074106,-35.817,145.6004,85
2009-10,ASN00074110,-35.3305,146.2652,232
2009-10,ASN00074118,-34.5139,146.1848,102
2009-10,ASN00074126,-35.385,147.0558,140
2009-10,ASN00074127,-35.1069,147.3636,278
2009-10,ASN00074129,-35.7228,144.7865,242
2009-10,ASN00074162,-34.9349,146.3031,124
2009-10,ASN00074188,-35.6724,147.0361,340
2009-10,ASN00074202,-34.8504,146.9778,106
2009-10,ASN00074104,-35.2683,147.1142,188
2009-10,ASN00074002,-34.3479,147.2208,136
2009-10,ASN00074000,-34.3567,146.9032,130
2009-10,ASN00073151,-34.4292,147.5111,234
2009-10,ASN00073017,-34.0824,148.365,258
2009-10,ASN00073019,-34.8456,147.5714,202
2009-10,ASN00073021,-34.0391,148.5552,302
2009-10,ASN00073022,-34.6479,148.1606,488
2009-10,ASN00073025,-34.791,147.5592,272
2009-10,ASN00073029,-34.5495,148.3493,342
2009-10,ASN00073032,-34.0112,147.7937,264
2009-10,ASN00073043,-34.4918,148.1266,445
2009-10,ASN00073044,-35.0581,147.753,266
2009-10,ASN00073051,-34.2054,148.5533,406
2009-10,ASN00073054,-33.9262,147.2418,288
2009-10,ASN00073100,-33.9119,148.4383,335
2009-10,ASN00073109,-34.425,148.5408,572
2009-10,ASN00073110,-33.9462,148.0775,648
2009-10,ASN00073113,-34.1985,148.0047,320
2009-10,ASN00073115,-35.1687,148.2311,696
2009-10,ASN00073129,-34.1567,148.6857,387
2009-10,ASN00073138,-34.2493,148.2475,474
2009-10,ASN00073141,-35.0479,148.1075,530
2009-10,ASN00073142,-34.6299,148.0364,468
2009-10,ASN00073150,-34.5307,147.8442,669
2009-10,ASN00074208,-35.6074,145.2012,68
2009-10,ASN00085298,-38.1072,147.1317,444
2009-10,ASN00079099,-37.0222,141.2657,314
2009-10,ASN00079103,-37.295,142.6039,738
2009-10,ASN00084012,-37.4583,147.2519,818
2009-10,ASN00084014,-37.106,148.6862,1096
2009-10,ASN00084015,-37.3757,147.8373,1234
2009-10,ASN00084016,-37.5679,149.9158,956
2009-10,ASN00084025,-37.8507,147.7664,548
2009-10,ASN00084035,-37.2618,147.7229,516
2009-10,ASN00084039,-37.0707,148.5906,900
2009-10,ASN00084044,-37.0071,148.2666,1170
2009-10,ASN00084045,-37.8526,148.0638,708
2009-10,ASN00084003,-37.7073,147.8314,788
2009-10,ASN00084084,-37.5976,149.7289,1196
2009-10,ASN00084096,-37.5455,148.1357,996
2009-10,ASN00084100,-37.8333,147.6206,178
2009-10,ASN00084107,-37.0826,148.2791,984
2009-10,ASN00084109,-37.5006,148.2717,1000
2009-10,ASN00084118,-37.49,147.1658,1038
2009-10,ASN00084122,-37.4772,149.6386,1196
2009-10,ASN00084128,-37.3564,149.2058,1324
2009-10,ASN00084134,-37.3397,148.712,1528
2009-10,ASN00084140,-37.7962,147.7559,796
2009-10,ASN00084093,-37.7132,148.3954,1054
2009-10,ASN00084142,-37.22,148.2625,1202
2009-10,ASN00084002,-37.1712,148.7228,1320
2009-10,ASN00083090,-37.1017,147.6008,1272
2009-10,ASN00082167,-36.5344,146.2181,378
2009-10,ASN00082169,-36.1828,147.8938,472
2009-10,ASN00083000,-36.9064,146.2389,834
2009-10,ASN00083003,-36.9456,147.7407,970
2009-10,ASN00083010,-36.6344,146.8628,824
2009-10,ASN00083019,-37.0525,146.0872,382
2009-10,ASN00083024,-37.145,146.4394,1412
2009-10,ASN00083032,-36.8473,146.3225,196
2009-10,ASN00083033,-37.5696,146.2541,1004
2009-10,ASN00083091,-37.3016,146.1489,72
2009-10,ASN00083035,-36.9257,147.423,1086
2009-10,ASN00083043,-36.8756,147.2886,1244
2009-10,ASN00083057,-36.6074,146.7888,766
2009-10,ASN00083058,-36.8547,146.8581,454
2009-10,ASN00083064,-36.941,147.7779,930
2009-10,ASN00083067,-36.7313,146.9614,1079
2009-10,ASN00083079,-36.7132,146.6717,1062
2009-10,ASN00083083,-36.7396,146.4671,636
2009-10,ASN00083084,-36.8708,147.2755,980
2009-10,ASN00083085,-36.9767,147.1342,1224
2009-10,ASN00083038,-36.6566,147.1283,764
2009-10,ASN00084143,-37.3417,149.0228,1512
2009-10,ASN00084144,-37.6924,148.0908,1192
2009-10,ASN00084145,-37.6922,148.4667,1088
2009-10,ASN00085166,-37.9582,147.0843,476
2009-10,ASN00085167,-38.0229,147.3511,721
2009-10,ASN00085168,-37.8345,147.0819,506
2009-10,ASN00085179,-38.1033,145.9718,882
2009-10,ASN00085195,-38.0654,146.1689,752
2009-10,ASN00085200,-38.4323,145.7919,1270
2009-10,ASN00085227,-38.5215,146.2041,974
2009-10,ASN00085238,-37.9532,146.3898,918
2009-10,ASN00085270,-37.7647,147.3744,990
2009-10,ASN00085163,-38.7915,146.1799,768
2009-10,ASN00085276,-37.8039,146.8842,904
2009-10,ASN00085279,-37.8817,147.5669,848
2009-10,ASN00085280,-38.2094,146.4747,750
2009-10,ASN00085281,-38.3245,146.5301,680
2009-10,ASN00085288,-37.4667,146.6883,726
2009-10,ASN00085289,-37.8514,146.555,0
2009-10,ASN00085291,-37.8383,146.2747,1718
2009-10,ASN00085292,-37.8897,145.9958,1070
2009-10,ASN00085293,-38.8957,145.9355,916
2009-10,ASN00085296,-37.7481,147.1428,772
2009-10,ASN00085277,-37.9039,145.9719,1010
2009-10,ASN00085160,-38.4191,146.9656,448
2009-10,ASN00085137,-38.7205,145.9011,794
2009-10,ASN00085096,-39.1297,146.4244,898
2009-10,ASN00084147,-37.8164,147.5714,106
2009-10,ASN00084148,-37.8385,147.8312,731
2009-10,ASN00085007,-38.4307,146.5398,1094
2009-10,ASN00085009,-38.1951,146.5293,680
2009-10,ASN00085021,-37.7,146.5167,762
2009-10,ASN00085023,-38.1383,145.86,686
2009-10,ASN00085028,-38.72,146.0633,1012
2009-10,ASN00085029,-38.652,146.1997,870
2009-10,ASN00085030,-38.4455,146.2699,958
2009-10,ASN00085033,-38.4228,147.0864,254
2009-10,ASN00085034,-37.9085,146.8046,278
2009-10,ASN00085040,-38.6911,146.1486,968
2009-10,ASN00085042,-38.022,145.8884,988
2009-10,ASN00085045,-38.435,145.8178,1242
2009-10,ASN00085049,-38.4842,145.9329,916
2009-10,ASN00085053,-38.506,146.5187,838
2009-10,ASN00085058,-37.5277,146.5458,744
2009-10,ASN00085063,-38.6079,146.3185,842
2009-10,ASN00085072,-38.1156,147.1322,438
2009-10,ASN00085073,-38.3183,147.1752,468
2009-10,ASN00085085,-38.2181,146.1658,954
2009-10,ASN00082166,-36.4186,146.5572,420
2009-10,ASN00079100,-36.6697,142.1731,212
2009-10,ASN00082165,-36.9502,146.0095,546
2009-10,ASN00082162,-36.5775,146.8203,662
2009-10,ASN00081007,-36.4565,145.6569,238
2009-10,ASN00081008,-36.5421,144.7751,292
2009-10,ASN00081016,-36.4963,144.6096,297
2009-10,ASN00081019,-36.718,145.1731,98
2009-10,ASN00081020,-36.5753,143.8695,216
2009-10,ASN00081033,-36.6436,145.4197,256
2009-10,ASN00081034,-36.3989,145.3448,176
2009-10,ASN00081035,-36.6146,145.2143,282
2009-10,ASN00081041,-36.534,144.208,172
2009-10,ASN00081000,-37.0887,143.4747,124
2009-10,ASN00081046,-36.4436,144.9828,312
2009-10,ASN00081063,-37.0833,143.4833,64
2009-10,ASN00081083,-36.8465,144.5273,224
2009-10,ASN00081085,-36.8589,143.7297,248
2009-10,ASN00081087,-36.2567,146.0433,296
2009-10,ASN00081090,-36.7446,143.6788,240
2009-10,ASN00081100,-36.7682,143.9866,186
2009-10,ASN00081115,-36.6284,144.8726,302
2009-10,ASN00081118,-36.8093,144.6203,194
2009-10,ASN00081120,-36.5886,145.0198,272
2009-10,ASN00081049,-36.4378,145.2672,120
2009-10,ASN00081123,-36.7395,144.3266,334
2009-10,ASN00080128,-36.2847,143.3341,222
2009-10,ASN00080125,-35.8876,145.3879,250
2009-10,ASN00079105,-37.068,142.7412,198
2009-10,ASN00079107,-36.8132,141.2599,248
2009-10,ASN00080002,-36.116,143.7229,96
2009-10,ASN00080004,-35.9741,143.8525,80
2009-10,ASN00080014,-36.1348,143.9186,480
2009-10,ASN00080015,-36.1647,144.7642,206
2009-10,ASN00080017,-36.0407,143.9403,266
2009-10,ASN00080020,-35.9661,144.3712,146
2009-10,ASN00080023,-35.7236,143.9197,174
2009-10,ASN00080126,-35.7175,143.9111,189
2009-10,ASN00080024,-35.8674,143.8007,196
2009-10,ASN00080036,-35.9681,144.1073,226
2009-10,ASN00080044,-35.9977,144.4244,80
2009-10,ASN00080049,-36.3613,144.7108,252
2009-10,ASN00080056,-36.2497,144.9531,220
2009-10,ASN00080067,-36.2717,143.3453,232
2009-10,ASN00080091,-36.335,145.0638,184
2009-10,ASN00080101,-36.0918,145.4531,166
2009-10,ASN00080103,-36.3794,144.2299,330
2009-10,ASN00080109,-35.9119,145.6447,92
2009-10,ASN00080027,-36.3203,143.735,426
2009-10,ASN00081124,-36.0294,146.0306,184
2009-10,ASN00081125,-36.4289,145.3947,206
2009-10,ASN00081127,-36.8867,143.5022,14
2009-10,ASN00082109,-36.6133,146.1131,464
2009-10,ASN00082112,-36.6533,146.8567,848
2009-10,ASN00082116,-36.6083,146.3583,468
2009-10,ASN00082128,-36.5131,146.4483,336
2009-10,ASN00082134,-36.6936,145.8785,434
2009-10,ASN00082138,-36.4206,146.3056,320
2009-10,ASN00082139,-36.2136,147.5394,582
2009-10,ASN00082142,-36.9461,146.2197,690
2009-10,ASN00082144,-36.8167,145.64,334
2009-10,ASN00082105,-36.8314,146.3982,818
2009-10,ASN00082145,-36.8753,145.5783,350
2009-10,ASN00082147,-36.9217,145.6769,462
2009-10,ASN00082148,-36.8278,145.8494,32
2009-10,ASN00082149,-36.7858,145.5683,450
2009-10,ASN00082151,-36.8628,145.7333,574
2009-10,ASN00082153,-36.8206,145.705,434
2009-10,ASN00082154,-36.8892,145.6814,802
2009-10,ASN00082155,-36.8211,146.1278,896
2009-10,ASN00082156,-36.7903,146.28,746
2009-10,ASN00082158,-36.7478,146.5362,750
2009-10,ASN00082146,-36.9322,145.5842,510
2009-10,ASN00082103,-36.0243,147.5475,584
2009-10,ASN00082096,-36.9005,145.5228,532
2009-10,ASN00082090,-36.4793,147.0297,1205
2009-10,ASN00082001,-36.3702,146.7132,456
2009-10,ASN00082009,-36.6085,146.5371,638
2009-10,ASN00082010,-36.1491,146.6106,279
2009-10,ASN00082015,-36.3084,146.5229,366
2009-10,ASN00082016,-36.7545,145.5727,296
2009-10,ASN00082018,-36.7691,147.6956,1194
2009-10,ASN00082021,-36.0964,146.6008,312
2009-10,ASN00082029,-36.456,146.4299,318
2009-10,ASN00082033,-36.6975,146.2852,652
2009-10,ASN00082039,-36.1047,146.5094,556
2009-10,ASN00082041,-36.1859,146.4694,260
2009-10,ASN00082042,-36.8472,145.7308,546
2009-10,ASN00082043,-36.7872,145.8225,198
2009-10,ASN00082049,-36.6425,145.7234,372
2009-10,ASN00082052,-35.9645,147.7374,490
2009-10,ASN00082057,-36.3025,146.7299,534
2009-10,ASN00082058,-36.3111,146.8381,532
2009-10,ASN00082068,-36.5293,147.3749,664
2009-10,ASN00082076,-36.5353,147.4984,910
2009-10,ASN00082083,-36.804,145.418,350
2009-10,ASN00082084,-36.7136,145.7603,444
2009-10,ASN00082163,-36.6364,146.5547,692
2009-10,ASN00041053,-27.3675,151.5897,166
2009-10,ASN00082143,-36.7861,145.6581,294
2009-10,ASN00041050,-26.7797,151.1111,72
2009-10,ASN00014853,-15.97,129.0407,206
2009-10,ASN00014856,-18.3902,129.4299,0
2009-10,ASN00014857,-19.2798,129.9422,0
2009-10,ASN00014864,-16.3541,131.5147,0
2009-10,ASN00014866,-17.6129,130.0713,0
2009-10,ASN00014901,-13.8345,131.1872,4
2009-10,ASN00014909,-13.3275,133.0861,0
2009-10,ASN00014932,-14.5229,132.3826,12
2009-10,ASN00014947,-14.0106,132.2084,42
2009-10,ASN00014847,-16.1176,130.9558,0
2009-10,ASN00014948,-14.2495,129.5282,238
2009-10,ASN00014950,-14.1243,132.6378,0
2009-10,ASN00014954,-14.9408,130.8092,74
2009-10,ASN00014955,-14.3202,132.4226,56
2009-10,ASN00014956,-13.9487,131.3191,30
2009-10,ASN00014962,-14.254,132.7357,20
2009-10,ASN00014965,-14.1882,132.3961,24
2009-10,ASN00014966,-14.3148,132.4248,36
2009-10,ASN00014967,-14.3055,132.0772,620
2009-10,ASN00015085,-18.637,135.945,138
2009-10,ASN00014949,-15.7442,131.9182,0
2009-10,ASN00015088,-19.0579,136.7066,0
2009-10,ASN00014840,-17.3871,131.1166,0
2009-10,ASN00014825,-16.403,131.0145,126
2009-10,ASN00014517,-11.9971,135.5726,2
2009-10,ASN00014518,-13.9747,136.4631,168
2009-10,ASN00014612,-15.5748,133.2138,0
2009-10,ASN00014621,-15.8087,134.1477,0
2009-10,ASN00014626,-16.2636,133.3782,4
2009-10,ASN00014627,-13.6714,134.3414,2
2009-10,ASN00014647,-15.2712,132.9127,0
2009-10,ASN00014648,-14.134,133.1094,0
2009-10,ASN00014651,-13.8269,133.3277,0
2009-10,ASN00014829,-18.3325,130.6358,58
2009-10,ASN00014652,-14.5264,132.8006,6
2009-10,ASN00041052,-26.6928,151.0964,46
2009-10,ASN00014703,-15.7426,136.8192,8
2009-10,ASN00014704,-16.4423,136.076,0
2009-10,ASN00014723,-16.0757,136.3041,0
2009-10,ASN00014729,-15.6293,136.3881,0
2009-10,ASN00014730,-14.1055,133.3422,8
2009-10,ASN00014816,-15.7372,131.5345,0
2009-10,ASN00014821,-16.4583,129.0058,140
2009-10,ASN00014824,-16.1196,130.4282,5
2009-10,ASN00014654,-14.3295,133.1176,10
2009-10,ASN00015123,-18.8689,134.4991,0
2009-10,ASN00015131,-17.5521,133.5407,58
2009-10,ASN00015135,-19.6423,134.1833,26
2009-10,ASN00016006,-29.9434,134.1506,258
2009-10,ASN00016021,-31.2609,135.2374,240
2009-10,ASN00016028,-30.0047,136.0445,100
2009-10,ASN00016030,-30.1809,135.6629,90
2009-10,ASN00016031,-30.2406,133.9885,340
2009-10,ASN00016032,-32.5226,136.4926,192
2009-10,ASN00016034,-32.1572,135.0722,176
2009-10,ASN00016035,-30.4027,136.392,82
2009-10,ASN00016055,-32.3792,135.5247,170
2009-10,ASN00016005,-32.3997,137.225,316
2009-10,ASN00016056,-32.1232,137.1505,252
2009-10,ASN00016067,-32.4398,136.0671,164
2009-10,ASN00016086,-31.7646,135.6494,275
2009-10,ASN00016090,-29.0347,134.7222,190
2009-10,ASN00016095,-26.2085,133.8545,24
2009-10,ASN00016096,-30.4829,136.8772,26
2009-10,ASN00016097,-26.2635,132.1771,156
2009-10,ASN00016098,-30.7051,134.5786,266
2009-10,ASN00017014,-31.0939,138.6786,86
2009-10,ASN00017024,-30.066,138.2739,46
2009-10,ASN00016065,-30.449,137.1692,18
2009-10,ASN00016001,-31.1558,136.8054,124
2009-10,ASN00015673,-23.5312,134.3743,0
2009-10,ASN00015667,-23.6338,132.7311,0
2009-10,ASN00015139,-19.933,134.3548,12
2009-10,ASN00015501,-23.1273,133.836,0
2009-10,ASN00015511,-25.3139,131.7571,45
2009-10,ASN00015521,-23.2837,134.4229,0
2009-10,ASN00015548,-20.1883,130.0161,0
2009-10,ASN00015585,-21.7498,135.2382,132
2009-10,ASN00015590,-23.7951,133.889,0
2009-10,ASN00015594,-23.4564,134.6849,0
2009-10,ASN00015602,-22.9494,136.1442,0
2009-10,ASN00015607,-22.1305,132.0812,0
2009-10,ASN00015611,-22.7228,131.1685,48
2009-10,ASN00015617,-24.1313,134.3737,0
2009-10,ASN00015618,-22.2747,137.9733,0
2009-10,ASN00015626,-22.3961,134.2335,56
2009-10,ASN00015635,-25.1896,130.9737,34
2009-10,ASN00015643,-22.4518,133.6377,6
2009-10,ASN00015652,-24.2914,131.5488,272
2009-10,ASN00015660,-25.3602,131.0196,74
2009-10,ASN00015661,-22.2109,134.1182,0
2009-10,ASN00015664,-23.27,129.38,0
2009-10,ASN00015666,-20.1824,130.0148,0
2009-10,ASN00014515,-12.5013,135.8001,0
2009-10,ASN00017028,-27.724,140.7633,0
2009-10,ASN00014508,-12.2741,136.8203,0
2009-10,ASN00014404,-12.0931,134.8919,10
2009-10,ASN00012038,-30.7847,121.4533,50
2009-10,ASN00012043,-29.3361,121.4944,36
2009-10,ASN00012044,-33.5547,120.6997,114
2009-10,ASN00012045,-28.6306,122.4072,108
2009-10,ASN00012064,-31.3356,118.98,102
2009-10,ASN00012071,-32.9869,121.6239,26
2009-10,ASN00012072,-27.9875,119.2961,71
2009-10,ASN00012077,-32.8606,121.7081,46
2009-10,ASN00012079,-31.0381,119.3064,40
2009-10,ASN00012029,-32.0339,122.8017,68
2009-10,ASN00012083,-31.3011,118.6922,108
2009-10,ASN00012107,-33.4225,121.9894,78
2009-10,ASN00012117,-31.2186,121.6181,3
2009-10,ASN00012141,-30.0242,119.28,35
2009-10,ASN00012152,-31.2617,120.0219,46
2009-10,ASN00012223,-33.2242,121.3544,46
2009-10,ASN00012239,-28.4967,119.7436,34
2009-10,ASN00012297,-33.4853,122.5867,76
2009-10,ASN00012305,-28.6133,122.4236,114
2009-10,ASN00012306,-33.5239,122.9469,96
2009-10,ASN00012092,-28.5606,119.0161,84
2009-10,ASN00012308,-33.3356,122.0697,34
2009-10,ASN00012025,-27.9331,120.0575,85
2009-10,ASN00012009,-32.2147,121.7547,46
2009-10,ASN00010866,-33.9317,117.3258,42
2009-10,ASN00010869,-33.5942,120.1833,173
2009-10,ASN00010872,-33.1722,118.2475,112
2009-10,ASN00010878,-33.5381,119.6564,242
2009-10,ASN00010889,-32.885,118.6347,102
2009-10,ASN00010893,-34.3078,117.4347,0
2009-10,ASN00010897,-34.2206,118.5042,176
2009-10,ASN00010904,-32.1717,118.6136,150
2009-10,ASN00010905,-33.8878,119.1092,232
2009-10,ASN00012011,-30.9869,119.1142,52
2009-10,ASN00010908,-32.0294,116.8742,160
2009-10,ASN00010912,-32.5878,117.6408,0
2009-10,ASN00010916,-33.6856,117.6064,92
2009-10,ASN00010917,-32.6722,116.6706,100
2009-10,ASN00011003,-31.6797,128.8792,88
2009-10,ASN00011008,-31.8433,127.8572,88
2009-10,ASN00011017,-32.4569,123.8653,181
2009-10,ASN00011019,-32.2464,126.3008,74
2009-10,ASN00011022,-31.7117,128.8867,74
2009-10,ASN00011052,-30.8453,128.1092,74
2009-10,ASN00010911,-33.1006,118.4647,174
2009-10,ASN00012314,-27.8386,120.7031,96
2009-10,ASN00012320,-31.2353,119.3564,58
2009-10,ASN00013006,-26.4006,120.9539,26
2009-10,ASN00014183,-12.8324,130.9713,120
2009-10,ASN00014198,-12.6594,132.8939,0
2009-10,ASN00014204,-13.7578,131.574,6
2009-10,ASN00014219,-12.5491,131.0794,304
2009-10,ASN00014222,-12.6374,131.0763,215
2009-10,ASN00014226,-12.5764,131.0829,414
2009-10,ASN00014227,-12.3887,130.9248,604
2009-10,ASN00014238,-12.4346,130.7491,596
2009-10,ASN00014246,-12.3784,130.9057,482
2009-10,ASN00014163,-12.4396,130.8376,363
2009-10,ASN00014253,-13.1672,130.1225,186
2009-10,ASN00014264,-12.7121,130.9889,202
2009-10,ASN00014265,-12.4126,130.9202,146
2009-10,ASN00014266,-12.4121,130.9669,65
2009-10,ASN00014272,-13.0545,131.0252,288
2009-10,ASN00014274,-11.0468,132.9791,64
2009-10,ASN00014275,-12.7164,131.8206,1113
2009-10,ASN00014277,-12.635,130.3725,314
2009-10,ASN00014285,-12.3551,130.8857,90
2009-10,ASN00014401,-11.6502,133.3796,0
2009-10,ASN00014260,-12.4819,130.8978,375
2009-10,ASN00014153,-11.1538,132.143,2
2009-10,ASN00014149,-12.4558,131.0505,147
2009-10,ASN00014144,-12.3962,130.8785,300
2009-10,ASN00013011,-26.1317,126.5839,86
2009-10,ASN00013015,-25.7964,122.9753,40
2009-10,ASN00013017,-25.0341,128.301,18
2009-10,ASN00013018,-26.1208,121.9403,0
2009-10,ASN00013024,-26.5172,122.8078,52
2009-10,ASN00013030,-21.7125,122.2281,0
2009-10,ASN00013032,-25.6361,121.3533,0
2009-10,ASN00013035,-27.0336,122.4439,168
2009-10,ASN00014013,-12.81,130.4576,154
2009-10,ASN00014015,-12.4239,130.8925,334
2009-10,ASN00014021,-13.1137,130.7981,550
2009-10,ASN00014040,-12.4227,130.8844,354
2009-10,ASN00014041,-12.605,131.2988,26
2009-10,ASN00014055,-13.481,131.1173,108
2009-10,ASN00014059,-14.0829,131.8099,88
2009-10,ASN00014062,-14.1435,132.1925,54
2009-10,ASN00014092,-13.2373,131.1042,640
2009-10,ASN00014112,-12.3786,130.8469,140
2009-10,ASN00014116,-12.4429,130.9325,260
2009-10,ASN00014142,-11.4022,130.4217,822
2009-10,ASN00014143,-12.8003,131.0507,138
2009-10,ASN00014405,-12.0569,134.2339,0
2009-10,ASN00010831,-33.4836,117.61,100
2009-10,ASN00017032,-30.9904,138.5787,56
2009-10,ASN00017041,-30.9372,138.8919,142
2009-10,ASN00021007,-33.6947,138.4057,372
2009-10,ASN00021010,-33.7459,138.5628,648
2009-10,ASN00021012,-33.8682,138.01,276
2009-10,ASN00021013,-33.1851,138.4968,552
2009-10,ASN00021015,-33.7045,138.2927,328
2009-10,ASN00021016,-33.353,138.2057,370
2009-10,ASN00021019,-33.8315,138.7917,614
2009-10,ASN00021020,-33.359,138.393,544
2009-10,ASN00021021,-33.2705,138.357,494
2009-10,ASN00021004,-33.5643,138.7595,572
2009-10,ASN00021022,-33.4669,138.4424,60
2009-10,ASN00021025,-33.8347,138.6532,628
2009-10,ASN00021027,-33.2036,138.6059,688
2009-10,ASN00021029,-33.5867,138.3343,404
2009-10,ASN00021031,-33.1851,138.3001,604
2009-10,ASN00021033,-33.9136,138.7195,584
2009-10,ASN00021034,-33.5592,138.903,578
2009-10,ASN00021042,-33.6029,137.9348,278
2009-10,ASN00021044,-34.1848,138.1478,202
2009-10,ASN00021045,-33.5407,138.2244,366
2009-10,ASN00021024,-33.4595,138.7475,648
2009-10,ASN00021055,-33.2296,138.8844,463
2009-10,ASN00021003,-33.845,138.4901,294
2009-10,ASN00021001,-34.026,138.6846,426
2009-10,ASN00019111,-31.4763,139.1134,72
2009-10,ASN00019112,-33.023,138.0698,392
2009-10,ASN00019113,-31.448,138.4531,120
2009-10,ASN00019115,-33.0188,138.6153,788
2009-10,ASN00020000,-32.0498,140.162,61
2009-10,ASN00020001,-31.9695,140.5436,34
2009-10,ASN00020002,-32.076,140.9969,10
2009-10,ASN00020004,-31.6516,139.5491,50
2009-10,ASN00020010,-32.0646,139.382,76
2009-10,ASN00021002,-34.1424,138.4225,194
2009-10,ASN00020013,-32.4292,139.9887,48
2009-10,ASN00020020,-32.6416,139.6496,172
2009-10,ASN00020022,-33.2458,140.0345,196
2009-10,ASN00020025,-33.5009,139.5154,166
2009-10,ASN00020028,-33.7622,140.1251,115
2009-10,ASN00020049,-31.6382,140.513,56
2009-10,ASN00020053,-32.1698,140.7959,26
2009-10,ASN00020055,-31.7484,140.3426,56
2009-10,ASN00020059,-31.6619,140.6289,40
2009-10,ASN00020062,-32.5707,139.5645,190
2009-10,ASN00020017,-32.4467,140.9233,40
2009-10,ASN00021057,-33.5707,138.4503,458
2009-10,ASN00021060,-33.2025,138.6024,623
2009-10,ASN00021062,-33.3041,138.7553,812
2009-10,ASN00022022,-34.1447,138.0146,190
2009-10,ASN00022023,-35.0203,137.6064,106
2009-10,ASN00022031,-34.748,137.5276,124
2009-10,ASN00022033,-34.4724,137.885,306
2009-10,ASN00022044,-34.239,137.9883,167
2009-10,ASN00022046,-35.1121,137.7395,186
2009-10,ASN00022049,-35.2795,136.9392,288
2009-10,ASN00022050,-33.9703,137.6628,230
2009-10,ASN00022054,-34.5552,137.8581,294
2009-10,ASN00022020,-33.9323,137.6282,207
2009-10,ASN00022055,-34.6492,137.7272,172
2009-10,ASN00022803,-35.8426,138.1327,306
2009-10,ASN00022811,-35.5989,137.4386,290
2009-10,ASN00022815,-35.7255,137.2591,344
2009-10,ASN00022823,-35.7549,136.5959,244
2009-10,ASN00022835,-35.734,137.1212,366
2009-10,ASN00022836,-35.8096,137.792,274
2009-10,ASN00022839,-35.9609,137.091,330
2009-10,ASN00022841,-35.7114,137.5231,168
2009-10,ASN00023005,-34.9464,138.6519,366
2009-10,ASN00022056,-34.402,137.7185,252
2009-10,ASN00022018,-34.9906,137.3995,172
2009-10,ASN00022017,-34.9122,137.7977,236
2009-10,ASN00022015,-34.2971,138.0014,85
2009-10,ASN00021063,-34.1564,138.1827,160
2009-10,ASN00021072,-33.3265,138.3172,508
2009-10,ASN00021075,-33.7464,138.6058,720
2009-10,ASN00021076,-33.9309,138.814,396
2009-10,ASN00021077,-33.6781,138.9371,548
2009-10,ASN00021102,-33.35,138.102,334
2009-10,ASN00021104,-33.9943,138.4539,230
2009-10,ASN00021106,-33.953,138.3903,242
2009-10,ASN00021110,-33.7876,137.7068,186
2009-10,ASN00021120,-33.2549,138.7867,810
2009-10,ASN00021127,-33.8828,138.6389,538
2009-10,ASN00021130,-34.1002,138.631,276
2009-10,ASN00021131,-33.8226,138.5933,324
2009-10,ASN00021133,-33.7676,138.2182,380
2009-10,ASN00022003,-34.6981,137.7116,160
2009-10,ASN00022008,-34.3745,137.6733,316
2009-10,ASN00022009,-34.7708,137.5952,160
2009-10,ASN00022011,-34.0672,137.5925,174
2009-10,ASN00022012,-34.0402,137.9004,206
2009-10,ASN00022013,-34.4951,137.4836,112
2009-10,ASN00022014,-34.7785,137.8579,160
2009-10,ASN00019106,-32.627,139.1923,122
2009-10,ASN00017037,-29.239,137.9058,0
2009-10,ASN00019078,-32.5172,137.8425,379
2009-10,ASN00019062,-33.0287,138.7489,640
2009-10,ASN00018047,-32.0723,133.9401,53
2009-10,ASN00018060,-31.7782,132.2038,22
2009-10,ASN00018063,-31.932,133.0056,14
2009-10,ASN00018069,-33.6501,134.888,202
2009-10,ASN00018077,-32.3752,133.9353,111
2009-10,ASN00018079,-32.7963,134.2116,221
2009-10,ASN00018083,-33.043,135.4519,82
2009-10,ASN00018086,-34.3756,136.1026,136
2009-10,ASN00018091,-34.2617,136.2092,66
2009-10,ASN00018046,-33.5679,135.7571,224
2009-10,ASN00018094,-32.4035,134.5323,150
2009-10,ASN00018098,-32.9475,135.2754,76
2009-10,ASN00018106,-31.4492,130.8976,50
2009-10,ASN00018107,-34.5911,135.7572,376
2009-10,ASN00018110,-30.6143,130.4136,20
2009-10,ASN00018113,-33.965,136.2472,90
2009-10,ASN00018114,-30.1591,131.579,208
2009-10,ASN00018115,-35.3365,136.1174,176
2009-10,ASN00018116,-33.7081,136.5026,128
2009-10,ASN00018120,-33.0539,137.5205,266
2009-10,ASN00018096,-33.6824,136.6831,116
2009-10,ASN00018144,-34.5424,135.6997,288
2009-10,ASN00018044,-33.1332,135.5552,124
2009-10,ASN00018040,-33.1414,136.4125,232
2009-10,ASN00017043,-27.5553,135.4456,8
2009-10,ASN00017054,-31.1278,138.9618,60
2009-10,ASN00017089,-27.7205,138.2548,0
2009-10,ASN00017098,-31.1881,138.2785,74
2009-10,ASN00017099,-30.311,139.3357,25
2009-10,ASN00017110,-30.5963,138.4219,32
2009-10,ASN00017115,-29.1266,140.9018,0
2009-10,ASN00017119,-30.8406,138.3224,68
2009-10,ASN00017123,-28.0997,140.1956,0
2009-10,ASN00018043,-34.4139,135.8224,75
2009-10,ASN00017126,-29.6587,138.0684,16
2009-10,ASN00017131,-29.9062,139.7345,16
2009-10,ASN00018001,-33.9118,136.5697,42
2009-10,ASN00018012,-32.1297,133.6976,38
2009-10,ASN00018014,-33.7011,136.4937,172
2009-10,ASN00018019,-34.3853,135.4697,160
2009-10,ASN00018022,-33.6772,136.9116,68
2009-10,ASN00018023,-34.2644,135.7266,100
2009-10,ASN00018024,-33.4678,136.2113,184
2009-10,ASN00018034,-32.7324,137.1505,261
2009-10,ASN00017130,-29.7138,137.9017,14
2009-10,ASN00018164,-33.6993,135.9238,160
2009-10,ASN00018165,-33.5733,135.602,169
2009-10,ASN00018166,-32.2811,134.4714,88
2009-10,ASN00019008,-32.4618,138.2004,270
2009-10,ASN00019009,-32.4244,138.5304,250
2009-10,ASN00019010,-32.0695,138.4948,246
2009-10,ASN00019013,-32.5373,138.5626,330
2009-10,ASN00019017,-31.8846,138.435,158
2009-10,ASN00019024,-32.8294,138.1907,608
2009-10,ASN00019031,-32.8776,139.0578,244
2009-10,ASN00019032,-32.7335,138.6135,472
2009-10,ASN00019034,-32.9737,138.8375,482
2009-10,ASN00019006,-32.881,138.3519,498
2009-10,ASN00019037,-33.0216,138.0002,346
2009-10,ASN00019042,-32.8454,138.2116,478
2009-10,ASN00019043,-32.9495,138.5174,556
2009-10,ASN00019046,-31.775,138.6529,148
2009-10,ASN00019047,-32.6923,138.3247,398
2009-10,ASN00019048,-32.6521,138.1003,402
2009-10,ASN00019052,-33.0338,138.2686,574
2009-10,ASN00019053,-33.0856,138.2211,657
2009-10,ASN00019057,-32.552,138.8688,211
2009-10,ASN00019061,-32.0545,138.6427,183
2009-10,ASN00019038,-32.3538,138.0371,330
2009-10,ASN00019005,-32.8247,138.6907,380
2009-10,ASN00019002,-32.2507,137.9776,264
2009-10,ASN00019001,-33.0524,138.4277,662
2009-10,ASN00018171,-34.1361,135.3319,134
2009-10,ASN00018172,-32.921,135.9996,103
2009-10,ASN00018174,-33.7234,136.1511,156
2009-10,ASN00018176,-33.3416,136.7518,216
2009-10,ASN00018182,-31.9661,133.3316,42
2009-10,ASN00018184,-33.6125,136.3722,363
2009-10,ASN00018186,-32.5534,136.7123,252
2009-10,ASN00018188,-34.6252,135.4725,197
2009-10,ASN00018189,-33.7516,135.1863,126
2009-10,ASN00018190,-32.9004,136.1858,156
2009-10,ASN00018192,-34.5993,135.8784,236
2009-10,ASN00018193,-33.0267,136.3171,192
2009-10,ASN00018195,-32.8427,135.1515,66
2009-10,ASN00018198,-33.4138,136.5989,212
2009-10,ASN00018201,-32.5091,137.7144,272
2009-10,ASN00018203,-34.344,136.0471,159
2009-10,ASN00018204,-33.5879,134.8859,124
2009-10,ASN00018205,-34.7405,135.845,324
2009-10,ASN00018209,-33.8189,135.4857,176
2009-10,ASN00018213,-33.7412,135.0804,140
2009-10,ASN00018214,-32.9232,136.4778,234
2009-10,ASN00019070,-31.5286,138.6093,297
2009-10,ASN00023011,-34.9167,138.5956,198
2009-10,ASN00010799,-32.6339,118.0103,146
2009-10,ASN00010729,-34.3439,118.6306,134
2009-10,ASN00008113,-27.8325,114.7364,123
2009-10,ASN00008121,-29.5339,115.7628,112
2009-10,ASN00008137,-30.8917,116.7186,246
2009-10,ASN00008143,-29.2872,115.6331,90
2009-10,ASN00008157,-28.8978,115.8628,42
2009-10,ASN00008200,-28.6936,115.0408,126
2009-10,ASN00008202,-30.6219,116.3794,170
2009-10,ASN00008237,-28.6857,115.2806,122
2009-10,ASN00008240,-28.8939,115.4539,82
2009-10,ASN00008107,-29.4417,116.2875,35
2009-10,ASN00008251,-27.7119,114.165,84
2009-10,ASN00008271,-28.8114,115.9675,30
2009-10,ASN00008283,-30.1453,116.3844,118
2009-10,ASN00008285,-28.3181,114.7614,100
2009-10,ASN00008286,-28.275,114.6761,158
2009-10,ASN00008290,-28.3008,113.5936,0
2009-10,ASN00008294,-28.2094,115.285,70
2009-10,ASN00008296,-29.2039,116.0247,60
2009-10,ASN00008297,-30.2761,116.6714,94
2009-10,ASN00008298,-28.7597,114.937,164
2009-10,ASN00008254,-30.7092,116.7744,210
2009-10,ASN00008299,-29.1103,115.3173,158
2009-10,ASN00008100,-28.3456,114.6367,142
2009-10,ASN00008077,-29.6006,115.9392,92
2009-10,ASN00007197,-28.2817,118.3111,24
2009-10,ASN00007600,-28.1156,117.8425,18
2009-10,ASN00008002,-30.5967,116.7714,150
2009-10,ASN00008005,-30.7294,116.02,236
2009-10,ASN00008008,-30.5831,116.135,204
2009-10,ASN00008013,-29.3303,116.1433,58
2009-10,ASN00008014,-30.2192,116.7783,116
2009-10,ASN00008016,-30.445,117.0406,130
2009-10,ASN00008022,-30.2911,116.3306,160
2009-10,ASN00008095,-28.5367,115.5142,36
2009-10,ASN00008025,-29.6889,115.8869,108
2009-10,ASN00008037,-29.8819,116.0233,110
2009-10,ASN00008050,-28.7769,114.605,10
2009-10,ASN00008051,-28.7953,114.6975,104
2009-10,ASN00008052,-28.17,114.7614,164
2009-10,ASN00008057,-29.5486,115.0689,118
2009-10,ASN00008060,-29.0364,115.5536,74
2009-10,ASN00008064,-30.6719,116.3078,198
2009-10,ASN00008066,-30.7008,117.0608,154
2009-10,ASN00008072,-29.7586,116.4444,52
2009-10,ASN00008028,-28.5008,114.7897,70
2009-10,ASN00008300,-29.0692,115.0915,236
2009-10,ASN00008304,-28.9571,114.9492,158
2009-10,ASN00008305,-29.2778,114.9464,108
2009-10,ASN00009168,-32.1189,116.1206,174
2009-10,ASN00009172,-32.1011,115.8794,78
2009-10,ASN00009178,-31.4628,115.8642,98
2009-10,ASN00009193,-32.0069,115.5022,136
2009-10,ASN00009199,-29.9486,114.9781,105
2009-10,ASN00009207,-32.0208,116.1167,124
2009-10,ASN00009215,-31.9558,115.7619,178
2009-10,ASN00009225,-31.9192,115.8728,68
2009-10,ASN00009240,-32.0056,116.1364,130
2009-10,ASN00009151,-31.9556,115.7928,111
2009-10,ASN00009242,-32.3956,115.9744,84
2009-10,ASN00009252,-31.7683,116.2475,182
2009-10,ASN00009256,-32.2433,115.6839,90
2009-10,ASN00009257,-32.1569,115.9275,124
2009-10,ASN00009258,-32.2156,115.8758,130
2009-10,ASN00009260,-32.4697,116.2143,110
2009-10,ASN00009263,-31.8372,115.95,60
2009-10,ASN00009264,-31.7078,115.7242,50
2009-10,ASN00009500,-35.0289,117.8808,550
2009-10,ASN00009506,-34.4678,116.9169,238
2009-10,ASN00009248,-31.332,115.9513,200
2009-10,ASN00009131,-30.3081,115.0311,44
2009-10,ASN00009113,-32.1108,116.0953,142
2009-10,ASN00009112,-31.3928,116.0875,204
2009-10,ASN00008307,-28.89,115.4397,88
2009-10,ASN00008308,-28.8,115.76,34
2009-10,ASN00008309,-29.3,115.6597,96
2009-10,ASN00008310,-29.0291,115.5548,72
2009-10,ASN00009007,-31.8622,116.2658,118
2009-10,ASN00009009,-31.605,116.1114,156
2009-10,ASN00009014,-30.6969,115.5817,102
2009-10,ASN00009015,-32.0892,116.125,158
2009-10,ASN00009018,-31.3461,115.9031,68
2009-10,ASN00009021,-31.9275,115.9764,40
2009-10,ASN00009024,-31.5608,116.0842,140
2009-10,ASN00009030,-31.8972,116.1575,178
2009-10,ASN00009033,-30.9719,116.2089,229
2009-10,ASN00009037,-30.3381,115.5394,128
2009-10,ASN00009039,-32.3536,116.005,80
2009-10,ASN00009040,-31.1428,116.0539,198
2009-10,ASN00009053,-31.6669,116.0189,46
2009-10,ASN00009066,-31.7908,116.1975,150
2009-10,ASN00009105,-31.7317,115.7931,1
2009-10,ASN00009106,-32.0486,115.9839,97
2009-10,ASN00009111,-32.44,116.0744,137
2009-10,ASN00007185,-23.1725,117.7494,2
2009-10,ASN00009507,-32.6836,116.5194,74
2009-10,ASN00007180,-25.0386,120.0064,0
2009-10,ASN00007177,-23.6042,117.6892,0
2009-10,ASN00003001,-17.2767,122.5711,0
2009-10,ASN00003003,-17.9475,122.2353,6
2009-10,ASN00003009,-18.355,125.3033,108
2009-10,ASN00003019,-17.3306,124.8167,0
2009-10,ASN00003027,-18.1386,125.7764,330
2009-10,ASN00003028,-19.2536,121.4861,0
2009-10,ASN00003030,-18.6844,121.7803,0
2009-10,ASN00003032,-17.3706,123.6611,0
2009-10,ASN00003040,-17.9903,124.1922,0
2009-10,ASN00002069,-16.4433,127.7836,216
2009-10,ASN00003048,-18.9158,125.5264,166
2009-10,ASN00003057,-16.4514,123.0086,0
2009-10,ASN00003059,-19.0861,121.6764,0
2009-10,ASN00003066,-18.5175,121.8072,0
2009-10,ASN00003068,-18.5075,123.4561,0
2009-10,ASN00003073,-16.6872,123.8375,0
2009-10,ASN00003080,-17.5736,123.8217,0
2009-10,ASN00003084,-17.3436,123.6781,0
2009-10,ASN00003093,-18.1814,125.5619,190
2009-10,ASN00003098,-17.0549,125.7108,48
2009-10,ASN00003051,-16.7372,125.9086,26
2009-10,ASN00004006,-22.1828,119.935,134
2009-10,ASN00002067,-15.9816,128.9991,460
2009-10,ASN00002056,-15.7814,128.71,264
2009-10,ASN00001006,-15.51,128.1503,20
2009-10,ASN00001007,-13.7542,126.1485,4
2009-10,ASN00001010,-14.7883,126.4964,636
2009-10,ASN00001018,-16.4181,126.1025,104
2009-10,ASN00001019,-14.2964,126.6453,504
2009-10,ASN00001020,-14.09,126.3867,212
2009-10,ASN00001023,-16.0086,127.9806,118
2009-10,ASN00001025,-15.3797,126.3114,80
2009-10,ASN00001027,-15.6394,128.0803,430
2009-10,ASN00002064,-16.6381,128.4517,20
2009-10,ASN00001031,-13.96,127.1964,47
2009-10,ASN00002009,-16.4203,126.4411,150
2009-10,ASN00002012,-18.2292,127.6636,6
2009-10,ASN00002021,-18.3869,126.9892,74
2009-10,ASN00002022,-18.016,126.3033,28
2009-10,ASN00002026,-18.5958,127.6419,0
2009-10,ASN00002032,-17.0156,128.2175,19
2009-10,ASN00002043,-18.3368,126.1243,34
2009-10,ASN00002044,-16.1119,128.7414,352
2009-10,ASN00002049,-18.1947,127.8147,0
2009-10,ASN00001035,-15.5969,128.2781,80
2009-10,ASN00004019,-19.7419,120.8436,0
2009-10,ASN00004032,-20.3725,118.6317,0
2009-10,ASN00004038,-20.7483,118.8172,0
2009-10,ASN00006097,-26.1203,113.3975,154
2009-10,ASN00006099,-26.8936,115.9561,0
2009-10,ASN00006105,-25.8925,113.5772,212
2009-10,ASN00007014,-27.2528,117.6525,0
2009-10,ASN00007017,-27.4233,117.8994,0
2009-10,ASN00007019,-24.0019,119.5725,0
2009-10,ASN00007023,-25.6864,119.2258,30
2009-10,ASN00007030,-26.1142,117.5047,0
2009-10,ASN00007045,-26.6136,118.5372,34
2009-10,ASN00006072,-23.0314,115.0414,0
2009-10,ASN00007059,-24.2297,118.2408,8
2009-10,ASN00007068,-29.425,117.2906,16
2009-10,ASN00007078,-26.5597,118.5397,40
2009-10,ASN00007081,-28.8928,117.1333,32
2009-10,ASN00007083,-23.6239,118.6561,0
2009-10,ASN00007090,-28.8439,117.8317,0
2009-10,ASN00007101,-26.2822,118.6933,40
2009-10,ASN00007103,-25.48,119.6492,32
2009-10,ASN00007139,-29.2708,117.6836,42
2009-10,ASN00007176,-23.4169,119.7989,4
2009-10,ASN00007064,-27.3636,116.4261,0
2009-10,ASN00006044,-25.9261,113.5319,160
2009-10,ASN00006034,-25.3656,114.3594,14
2009-10,ASN00006022,-25.0544,115.21,2
2009-10,ASN00004039,-20.9469,117.3733,0
2009-10,ASN00004041,-20.8503,120.695,0
2009-10,ASN00004068,-19.7789,120.6417,0
2009-10,ASN00004083,-20.7097,116.7742,0
2009-10,ASN00004090,-20.7594,117.1583,0
2009-10,ASN00004106,-21.1756,119.7497,2
2009-10,ASN00005001,-21.8047,117.8056,0
2009-10,ASN00005006,-22.9119,116.2903,0
2009-10,ASN00005007,-22.2406,114.0967,0
2009-10,ASN00005008,-21.1906,115.9797,0
2009-10,ASN00005014,-21.7869,117.8647,0
2009-10,ASN00005017,-21.6689,115.1092,0
2009-10,ASN00005022,-21.975,116.0653,0
2009-10,ASN00005029,-21.6767,116.3928,0
2009-10,ASN00005061,-20.7278,116.7483,0
2009-10,ASN00005069,-21.6392,116.3308,0
2009-10,ASN00005084,-21.4606,115.0197,6
2009-10,ASN00005094,-20.875,115.4056,0
2009-10,ASN00005095,-22.9367,116.9731,0
2009-10,ASN00006008,-25.0481,114.0294,40
2009-10,ASN00006011,-24.8878,113.67,68
2009-10,ASN00007179,-24.4114,118.9408,0
2009-10,ASN00010792,-34.1692,118.9444,150
2009-10,ASN00009513,-33.2136,115.85,36
2009-10,ASN00009518,-34.3728,115.1358,126
2009-10,ASN00010095,-31.5936,118.2347,128
2009-10,ASN00010097,-30.6569,117.2625,176
2009-10,ASN00010111,-31.6508,116.6586,166
2009-10,ASN00010112,-31.1842,118.1006,114
2009-10,ASN00010118,-31.9917,118.0264,195
2009-10,ASN00010119,-31.795,118.3947,148
2009-10,ASN00010121,-31.6431,117.4872,230
2009-10,ASN00010124,-31.5136,118.1753,142
2009-10,ASN00010126,-31.1153,117.7942,81
2009-10,ASN00010092,-31.4756,118.2789,87
2009-10,ASN00010134,-31.3119,116.515,166
2009-10,ASN00010136,-30.5892,118.1489,104
2009-10,ASN00010138,-31.814,116.341,12
2009-10,ASN00010143,-31.415,117.2664,262
2009-10,ASN00010145,-31.3756,117.5853,204
2009-10,ASN00010149,-31.3361,117.8164,140
2009-10,ASN00010150,-31.6358,116.7961,190
2009-10,ASN00010151,-31.5317,118.0986,160
2009-10,ASN00010155,-30.7686,117.1361,137
2009-10,ASN00010160,-31.4533,117.1194,252
2009-10,ASN00010135,-30.4869,118.1258,106
2009-10,ASN00010163,-31.7711,117.1433,226
2009-10,ASN00010091,-31.6322,117.0081,190
2009-10,ASN00010082,-31.1125,117.9186,98
2009-10,ASN00010009,-31.2744,116.5092,160
2009-10,ASN00010010,-30.9386,117.9642,88
2009-10,ASN00010012,-31.5278,117.4361,262
2009-10,ASN00010016,-31.8775,118.15,200
2009-10,ASN00010019,-31.3958,118.4808,122
2009-10,ASN00010026,-30.0606,117.1417,50
2009-10,ASN00010031,-31.3742,117.5861,244
2009-10,ASN00010032,-30.9964,117.3953,146
2009-10,ASN00010040,-31.6089,117.8775,182
2009-10,ASN00010084,-30.1056,117.3597,40
2009-10,ASN00010041,-31.6192,117.4372,246
2009-10,ASN00010043,-31.7661,116.9167,174
2009-10,ASN00010053,-31.7233,118.4372,130
2009-10,ASN00010058,-31.2994,116.8269,190
2009-10,ASN00010060,-31.9886,118.5106,134
2009-10,ASN00010061,-31.1417,116.9558,258
2009-10,ASN00010064,-31.2747,116.5075,160
2009-10,ASN00010070,-30.3686,117.1133,113
2009-10,ASN00010073,-31.6183,117.7217,210
2009-10,ASN00010076,-31.0597,116.7319,228
2009-10,ASN00010042,-31.1936,117.0311,220
2009-10,ASN00010192,-30.5539,118.2828,74
2009-10,ASN00010286,-31.6219,117.2217,196
2009-10,ASN00010294,-31.5736,117.5097,236
2009-10,ASN00010565,-32.6744,119.4144,262
2009-10,ASN00010568,-32.4419,118.8983,128
2009-10,ASN00010571,-32.3789,116.8258,146
2009-10,ASN00010582,-33.83,117.159,98
2009-10,ASN00010584,-32.6719,118.1547,134
2009-10,ASN00010603,-32.4231,118.2003,136
2009-10,ASN00010611,-33.2761,119.7753,188
2009-10,ASN00010612,-32.0656,118.3956,225
2009-10,ASN00010614,-32.9342,117.1797,82
2009-10,ASN00010560,-32.5403,119.1122,122
2009-10,ASN00010622,-33.9644,118.4889,122
2009-10,ASN00010628,-32.0094,117.4014,168
2009-10,ASN00010633,-33.5803,120.0458,207
2009-10,ASN00010635,-33.7853,116.9064,42
2009-10,ASN00010641,-33.375,116.9053,68
2009-10,ASN00010647,-33.3075,117.3403,83
2009-10,ASN00010692,-33.1131,118.84,122
2009-10,ASN00010702,-32.1003,118.8058,120
2009-10,ASN00010704,-33.3281,117.5628,56
2009-10,ASN00010705,-32.3344,118.8492,130
2009-10,ASN00010626,-32.5336,117.0831,128
2009-10,ASN00010558,-33.9372,118.0075,40
2009-10,ASN00010556,-32.4797,116.8167,134
2009-10,ASN00010546,-33.3142,117.74,86
2009-10,ASN00010304,-31.485,116.5383,178
2009-10,ASN00010307,-31.7936,116.6278,154
2009-10,ASN00010308,-31.55,116.4867,150
2009-10,ASN00010310,-31.7647,116.3464,190
2009-10,ASN00010311,-31.8997,116.765,131
2009-10,ASN00010502,-34.2553,118.2214,52
2009-10,ASN00010503,-32.0311,118.0947,194
2009-10,ASN00010508,-33.6361,117.9278,54
2009-10,ASN00010511,-32.8022,117.5025,88
2009-10,ASN00010513,-32.3869,118.2622,144
2009-10,ASN00010515,-32.1083,116.9247,128
2009-10,ASN00010518,-32.4006,118.6058,152
2009-10,ASN00010520,-33.6614,117.0539,44
2009-10,ASN00010524,-32.3725,117.0072,140
2009-10,ASN00010527,-32.3756,117.5128,150
2009-10,ASN00010530,-33.9144,117.0994,74
2009-10,ASN00010531,-33.7069,117.2411,68
2009-10,ASN00010534,-32.4825,117.5647,130
2009-10,ASN00010536,-32.3292,117.8733,119
2009-10,ASN00010537,-34.2961,117.5533,100
2009-10,ASN00010541,-33.8594,118.8158,82
2009-10,ASN00010007,-30.8081,117.8603,112
2009-10,ASN00009515,-33.6611,115.3456,15
2009-10,ASN00010000,-31.1675,117.0736,330
2009-10,ASN00009997,-33.7647,115.8431,108
2009-10,ASN00009615,-34.715,118.4692,202
2009-10,ASN00009616,-34.0911,116.6628,104
2009-10,ASN00009617,-33.9486,116.1311,90
2009-10,ASN00009628,-33.36,116.1467,53
2009-10,ASN00009633,-34.8644,118.1122,330
2009-10,ASN00009636,-33.8358,115.0747,226
2009-10,ASN00009642,-33.1336,115.8808,104
2009-10,ASN00009645,-33.7981,121.1503,148
2009-10,ASN00009647,-34.9506,117.2769,756
2009-10,ASN00009613,-34.1436,115.2261,170
2009-10,ASN00009654,-34.3986,119.3778,98
2009-10,ASN00009692,-34.2258,115.7622,222
2009-10,ASN00009738,-33.4531,116.3025,115
2009-10,ASN00009739,-33.6789,122.3311,110
2009-10,ASN00009741,-34.9414,117.8022,478
2009-10,ASN00009752,-34.7233,117.3494,307
2009-10,ASN00009754,-34.5961,118.5519,240
2009-10,ASN00009766,-35.0597,117.8658,468
2009-10,ASN00009769,-32.5698,116.4385,88
2009-10,ASN00009771,-33.7411,115.4697,140
2009-10,ASN00009678,-34.8772,117.6725,474
2009-10,ASN00009772,-33.7608,121.2156,156
2009-10,ASN00009611,-34.9761,116.7328,246
2009-10,ASN00009600,-33.9525,115.1969,66
2009-10,ASN00009519,-33.5372,115.0189,118
2009-10,ASN00009527,-33.3969,115.7833,86
2009-10,ASN00009531,-34.9617,117.3567,292
2009-10,ASN00009532,-34.9528,117.3733,388
2009-10,ASN00009534,-33.5719,115.8247,160
2009-10,ASN00009538,-32.7103,116.0594,207
2009-10,ASN00009542,-33.6825,121.8275,78
2009-10,ASN00009547,-34.0717,115.0986,294
2009-10,ASN00009556,-33.9781,116.3336,86
2009-10,ASN00009603,-33.6858,115.4008,102
2009-10,ASN00009557,-33.9497,120.1258,48
2009-10,ASN00009574,-33.9592,115.0642,168
2009-10,ASN00009575,-32.8556,116.45,88
2009-10,ASN00009579,-33.7633,122.0675,54
2009-10,ASN00009584,-33.7422,121.995,130
2009-10,ASN00009587,-33.9967,116.4253,78
2009-10,ASN00009589,-34.9919,116.8206,342
2009-10,ASN00009590,-34.6339,116.1236,282
2009-10,ASN00009592,-34.4478,116.0433,381
2009-10,ASN00009594,-34.435,119.3628,156
2009-10,ASN00009573,-34.2508,116.145,278
2009-10,ASN00009776,-33.7931,115.3189,64
2009-10,ASN00009784,-34.9319,117.1606,354
2009-10,ASN00009789,-33.83,121.8925,182
2009-10,ASN00009936,-32.6239,116.0603,208
2009-10,ASN00009957,-35.0367,116.9247,392
2009-10,ASN00009958,-34.6625,117.8394,160
2009-10,ASN00009961,-33.9306,120.1283,158
2009-10,ASN00009964,-34.5714,117.0106,338
2009-10,ASN00009965,-33.3567,115.6447,96
2009-10,ASN00009967,-34.7772,117.6508,349
2009-10,ASN00009968,-34.5683,116.3367,340
2009-10,ASN00009971,-33.7844,115.4075,108
2009-10,ASN00009928,-34.8389,116.7211,668
2009-10,ASN00009976,-32.6453,115.8644,62
2009-10,ASN00009978,-33.7563,115.2096,100
2009-10,ASN00009982,-33.3878,115.8538,116
2009-10,ASN00009987,-33.6414,115.7028,134
2009-10,ASN00009988,-33.6808,115.6242,90
2009-10,ASN00009989,-33.6458,115.9553,156
2009-10,ASN00009990,-33.4775,115.7393,88
2009-10,ASN00009991,-33.5711,115.8383,132
2009-10,ASN00009992,-33.5435,115.5509,114
2009-10,ASN00009994,-33.3608,116.1717,108
2009-10,ASN00009977,-32.5219,115.7119,56
2009-10,ASN00009927,-33.6028,116.0128,136
2009-10,ASN00009917,-33.7058,115.7878,148
2009-10,ASN00009914,-33.3197,116.6464,132
2009-10,ASN00009801,-34.1597,115.1892,208
2009-10,ASN00009803,-33.7831,115.3447,34
2009-10,ASN00009804,-33.8811,122.2167,234
2009-10,ASN00009805,-34.9769,116.7286,255
2009-10,ASN00009815,-33.8819,122.5661,284
2009-10,ASN00009822,-33.7753,121.555,60
2009-10,ASN00009842,-33.7964,115.6658,112
2009-10,ASN00009843,-34.4417,116.9944,124
2009-10,ASN00009848,-34.7719,118.1317,260
2009-10,ASN00009850,-34.5378,117.7197,117
2009-10,ASN00009852,-34.8883,118.3958,228
2009-10,ASN00009865,-34.3997,118.8867,74
2009-10,ASN00009868,-33.7078,120.8653,144
2009-10,ASN00009871,-34.8361,116.0308,143
2009-10,ASN00009877,-33.6033,115.4983,124
2009-10,ASN00009894,-32.9183,115.9217,100
2009-10,ASN00009897,-33.8536,123.0069,184
2009-10,ASN00009899,-34.8883,118.0789,286
2009-10,ASN00009904,-34.5967,116.1072,386
2009-10,ASN00009908,-34.2292,115.9294,344
2009-10,ASN00009912,-33.445,115.8508,94
2009-10,ASN00009998,-34.9469,116.7222,400
2009-10,ASN00023013,-34.7977,138.6281,246
2009-10,ASN00010802,-33.4661,118.6361,152
2009-10,ASN00023024,-34.8978,138.5092,300
2009-10,ASN00039043,-23.5255,150.5078,430
2009-10,ASN00039054,-24.1967,150.3714,186
2009-10,ASN00039059,-24.1116,152.7161,20
2009-10,ASN00039066,-25.6167,151.6156,510
2009-10,ASN00039067,-23.5798,150.4044,332
2009-10,ASN00039068,-23.8104,150.9783,87
2009-10,ASN00039070,-25.1694,151.6375,362
2009-10,ASN00039071,-24.5722,149.9694,276
2009-10,ASN00039073,-25.5908,151.2986,102
2009-10,ASN00039040,-24.9933,151.9606,18
2009-10,ASN00039083,-23.3753,150.4775,112
2009-10,ASN00039089,-24.4935,150.5709,118
2009-10,ASN00039092,-24.6792,152.1881,50
2009-10,ASN00039095,-24.6342,152.0228,105
2009-10,ASN00039097,-24.7158,152.0075,60
2009-10,ASN00039102,-23.9078,150.1953,240
2009-10,ASN00039104,-24.8642,151.1247,149
2009-10,ASN00039106,-24.4081,150.7258,90
2009-10,ASN00039123,-23.8553,151.2628,98
2009-10,ASN00039128,-24.8885,152.3235,48
2009-10,ASN00039085,-24.7298,153.2089,80
2009-10,ASN00039129,-24.6156,151.105,142
2009-10,ASN00039035,-23.1375,149.9726,10
2009-10,ASN00039009,-24.8408,152.2414,116
2009-10,ASN00037106,-21.8831,139.9728,0
2009-10,ASN00037112,-23.9686,143.3031,0
2009-10,ASN00037120,-21.8958,143.0967,14
2009-10,ASN00038000,-24.3597,139.4714,0
2009-10,ASN00038003,-22.9117,139.9039,0
2009-10,ASN00038004,-24.8522,143.6672,34
2009-10,ASN00038009,-24.7856,139.5919,0
2009-10,ASN00038010,-22.9144,138.8036,0
2009-10,ASN00038012,-24.8303,143.9331,4
2009-10,ASN00039018,-24.0222,151.7642,14
2009-10,ASN00038014,-23.365,139.6556,0
2009-10,ASN00038024,-25.4228,142.6564,4
2009-10,ASN00038026,-25.8975,139.3472,0
2009-10,ASN00038035,-25.5903,143.8917,118
2009-10,ASN00038049,-24.8519,142.6964,0
2009-10,ASN00038056,-25.6653,142.1086,0
2009-10,ASN00038060,-25.1806,142.6817,0
2009-10,ASN00038062,-24.6947,143.1275,0
2009-10,ASN00038063,-25.1494,142.9833,0
2009-10,ASN00039000,-25.1333,151.1292,52
2009-10,ASN00038020,-25.79,139.5856,0
2009-10,ASN00039135,-24.8036,152.4547,18
2009-10,ASN00039142,-24.8139,149.9892,102
2009-10,ASN00039151,-24.8075,150.2197,40
2009-10,ASN00039339,-25.1475,151.6286,346
2009-10,ASN00039340,-25.62,151.59,590
2009-10,ASN00039341,-25.5247,151.76,560
2009-10,ASN00039343,-25.5378,151.32,135
2009-10,ASN00039346,-25.695,151.3325,110
2009-10,ASN00039349,-23.6211,150.1567,284
2009-10,ASN00040004,-27.6297,152.7111,392
2009-10,ASN00040020,-26.8848,152.1006,262
2009-10,ASN00040026,-25.5997,152.5925,110
2009-10,ASN00039338,-24.9822,152.0731,28
2009-10,ASN00040028,-25.6006,152.2614,230
2009-10,ASN00040043,-27.0314,153.4661,104
2009-10,ASN00040051,-26.7297,152.7169,312
2009-10,ASN00040056,-27.3914,152.5014,634
2009-10,ASN00040057,-26.1842,152.9136,246
2009-10,ASN00040068,-25.9319,153.1906,170
2009-10,ASN00040071,-26.3828,151.1922,114
2009-10,ASN00040075,-27.2397,152.4219,390
2009-10,ASN00040078,-26.4769,152.945,366
2009-10,ASN00040082,-27.5436,152.3375,172
2009-10,ASN00040042,-28.0142,153.1664,418
2009-10,ASN00039334,-24.0213,150.9603,58
2009-10,ASN00039332,-24.41,149.8356,130
2009-10,ASN00039326,-23.8697,151.2214,36
2009-10,ASN00039158,-24.9472,150.0789,58
2009-10,ASN00039168,-25.1025,152.5603,84
2009-10,ASN00039175,-24.4167,151.2119,14
2009-10,ASN00039186,-24.9297,152.1983,30
2009-10,ASN00039201,-24.3278,149.8556,86
2009-10,ASN00039205,-24.8725,150.8236,96
2009-10,ASN00039220,-24.6544,151.6311,228
2009-10,ASN00039241,-23.7583,151.3097,22
2009-10,ASN00039242,-23.4009,150.6238,194
2009-10,ASN00039248,-24.9389,150.8033,86
2009-10,ASN00039251,-24.7275,151.4308,166
2009-10,ASN00039252,-24.2122,151.4219,72
2009-10,ASN00039255,-24.1664,151.5128,24
2009-10,ASN00039256,-25.1475,151.6286,362
2009-10,ASN00039278,-24.8394,150.7444,146
2009-10,ASN00039290,-24.4131,150.5208,89
2009-10,ASN00039303,-25.2558,152.2819,46
2009-10,ASN00039313,-25.1367,151.98,110
2009-10,ASN00039314,-24.1542,151.8875,20
2009-10,ASN00039319,-25.1303,151.1297,30
2009-10,ASN00039321,-25.4,151.1,10
2009-10,ASN00037046,-22.2903,142.4731,10
2009-10,ASN00040083,-27.5428,152.2817,182
2009-10,ASN00037039,-22.3617,143.0836,4
2009-10,ASN00037034,-21.8125,139.9267,0
2009-10,ASN00034027,-22.7744,148.81,88
2009-10,ASN00034044,-21.0767,146.5133,0
2009-10,ASN00034084,-20.0464,146.2708,0
2009-10,ASN00034094,-20.9994,146.4272,20
2009-10,ASN00034097,-20.6467,147.1372,70
2009-10,ASN00034100,-22.2411,148.43,24
2009-10,ASN00035001,-23.5522,147.7461,254
2009-10,ASN00035014,-26.1206,149.9614,148
2009-10,ASN00035015,-25.4025,149.1044,150
2009-10,ASN00034024,-22.0236,147.4158,150
2009-10,ASN00035016,-23.0856,148.0236,1314
2009-10,ASN00035039,-26.3564,150.0464,188
2009-10,ASN00035040,-25.5811,148.4811,400
2009-10,ASN00035049,-24.5608,145.7869,102
2009-10,ASN00035053,-23.1864,147.3539,352
2009-10,ASN00035063,-24.2111,148.7403,149
2009-10,ASN00035064,-24.4481,147.8986,302
2009-10,ASN00035065,-24.123,148.0856,68
2009-10,ASN00035068,-25.6103,148.9444,168
2009-10,ASN00035069,-24.8819,146.2564,148
2009-10,ASN00035026,-23.7139,149.6725,100
2009-10,ASN00035070,-25.6408,149.7958,234
2009-10,ASN00034015,-22.0656,147.7219,40
2009-10,ASN00033313,-22.8264,150.3372,0
2009-10,ASN00033285,-23.0883,150.11,10
2009-10,ASN00033286,-19.7586,147.2436,0
2009-10,ASN00033287,-19.9717,147.2508,0
2009-10,ASN00033288,-19.6433,147.3972,20
2009-10,ASN00033289,-20.1425,147.5631,0
2009-10,ASN00033290,-20.2897,147.9019,40
2009-10,ASN00033291,-20.3089,147.2961,220
2009-10,ASN00033292,-20.5819,147.5981,40
2009-10,ASN00033294,-23.1364,150.7506,50
2009-10,ASN00034010,-20.4328,146.0131,0
2009-10,ASN00033295,-19.4569,147.4833,28
2009-10,ASN00033300,-21.1439,149.0753,170
2009-10,ASN00033301,-21.3228,148.835,150
2009-10,ASN00033302,-21.1772,148.8311,140
2009-10,ASN00033303,-21.1397,149.1883,160
2009-10,ASN00033306,-20.4103,148.2306,0
2009-10,ASN00033307,-19.4167,146.5364,76
2009-10,ASN00033308,-22.7433,150.6578,280
2009-10,ASN00033310,-23.2,150.3978,38
2009-10,ASN00033312,-23.2233,150.605,86
2009-10,ASN00033299,-21.2725,148.8203,110
2009-10,ASN00035072,-24.8856,146.2781,140
2009-10,ASN00035073,-25.3167,146.0194,230
2009-10,ASN00035077,-24.9214,148.6006,284
2009-10,ASN00036023,-21.5119,144.6339,264
2009-10,ASN00036026,-24.2591,144.4406,194
2009-10,ASN00036028,-22.1769,144.0486,8
2009-10,ASN00036031,-23.4372,144.2769,172
2009-10,ASN00036034,-24.4303,145.4306,510
2009-10,ASN00036036,-23.6239,145.6892,152
2009-10,ASN00036037,-22.595,144.5469,38
2009-10,ASN00036046,-21.6292,145.1167,322
2009-10,ASN00036050,-22.0231,145.9831,404
2009-10,ASN00036011,-22.2067,145.0083,72
2009-10,ASN00036074,-22.3022,145.99,240
2009-10,ASN00036143,-24.4214,145.4672,500
2009-10,ASN00036160,-22.2717,147.0903,520
2009-10,ASN00036168,-24.9553,145.2489,275
2009-10,ASN00036172,-21.9667,144.3333,60
2009-10,ASN00037000,-22.1542,142.49,32
2009-10,ASN00037003,-20.4661,138.4683,0
2009-10,ASN00037010,-19.9225,138.1214,2
2009-10,ASN00037025,-21.55,143.8031,30
2009-10,ASN00037030,-21.8886,143.6019,0
2009-10,ASN00036127,-24.6017,143.8314,20
2009-10,ASN00036007,-23.5544,145.2883,271
2009-10,ASN00036006,-21.7117,144.3928,10
2009-10,ASN00036004,-22.9717,145.245,280
2009-10,ASN00035079,-24.6217,147.4064,230
2009-10,ASN00035081,-26.2853,149.8283,340
2009-10,ASN00035088,-24.3339,147.9425,164
2009-10,ASN00035090,-24.9588,148.3743,130
2009-10,ASN00035094,-22.4831,147.5172,170
2009-10,ASN00035109,-22.8181,148.49,300
2009-10,ASN00035117,-25.3864,149.7842,130
2009-10,ASN00035131,-23.1331,148.5267,384
2009-10,ASN00035132,-23.4292,148.9272,264
2009-10,ASN00035135,-25.7583,149.4067,224
2009-10,ASN00035151,-25.2797,148.85,184
2009-10,ASN00035165,-24.0717,146.6139,470
2009-10,ASN00035182,-25.6753,149.6331,138
2009-10,ASN00035207,-24.2236,148.0958,126
2009-10,ASN00035211,-22.6217,147.6589,104
2009-10,ASN00035221,-23.3039,148.1056,330
2009-10,ASN00035225,-24.2897,148.1053,98
2009-10,ASN00035242,-25.8986,150.1297,44
2009-10,ASN00035264,-23.5694,148.1756,110
2009-10,ASN00035274,-23.8467,148.1083,156
2009-10,ASN00035282,-25.6333,149.7833,180
2009-10,ASN00037036,-21.84,140.8925,0
2009-10,ASN00033280,-19.6333,147.1103,30
2009-10,ASN00040089,-26.0564,152.7889,190
2009-10,ASN00040094,-27.8117,152.6675,250
2009-10,ASN00040845,-28.2006,153.1872,710
2009-10,ASN00040846,-28.0017,153.3083,310
2009-10,ASN00040849,-27.9136,153.3657,339
2009-10,ASN00040854,-27.6839,153.1947,363
2009-10,ASN00040856,-25.9007,153.0891,405
2009-10,ASN00040861,-26.6006,153.0903,966
2009-10,ASN00040865,-28.0936,152.7158,580
2009-10,ASN00040867,-27.9406,152.6236,226
2009-10,ASN00040868,-25.7417,152.2353,60
2009-10,ASN00040844,-28.135,153.1883,650
2009-10,ASN00040876,-28.2372,152.4867,830
2009-10,ASN00040881,-27.9561,153.4233,180
2009-10,ASN00040882,-28.1653,153.2161,730
2009-10,ASN00040889,-26.4472,152.4869,310
2009-10,ASN00040891,-25.6022,152.2603,216
2009-10,ASN00040892,-25.9586,152.5753,372
2009-10,ASN00040893,-26.0642,152.7728,144
2009-10,ASN00040896,-25.6517,152.6633,130
2009-10,ASN00040902,-25.4969,152.3836,80
2009-10,ASN00040903,-25.2386,152.5319,180
2009-10,ASN00040878,-27.6947,153.1364,450
2009-10,ASN00040904,-25.2756,152.5089,300
2009-10,ASN00040842,-27.3917,153.1292,636
2009-10,ASN00040836,-27.6272,152.7461,300
2009-10,ASN00040778,-26.3583,152.6283,190
2009-10,ASN00040782,-26.3297,152.8136,190
2009-10,ASN00040784,-27.615,153.0444,400
2009-10,ASN00040785,-27.6017,152.9511,370
2009-10,ASN00040786,-27.7456,152.9081,180
2009-10,ASN00040793,-27.7633,152.8367,296
2009-10,ASN00040794,-27.6956,152.9333,310
2009-10,ASN00040801,-26.3878,152.6842,136
2009-10,ASN00040808,-27.2641,152.1959,374
2009-10,ASN00040841,-28.1481,152.57,490
2009-10,ASN00040811,-26.0833,152.2167,10
2009-10,ASN00040816,-27.6658,152.6989,300
2009-10,ASN00040823,-27.1381,152.3294,180
2009-10,ASN00040824,-26.1711,152.5994,290
2009-10,ASN00040825,-25.9,152.3497,80
2009-10,ASN00040827,-25.7167,151.8,40
2009-10,ASN00040829,-27.5439,152.1133,260
2009-10,ASN00040830,-26.6278,152.7042,190
2009-10,ASN00040832,-28.2033,152.77,270
2009-10,ASN00040833,-25.7683,152.525,240
2009-10,ASN00040814,-26.5256,152.7428,240
2009-10,ASN00040905,-25.2928,152.4097,170
2009-10,ASN00040906,-25.4019,152.5317,110
2009-10,ASN00040907,-25.3289,152.5619,250
2009-10,ASN00040964,-27.6696,153.0442,528
2009-10,ASN00040965,-27.2442,153.0867,882
2009-10,ASN00040969,-27.0717,153.1058,772
2009-10,ASN00040973,-27.7472,153.1919,542
2009-10,ASN00040976,-27.4753,152.9753,617
2009-10,ASN00040978,-27.0797,153.1803,340
2009-10,ASN00040979,-27.1247,152.9356,790
2009-10,ASN00040980,-27.1822,153.0186,1630
2009-10,ASN00041012,-26.6764,150.8992,62
2009-10,ASN00040958,-27.2169,153.0922,926
2009-10,ASN00041013,-28.2264,152.0661,268
2009-10,ASN00041016,-27.5331,151.2025,76
2009-10,ASN00041018,-27.9317,151.9058,184
2009-10,ASN00041022,-28.5,151.9722,534
2009-10,ASN00041024,-27.2067,151.8467,570
2009-10,ASN00041025,-27.5742,151.0839,131
2009-10,ASN00041034,-28.4039,151.4703,131
2009-10,ASN00041037,-27.3072,151.8506,316
2009-10,ASN00041047,-28.4147,151.0828,283
2009-10,ASN00023023,-34.7674,138.6434,292
2009-10,ASN00041014,-28.3539,151.6281,174
2009-10,ASN00040949,-28.0033,152.6875,380
2009-10,ASN00040948,-28.1461,152.7358,440
2009-10,ASN00040947,-28.1481,152.57,580
2009-10,ASN00040908,-26.3911,153.0403,338
2009-10,ASN00040913,-27.4808,153.0389,574
2009-10,ASN00040914,-27.4942,152.4972,358
2009-10,ASN00040922,-26.5737,151.8398,310
2009-10,ASN00040924,-26.9028,152.7664,276
2009-10,ASN00040928,-27.5639,152.8208,444
2009-10,ASN00040931,-28.2314,153.1356,800
2009-10,ASN00040932,-28.2608,153.0917,250
2009-10,ASN00040933,-28.27,153.0264,190
2009-10,ASN00040935,-27.7864,153.0161,700
2009-10,ASN00040936,-28.0614,153.0408,590
2009-10,ASN00040937,-27.9978,153.1575,370
2009-10,ASN00040938,-27.9108,153.1047,300
2009-10,ASN00040939,-27.9681,152.9861,540
2009-10,ASN00040940,-27.8336,152.9878,468
2009-10,ASN00040941,-28.0708,152.8558,330
2009-10,ASN00040942,-28.3222,152.7697,360
2009-10,ASN00040943,-28.2453,152.8908,320
2009-10,ASN00040944,-28.1692,152.9833,220
2009-10,ASN00040945,-28.0708,152.9272,370
2009-10,ASN00040946,-28.2153,152.8681,370
2009-10,ASN00040777,-26.4572,152.6803,0
2009-10,ASN00040093,-26.1831,152.6414,236
2009-10,ASN00040770,-27.5152,153.2492,516
2009-10,ASN00040763,-27.395,152.6097,344
2009-10,ASN00040211,-27.5717,153.0078,436
2009-10,ASN00040223,-27.4178,153.1142,632
2009-10,ASN00040224,-27.4193,153.0024,76
2009-10,ASN00040231,-27.4565,153.18,267
2009-10,ASN00040246,-26.5539,151.4156,128
2009-10,ASN00040247,-26.8422,152.5803,458
2009-10,ASN00040255,-26.41,151.815,178
2009-10,ASN00040258,-26.8408,151.9806,222
2009-10,ASN00040259,-26.8933,151.8975,316
2009-10,ASN00040209,-27.4361,153.5456,832
2009-10,ASN00040269,-27.6374,153.3735,244
2009-10,ASN00040290,-28.1725,152.72,556
2009-10,ASN00040301,-27.1882,151.9634,348
2009-10,ASN00040307,-26.9664,151.7086,184
2009-10,ASN00040312,-27.7354,152.9443,272
2009-10,ASN00040320,-27.4174,153.1552,457
2009-10,ASN00040334,-25.5097,152.0456,100
2009-10,ASN00040335,-27.9694,153.2133,380
2009-10,ASN00040343,-27.0397,152.8678,442
2009-10,ASN00040345,-27.8064,153.2072,460
2009-10,ASN00040284,-26.9586,152.9619,1272
2009-10,ASN00040385,-26.5539,151.6678,280
2009-10,ASN00040206,-26.325,152.7869,200
2009-10,ASN00040197,-27.9695,153.1952,406
2009-10,ASN00040104,-27.949,152.6235,195
2009-10,ASN00040106,-26.5956,152.7281,312
2009-10,ASN00040118,-26.6234,152.684,212
2009-10,ASN00040120,-27.4617,152.5747,610
2009-10,ASN00040123,-26.6225,152.8656,654
2009-10,ASN00040126,-25.5161,152.7156,52
2009-10,ASN00040139,-28.0708,152.6119,276
2009-10,ASN00040140,-27.1492,152.5781,816
2009-10,ASN00040141,-27.6163,153.2039,338
2009-10,ASN00040199,-26.7433,151.8439,300
2009-10,ASN00040144,-25.7411,152.2364,78
2009-10,ASN00040151,-25.605,152.5892,112
2009-10,ASN00040162,-28.1634,153.2126,708
2009-10,ASN00040167,-28.326,152.7696,292
2009-10,ASN00040169,-26.8425,152.8819,1037
2009-10,ASN00040170,-27.3042,152.0542,480
2009-10,ASN00040177,-26.1639,151.6014,262
2009-10,ASN00040184,-27.6322,152.5944,265
2009-10,ASN00040189,-27.1147,152.555,904
2009-10,ASN00040196,-28.14,153.4293,712
2009-10,ASN00040145,-27.0625,152.7789,425
2009-10,ASN00040388,-27.6342,152.2206,186
2009-10,ASN00040390,-25.65,152.6647,117
2009-10,ASN00040394,-28.2321,152.7829,334
2009-10,ASN00040607,-28.2031,153.2719,1546
2009-10,ASN00040609,-28.1178,153.4457,460
2009-10,ASN00040635,-26.8369,152.4914,550
2009-10,ASN00040659,-27.6956,152.9408,306
2009-10,ASN00040671,-26.2839,151.1897,118
2009-10,ASN00040672,-27.5486,152.0236,476
2009-10,ASN00040677,-28.1752,152.6557,380
2009-10,ASN00040686,-26.1842,152.8208,186
2009-10,ASN00040688,-25.9575,152.4919,340
2009-10,ASN00040550,-28.2452,153.2369,1230
2009-10,ASN00040693,-27.3786,152.8164,788
2009-10,ASN00040708,-26.0336,151.0603,180
2009-10,ASN00040714,-28.0708,152.9272,170
2009-10,ASN00040715,-27.6473,153.1718,414
2009-10,ASN00040717,-28.1681,153.5053,122
2009-10,ASN00040722,-26.0942,151.4417,265
2009-10,ASN00040738,-27.9114,153.1056,230
2009-10,ASN00040754,-28.2153,152.8681,260
2009-10,ASN00040761,-27.7828,153.1889,460
2009-10,ASN00040762,-27.8336,152.9878,220
2009-10,ASN00040695,-26.6842,152.9589,878
2009-10,ASN00040537,-27.4973,153.4078,392
2009-10,ASN00040534,-28.1629,153.2641,818
2009-10,ASN00040517,-27.1953,152.7539,598
2009-10,ASN00040395,-27.7183,152.1211,454
2009-10,ASN00040396,-26.7778,152.8033,306
2009-10,ASN00040405,-25.322,152.8817,98
2009-10,ASN00040407,-28.0557,153.033,282
2009-10,ASN00040412,-25.2483,152.6636,118
2009-10,ASN00040416,-28.0017,153.3083,350
2009-10,ASN00040417,-28.0686,153.4241,284
2009-10,ASN00040424,-27.755,152.0814,248
2009-10,ASN00040430,-25.2825,152.8994,38
2009-10,ASN00040449,-27.5572,152.2308,211
2009-10,ASN00040455,-25.85,151.3667,80
2009-10,ASN00040458,-27.5314,153.1825,526
2009-10,ASN00040463,-27.5797,152.9875,418
2009-10,ASN00040469,-25.8694,152.3172,134
2009-10,ASN00040480,-27.2883,152.1239,700
2009-10,ASN00040485,-28.249,152.5232,1206
2009-10,ASN00040490,-28.2086,152.5389,1276
2009-10,ASN00040493,-27.78,152.5346,309
2009-10,ASN00040500,-26.6403,151.9431,502
2009-10,ASN00040503,-27.6075,152.58,230
2009-10,ASN00040516,-27.8429,153.3502,645
2009-10,ASN00040764,-27.939,153.4283,208
2009-10,ASN00033277,-21.1789,148.8297,120
2009-10,ASN00040079,-27.5831,152.3806,134
2009-10,ASN00023034,-34.9524,138.5204,204
2009-10,ASN00024511,-34.1754,139.0847,464
2009-10,ASN00024515,-35.2959,139.0328,284
2009-10,ASN00024518,-35.6902,139.3375,386
2009-10,ASN00024519,-35.4068,138.9701,404
2009-10,ASN00024521,-35.1234,139.2592,218
2009-10,ASN00024525,-34.853,139.1607,365
2009-10,ASN00024528,-33.9888,139.08,358
2009-10,ASN00024531,-34.5719,139.2961,198
2009-10,ASN00024536,-35.2546,139.4542,128
2009-10,ASN00024509,-34.3515,139.1289,328
2009-10,ASN00024537,-35.619,139.4378,442
2009-10,ASN00024554,-35.1978,139.5871,194
2009-10,ASN00024555,-34.2571,139.0923,440
2009-10,ASN00024564,-34.3515,139.6153,182
2009-10,ASN00024572,-35.2828,139.2031,204
2009-10,ASN00024573,-34.4085,139.1274,380
2009-10,ASN00024575,-34.5444,139.193,378
2009-10,ASN00024576,-35.348,138.9771,374
2009-10,ASN00024577,-35.7344,139.2675,254
2009-10,ASN00024578,-34.0647,139.6605,216
2009-10,ASN00024551,-35.1093,139.0806,203
2009-10,ASN00024579,-34.8788,138.974,600
2009-10,ASN00024508,-35.125,139.0433,242
2009-10,ASN00024502,-34.6923,139.4396,154
2009-10,ASN00023881,-34.7742,139.0062,686
2009-10,ASN00023885,-35.1586,138.5057,188
2009-10,ASN00023887,-35.1712,138.6783,566
2009-10,ASN00023890,-35.0012,138.62,364
2009-10,ASN00023891,-34.9847,138.7404,812
2009-10,ASN00023892,-34.8856,138.7562,476
2009-10,ASN00023894,-35.5194,138.8177,350
2009-10,ASN00023896,-34.8757,138.7103,434
2009-10,ASN00023897,-35.3159,138.6218,678
2009-10,ASN00024504,-34.1233,139.3509,188
2009-10,ASN00023905,-34.9695,138.741,542
2009-10,ASN00024003,-34.1658,140.7541,130
2009-10,ASN00024008,-34.2579,140.6478,118
2009-10,ASN00024010,-34.2918,140.3632,155
2009-10,ASN00024013,-34.4442,140.4958,126
2009-10,ASN00024024,-34.439,140.5978,130
2009-10,ASN00024025,-34.2717,140.5964,100
2009-10,ASN00024031,-34.17,139.817,196
2009-10,ASN00024048,-34.1983,140.6766,142
2009-10,ASN00024501,-34.0954,139.1543,246
2009-10,ASN00024001,-34.2591,140.4708,154
2009-10,ASN00024580,-35.2836,138.8934,342
2009-10,ASN00024582,-35.1016,139.1426,249
2009-10,ASN00024584,-35.065,139.2273,188
2009-10,ASN00025561,-36.3994,140.8424,216
2009-10,ASN00025562,-35.3778,140.5378,186
2009-10,ASN00026000,-37.4861,140.0115,480
2009-10,ASN00026007,-36.7124,140.9552,318
2009-10,ASN00026012,-36.8309,139.8526,260
2009-10,ASN00026016,-36.9731,140.3664,326
2009-10,ASN00026017,-36.501,140.3835,138
2009-10,ASN00026018,-37.5872,140.3426,432
2009-10,ASN00026020,-37.8333,140.7833,745
2009-10,ASN00025560,-36.3098,140.74,148
2009-10,ASN00026021,-37.7473,140.7739,758
2009-10,ASN00026026,-37.1628,139.756,352
2009-10,ASN00026058,-36.6064,140.7118,278
2009-10,ASN00026062,-36.9229,140.5809,468
2009-10,ASN00026067,-37.9594,140.7703,502
2009-10,ASN00026086,-37.3797,140.3294,428
2009-10,ASN00026091,-37.2906,140.8254,356
2009-10,ASN00026095,-36.9655,139.7164,260
2009-10,ASN00026098,-37.5422,140.8137,398
2009-10,ASN00026099,-36.9813,140.727,366
2009-10,ASN00026025,-37.3803,140.8379,453
2009-10,ASN00025558,-35.4696,139.9461,321
2009-10,ASN00025557,-36.1058,140.3273,164
2009-10,ASN00025523,-35.8597,139.5599,304
2009-10,ASN00025000,-34.7314,140.5036,144
2009-10,ASN00025002,-34.8276,139.6673,200
2009-10,ASN00025006,-35.09,139.8972,215
2009-10,ASN00025013,-35.2977,140.6667,276
2009-10,ASN00025014,-34.7169,140.7352,220
2009-10,ASN00025015,-35.268,140.9075,179
2009-10,ASN00025018,-34.7884,140.5003,210
2009-10,ASN00025036,-35.1524,140.288,170
2009-10,ASN00025039,-35.0393,139.9844,174
2009-10,ASN00025042,-35.244,139.8261,268
2009-10,ASN00025046,-35.0662,140.856,224
2009-10,ASN00025050,-34.6345,140.2432,152
2009-10,ASN00025051,-34.5876,140.0791,202
2009-10,ASN00025502,-35.379,139.5617,242
2009-10,ASN00025504,-35.6984,139.8633,120
2009-10,ASN00025506,-35.38,140.1588,286
2009-10,ASN00025507,-36.098,140.3556,196
2009-10,ASN00025512,-35.3805,140.2519,368
2009-10,ASN00025513,-35.3627,139.9503,236
2009-10,ASN00025514,-35.8806,140.0594,184
2009-10,ASN00025519,-36.3654,140.9096,252
2009-10,ASN00023880,-34.7595,138.9341,848
2009-10,ASN00026100,-36.6539,140.5212,388
2009-10,ASN00023879,-34.8476,138.8751,790
2009-10,ASN00023877,-34.7863,138.8651,902
2009-10,ASN00023318,-34.5169,138.9598,338
2009-10,ASN00023319,-34.2778,138.7725,374
2009-10,ASN00023348,-34.5103,138.835,236
2009-10,ASN00023349,-34.0936,138.7952,380
2009-10,ASN00023355,-34.207,138.7886,486
2009-10,ASN00023357,-34.4709,138.9991,344
2009-10,ASN00023365,-34.2318,138.6952,408
2009-10,ASN00023369,-34.4557,138.9222,318
2009-10,ASN00023370,-34.3143,138.7293,290
2009-10,ASN00023314,-34.158,138.7483,458
2009-10,ASN00023372,-34.4534,139.0638,422
2009-10,ASN00023374,-34.2523,139.0183,352
2009-10,ASN00023704,-35.0077,138.6498,446
2009-10,ASN00023705,-34.8148,138.9474,798
2009-10,ASN00023707,-35.0102,138.7602,674
2009-10,ASN00023709,-35.0611,138.6585,446
2009-10,ASN00023710,-35.1087,138.6256,520
2009-10,ASN00023714,-35.3736,138.806,464
2009-10,ASN00023718,-35.4987,138.7638,318
2009-10,ASN00023719,-34.8237,138.8859,804
2009-10,ASN00023373,-34.4761,139.0056,374
2009-10,ASN00023720,-35.0303,138.8148,528
2009-10,ASN00023310,-34.005,138.8142,400
2009-10,ASN00023306,-34.1697,138.8095,446
2009-10,ASN00023031,-34.9697,138.6331,201
2009-10,ASN00033270,-20.525,148.2125,0
2009-10,ASN00023042,-34.9387,138.6607,366
2009-10,ASN00023043,-34.7607,138.6311,202
2009-10,ASN00023055,-34.9552,138.5356,188
2009-10,ASN00023076,-34.432,138.2587,236
2009-10,ASN00023083,-34.7111,138.6222,162
2009-10,ASN00023085,-34.9222,138.6805,324
2009-10,ASN00023087,-34.5371,138.6049,262
2009-10,ASN00023307,-34.3412,138.9155,440
2009-10,ASN00023096,-34.8564,138.6844,466
2009-10,ASN00023105,-34.9808,138.621,306
2009-10,ASN00023107,-34.601,138.7359,224
2009-10,ASN00023108,-35.0495,138.7259,446
2009-10,ASN00023114,-34.9542,138.6586,334
2009-10,ASN00023115,-34.9473,138.5827,222
2009-10,ASN00023122,-34.5106,138.6763,206
2009-10,ASN00023128,-34.2015,138.597,280
2009-10,ASN00023129,-34.4611,138.5581,232
2009-10,ASN00023305,-34.4577,138.9277,324
2009-10,ASN00023101,-34.8925,138.6422,318
2009-10,ASN00023721,-35.0608,138.5647,296
2009-10,ASN00023722,-34.9303,139.014,462
2009-10,ASN00023723,-35.4935,138.4575,402
2009-10,ASN00023803,-34.9423,138.727,508
2009-10,ASN00023804,-35.5544,138.5997,530
2009-10,ASN00023806,-34.8067,138.7552,572
2009-10,ASN00023810,-34.971,138.7042,564
2009-10,ASN00023817,-35.0221,138.7344,682
2009-10,ASN00023820,-34.6805,138.8561,566
2009-10,ASN00023822,-35.1802,139.0239,252
2009-10,ASN00023825,-35.5288,138.8067,430
2009-10,ASN00023839,-35.0216,138.6097,330
2009-10,ASN00023801,-34.9482,138.8071,656
2009-10,ASN00023842,-34.9784,138.7088,644
2009-10,ASN00023858,-34.763,138.7765,520
2009-10,ASN00023860,-34.9499,138.6866,320
2009-10,ASN00023865,-34.8944,138.8099,798
2009-10,ASN00023866,-35.0068,138.8033,666
2009-10,ASN00023867,-34.9342,138.7467,682
2009-10,ASN00023871,-35.3175,138.4636,328
2009-10,ASN00023873,-34.9913,138.6937,518
2009-10,ASN00023875,-35.5695,138.2864,792
2009-10,ASN00023876,-35.2276,138.5366,270
2009-10,ASN00023846,-35.0028,138.6635,358
2009-10,ASN00023799,-35.2183,138.7342,786
2009-10,ASN00023788,-34.9838,138.7179,718
2009-10,ASN00023787,-35.0247,138.8578,674
2009-10,ASN00023725,-34.5569,139.1338,514
2009-10,ASN00023726,-34.9044,138.8742,758
2009-10,ASN00023727,-35.0484,138.7354,624
2009-10,ASN00023731,-34.8331,138.8215,806
2009-10,ASN00023732,-35.1351,138.5274,438
2009-10,ASN00023733,-35.0639,138.8509,650
2009-10,ASN00023734,-35.1213,138.6769,614
2009-10,ASN00023735,-35.3497,138.6223,630
2009-10,ASN00023737,-34.7735,139.0501,568
2009-10,ASN00023738,-35.39,138.4652,478
2009-10,ASN00023739,-35.0369,138.913,480
2009-10,ASN00023741,-35.4519,138.3227,264
2009-10,ASN00023742,-35.5299,138.6896,451
2009-10,ASN00023747,-35.256,138.8901,327
2009-10,ASN00023750,-34.9563,138.7443,668
2009-10,ASN00023752,-34.6717,138.8885,518
2009-10,ASN00023753,-35.2705,138.5591,260
2009-10,ASN00023754,-35.458,138.35,252
2009-10,ASN00023756,-34.6603,138.9262,626
2009-10,ASN00023758,-34.7398,138.8715,760
2009-10,ASN00023786,-34.8269,139.0086,682
2009-10,ASN00023878,-34.7253,138.9273,702
2009-10,ASN00026101,-37.4003,140.3351,368
2009-10,ASN00023882,-34.8713,138.9058,846
2009-10,ASN00026104,-36.8465,140.5592,328
2009-10,ASN00032040,-19.2483,146.7661,12
2009-10,ASN00032042,-17.9364,145.9253,1312
2009-10,ASN00032043,-18.7218,145.9237,990
2009-10,ASN00032045,-18.6508,146.2047,618
2009-10,ASN00032050,-19.2033,146.6131,49
2009-10,ASN00032064,-19.0074,146.2057,304
2009-10,ASN00032078,-18.6494,146.1769,830
2009-10,ASN00032094,-18.6156,146.1811,480
2009-10,ASN00032098,-19.0506,146.4058,734
2009-10,ASN00032037,-17.6053,145.9972,858
2009-10,ASN00032101,-18.9558,146.2886,736
2009-10,ASN00032117,-18.6867,146.2969,240
2009-10,ASN00032152,-17.5475,145.9292,1080
2009-10,ASN00032160,-17.6089,145.9792,870
2009-10,ASN00032161,-17.5967,145.9014,1190
2009-10,ASN00032162,-17.615,145.8011,890
2009-10,ASN00032163,-17.5236,146.0325,520
2009-10,ASN00032164,-17.6808,145.8878,1140
2009-10,ASN00032165,-17.5308,145.8464,1030
2009-10,ASN00032166,-17.5456,145.9325,1210
2009-10,ASN00032109,-18.1069,145.8053,830
2009-10,ASN00032033,-17.4608,145.8822,831
2009-10,ASN00032032,-18.5872,146.2508,635
2009-10,ASN00032031,-18.5406,146.3356,339
2009-10,ASN00031185,-17.5175,145.6089,340
2009-10,ASN00031186,-17.6803,145.6603,470
2009-10,ASN00031187,-17.4694,145.7311,670
2009-10,ASN00031188,-17.0039,145.4281,30
2009-10,ASN00031189,-16.6583,145.5672,190
2009-10,ASN00031191,-18.1494,145.4803,20
2009-10,ASN00031196,-17.7047,145.1461,200
2009-10,ASN00031197,-18.0394,144.8856,90
2009-10,ASN00031198,-17.3769,145.3803,60
2009-10,ASN00031200,-17.5908,145.5294,250
2009-10,ASN00031205,-16.9794,145.6747,350
2009-10,ASN00031209,-15.4461,145.1861,76
2009-10,ASN00031210,-17.0672,145.4283,86
2009-10,ASN00031213,-14.9672,145.3106,2
2009-10,ASN00032001,-18.8828,146.17,1272
2009-10,ASN00032002,-18.5742,146.2225,552
2009-10,ASN00032004,-18.2553,146.0197,345
2009-10,ASN00032009,-17.835,146.0986,443
2009-10,ASN00032019,-17.7214,145.9222,976
2009-10,ASN00032020,-17.5556,145.9556,1110
2009-10,ASN00032023,-18.5819,146.2839,535
2009-10,ASN00032167,-17.9919,145.9425,1710
2009-10,ASN00031184,-17.4442,145.5094,160
2009-10,ASN00032169,-18.1919,145.3325,30
2009-10,ASN00032171,-18.6347,146.1444,0
2009-10,ASN00033080,-21.0003,148.7375,210
2009-10,ASN00033095,-21.8031,149.3569,76
2009-10,ASN00033096,-20.2081,148.13,88
2009-10,ASN00033106,-20.3658,148.9536,364
2009-10,ASN00033111,-22.8131,149.89,0
2009-10,ASN00033119,-21.1172,149.2169,144
2009-10,ASN00033151,-19.5953,146.9342,38
2009-10,ASN00033170,-22.3614,149.3747,182
2009-10,ASN00033175,-20.2144,147.7761,0
2009-10,ASN00033077,-23.0967,150.7342,110
2009-10,ASN00033195,-22.4703,150.1786,220
2009-10,ASN00033247,-20.4925,148.555,170
2009-10,ASN00033255,-20.3531,148.9508,302
2009-10,ASN00033260,-23.16,150.96,30
2009-10,ASN00033263,-20.4186,148.1108,0
2009-10,ASN00033264,-20.0089,148.2044,20
2009-10,ASN00033265,-20.2886,148.1175,0
2009-10,ASN00033266,-20.2381,148.0311,130
2009-10,ASN00026103,-37.134,140.7273,374
2009-10,ASN00033269,-20.3078,148.2181,20
2009-10,ASN00033210,-22.3472,149.5242,122
2009-10,ASN00033076,-23.1333,150.3669,82
2009-10,ASN00033068,-21.1631,148.87,148
2009-10,ASN00033065,-22.3458,149.5356,134
2009-10,ASN00032172,-18.4606,145.7383,210
2009-10,ASN00032173,-18.6797,145.9961,620
2009-10,ASN00032174,-18.4889,145.9364,360
2009-10,ASN00032176,-18.1439,145.61,80
2009-10,ASN00032183,-18.7497,146.115,890
2009-10,ASN00032184,-18.4506,145.8294,150
2009-10,ASN00032185,-18.5789,146.2803,660
2009-10,ASN00032186,-18.8478,145.9067,90
2009-10,ASN00033001,-19.5775,147.4075,12
2009-10,ASN00033002,-19.6169,147.3758,48
2009-10,ASN00033008,-22.8461,150.6475,130
2009-10,ASN00033013,-20.5534,147.8464,6
2009-10,ASN00033032,-19.6667,147.4147,118
2009-10,ASN00033038,-21.6256,149.2367,195
2009-10,ASN00033041,-20.5392,148.6572,42
2009-10,ASN00033045,-21.1706,149.1794,14
2009-10,ASN00033051,-19.8789,146.6319,0
2009-10,ASN00033053,-21.0011,148.9364,110
2009-10,ASN00033059,-21.4267,149.2164,108
2009-10,ASN00033060,-21.1422,149.0381,150
2009-10,ASN00033062,-20.0997,146.8892,0
2009-10,ASN00032170,-18.4125,145.7722,200
2009-10,ASN00031183,-17.3594,145.5922,140
2009-10,ASN00033267,-20.2197,148.1217,50
2009-10,ASN00031181,-17.545,145.7156,570
2009-10,ASN00029004,-17.7425,139.5475,0
2009-10,ASN00029012,-18.2044,142.2447,110
2009-10,ASN00029030,-20.4247,141.4047,0
2009-10,ASN00029037,-17.3297,141.8797,20
2009-10,ASN00029038,-15.4818,141.7483,2
2009-10,ASN00029047,-19.6242,138.6386,65
2009-10,ASN00029058,-20.6672,141.7214,2
2009-10,ASN00029061,-18.9511,138.0531,0
2009-10,ASN00029063,-17.6872,141.0733,0
2009-10,ASN00029000,-18.2952,139.2828,130
2009-10,ASN00029065,-18.7881,139.7119,0
2009-10,ASN00029077,-17.7483,139.5356,0
2009-10,ASN00029092,-19.8392,140.9336,0
2009-10,ASN00029100,-18.6419,139.2516,0
2009-10,ASN00029110,-15.6386,141.8228,0
2009-10,ASN00029121,-20.5958,139.6939,0
2009-10,ASN00029126,-20.7361,139.4817,0
2009-10,ASN00029127,-20.6778,139.4875,2
2009-10,ASN00029129,-21.215,140.2333,0
2009-10,ASN00029131,-20.02,139.8433,0
2009-10,ASN00029069,-17.3383,138.2508,26
2009-10,ASN00029132,-20.6556,142.1006,0
2009-10,ASN00028035,-14.7117,143.7303,0
2009-10,ASN00028023,-14.9258,144.1994,0
2009-10,ASN00031182,-17.5875,145.5997,660
2009-10,ASN00026105,-37.1776,139.8054,336
2009-10,ASN00026107,-36.437,140.3356,144
2009-10,ASN00026109,-37.3818,139.9454,358
2009-10,ASN00026110,-36.7746,140.0222,386
2009-10,ASN00027000,-13.3539,141.7208,0
2009-10,ASN00027015,-12.4536,142.6389,8
2009-10,ASN00027038,-16.4231,143.1456,0
2009-10,ASN00027042,-12.6267,141.8836,56
2009-10,ASN00028031,-14.7317,143.5864,0
2009-10,ASN00027044,-13.0658,142.4511,0
2009-10,ASN00027054,-10.0511,143.0686,14
2009-10,ASN00027058,-10.5844,142.29,12
2009-10,ASN00027061,-14.5181,142.0389,0
2009-10,ASN00027063,-13.4381,142.9417,0
2009-10,ASN00027073,-13.7606,143.1183,0
2009-10,ASN00027075,-12.6167,142.0869,996
2009-10,ASN00028004,-16.0008,144.0758,4
2009-10,ASN00028008,-12.785,143.3047,14
2009-10,ASN00028013,-16.2217,144.7081,0
2009-10,ASN00027045,-12.6778,141.9208,490
2009-10,ASN00029136,-21.3661,140.4986,0
2009-10,ASN00029008,-20.7089,140.5192,0
2009-10,ASN00029141,-20.6664,140.505,0
2009-10,ASN00031036,-16.8178,145.6383,370
2009-10,ASN00031037,-16.3842,145.5592,272
2009-10,ASN00031040,-17.0692,145.7742,308
2009-10,ASN00031044,-16.4569,145.3775,364
2009-10,ASN00031046,-17.677,145.115,67
2009-10,ASN00031051,-17.3442,144.9306,0
2009-10,ASN00031062,-16.3906,145.3511,638
2009-10,ASN00031069,-17.6697,145.2414,184
2009-10,ASN00031075,-17.1694,145.5481,78
2009-10,ASN00031032,-17.4311,145.2028,68
2009-10,ASN00031104,-17.1644,145.8783,1120
2009-10,ASN00031119,-17.6758,145.2783,240
2009-10,ASN00031125,-17.3439,145.5028,202
2009-10,ASN00031131,-17.3394,144.6797,112
2009-10,ASN00031140,-17.27,145.8997,1504
2009-10,ASN00031141,-17.2639,145.8536,980
2009-10,ASN00031147,-14.6683,145.4467,4
2009-10,ASN00031158,-18.2531,145.1269,130
2009-10,ASN00031168,-17.5875,145.6,748
2009-10,ASN00029139,-17.1142,139.5981,0
2009-10,ASN00031108,-17.1347,145.4281,162
2009-10,ASN00031024,-17.535,145.4822,138
2009-10,ASN00031180,-16.5319,145.1325,8
2009-10,ASN00031011,-16.8736,145.7458,308
2009-10,ASN00031012,-16.0969,145.4575,352
2009-10,ASN00029152,-18.7036,138.4839,0
2009-10,ASN00029154,-18.4306,141.2686,0
2009-10,ASN00029167,-18.7569,138.7056,0
2009-10,ASN00030019,-19.2647,143.6741,0
2009-10,ASN00030022,-20.8192,144.2333,46
2009-10,ASN00030048,-18.6242,144.5739,4
2009-10,ASN00030072,-20.0969,144.9875,282
2009-10,ASN00030082,-19.7037,144.3775,100
2009-10,ASN00030088,-19.3769,144.1156,80
2009-10,ASN00029150,-20.8422,141.4292,0
2009-10,ASN00030115,-19.055,144.9594,0
2009-10,ASN00030124,-18.3039,143.5306,2
2009-10,ASN00030127,-20.9942,144.6433,180
2009-10,ASN00030137,-19.6347,145.7886,6
2009-10,ASN00030149,-21.0442,144.0992,0
2009-10,ASN00030158,-18.4564,143.2986,22
2009-10,ASN00030161,-20.7017,143.1167,4
2009-10,ASN00031004,-17.3436,145.9217,1186
2009-10,ASN00031010,-16.9333,145.7833,320
2009-10,ASN00030103,-18.2225,143.9697,0
2009-11,ASN00061339,-32.5584,151.8043,806
2009-11,ASN00061336,-33.1556,150.6847,230
2009-11,ASN00061334,-33.0488,150.2325,180
2009-11,ASN00061306,-31.8988,150.658,302
2009-11,ASN00061327,-32.8248,151.2613,435
2009-11,ASN00061324,-32.2451,150.513,402
2009-11,ASN00061309,-32.6881,150.9728,340
2009-11,ASN00061119,-33.385,150.9856,280
2009-11,ASN00061329,-32.8323,151.3085,224
2009-11,ASN00061346,-31.8626,151.4398,500
2009-11,ASN00061366,-33.2815,151.5766,74
2009-11,ASN00061350,-32.1714,151.5942,946
2009-11,ASN00061360,-32.05,150.8528,175
2009-11,ASN00061363,-32.0335,150.8264,254
2009-11,ASN00061372,-31.8017,150.925,326
2009-11,ASN00061373,-31.9583,150.8567,274
2009-11,ASN00061374,-32.2199,150.9193,69
2009-11,ASN00061375,-33.2894,151.2107,362
2009-11,ASN00061376,-33.0759,151.5382,326
2009-11,ASN00061295,-32.8108,151.3396,440
2009-11,ASN00061349,-32.5667,151.6083,295
2009-11,ASN00061294,-33.4666,151.4126,370
2009-11,ASN00061205,-33.0297,151.1401,352
2009-11,ASN00061287,-32.1852,150.1737,358
2009-11,ASN00061377,-33.0933,151.6317,462
2009-11,ASN00061130,-32.5113,150.7968,564
2009-11,ASN00061135,-32.1018,151.2333,375
2009-11,ASN00061143,-32.654,151.021,288
2009-11,ASN00061151,-32.2426,151.683,1362
2009-11,ASN00061152,-32.9995,151.2908,210
2009-11,ASN00061162,-32.8446,150.8398,242
2009-11,ASN00061170,-32.2809,151.7948,1440
2009-11,ASN00061191,-32.6126,150.9761,374
2009-11,ASN00061288,-32.3322,151.4595,286
2009-11,ASN00061192,-32.2092,150.7365,672
2009-11,ASN00061201,-33.0259,151.1882,318
2009-11,ASN00061209,-32.9597,150.675,314
2009-11,ASN00061211,-33.3588,150.7058,310
2009-11,ASN00061216,-33.4176,151.159,174
2009-11,ASN00061217,-33.2904,150.9708,110
2009-11,ASN00061220,-33.2381,151.3003,368
2009-11,ASN00061226,-32.936,151.1393,330
2009-11,ASN00061250,-32.6296,151.5919,606
2009-11,ASN00061260,-32.7886,151.3377,626
2009-11,ASN00061196,-31.7069,151.2131,404
2009-11,ASN00061381,-33.4036,151.3928,290
2009-11,ASN00063234,-33.6708,148.8565,130
2009-11,ASN00061383,-33.2528,151.3164,500
2009-11,ASN00063043,-33.5343,150.6338,230
2009-11,ASN00063049,-33.6094,150.0856,204
2009-11,ASN00063061,-33.8222,149.3244,270
2009-11,ASN00063063,-33.6774,149.8374,202
2009-11,ASN00063073,-33.6896,149.5633,192
2009-11,ASN00063076,-33.0807,149.6901,112
2009-11,ASN00063081,-33.6956,150.5408,390
2009-11,ASN00063093,-34.3093,149.9677,256
2009-11,ASN00063113,-33.5497,148.91,124
2009-11,ASN00063039,-33.7122,150.3087,604
2009-11,ASN00063114,-33.3439,149.1617,220
2009-11,ASN00063118,-33.5156,150.4892,616
2009-11,ASN00063119,-34.2347,149.265,160
2009-11,ASN00063132,-33.3808,150.0818,174
2009-11,ASN00063142,-33.577,149.8591,60
2009-11,ASN00063146,-33.5544,150.0526,186
2009-11,ASN00063214,-33.3561,149.4058,198
2009-11,ASN00063229,-33.6773,148.6115,148
2009-11,ASN00061110,-32.8736,150.7936,290
2009-11,ASN00063245,-33.6492,149.0759,142
2009-11,ASN00063117,-33.6739,149.0471,152
2009-11,ASN00063036,-33.8199,150.0227,225
2009-11,ASN00063035,-33.0362,149.4146,200
2009-11,ASN00063029,-33.744,149.1046,288
2009-11,ASN00061385,-33.0789,151.3403,780
2009-11,ASN00061387,-33.245,151.5119,172
2009-11,ASN00061392,-31.7416,150.7937,322
2009-11,ASN00061394,-33.2177,151.1251,223
2009-11,ASN00061405,-32.6753,151.6219,852
2009-11,ASN00061406,-33.0831,151.6511,320
2009-11,ASN00062003,-32.6657,149.1016,190
2009-11,ASN00062009,-31.9963,149.9856,472
2009-11,ASN00062013,-32.3634,149.5329,272
2009-11,ASN00062021,-32.5956,149.5956,160
2009-11,ASN00062032,-32.3592,149.9484,298
2009-11,ASN00062075,-32.4753,149.5151,85
2009-11,ASN00062089,-32.8936,149.3808,162
2009-11,ASN00062093,-32.7236,149.7702,100
2009-11,ASN00062099,-32.8366,148.9963,168
2009-11,ASN00062100,-32.7244,150.229,532
2009-11,ASN00062101,-32.5628,149.6149,204
2009-11,ASN00062102,-32.5204,150.0817,433
2009-11,ASN00063005,-33.4289,149.5559,170
2009-11,ASN00063013,-33.5366,150.4413,768
2009-11,ASN00063028,-33.6929,150.5291,462
2009-11,ASN00061382,-33.1681,151.2181,410
2009-11,ASN00061106,-32.3564,151.8059,844
2009-11,ASN00060015,-32.0063,151.9597,1012
2009-11,ASN00061097,-31.9201,151.2355,434
2009-11,ASN00058212,-29.183,153.3964,560
2009-11,ASN00058214,-28.8343,153.2616,622
2009-11,ASN00058216,-28.6399,153.6358,488
2009-11,ASN00058220,-28.705,152.8414,284
2009-11,ASN00058222,-29.7847,153.2639,1300
2009-11,ASN00059002,-30.65,152.8486,2514
2009-11,ASN00059006,-30.1619,153.0982,4390
2009-11,ASN00059007,-31.0711,152.7717,2396
2009-11,ASN00059009,-30.2358,153.0163,4934
2009-11,ASN00058208,-28.8775,153.052,216
2009-11,ASN00059019,-30.3641,152.4061,444
2009-11,ASN00059040,-30.3107,153.1187,5570
2009-11,ASN00059047,-31.1802,152.9681,1928
2009-11,ASN00059070,-30.4508,152.6231,1810
2009-11,ASN00059107,-30.566,152.6528,1836
2009-11,ASN00059110,-30.6688,152.7638,1910
2009-11,ASN00059113,-30.3098,152.7636,1782
2009-11,ASN00059118,-30.2493,152.463,732
2009-11,ASN00059122,-30.8217,152.5067,510
2009-11,ASN00059124,-29.9806,152.7222,1825
2009-11,ASN00059030,-30.9225,153.087,1366
2009-11,ASN00059128,-30.9783,152.5106,1950
2009-11,ASN00058206,-28.7231,153.3614,1070
2009-11,ASN00058202,-28.7406,153.075,740
2009-11,ASN00063246,-33.5105,150.3711,531
2009-11,ASN00058102,-29.737,152.7852,1168
2009-11,ASN00058113,-28.4738,153.0861,434
2009-11,ASN00058127,-28.7319,153.4065,905
2009-11,ASN00058129,-28.4658,153.2632,914
2009-11,ASN00058147,-28.6696,153.2789,827
2009-11,ASN00058148,-28.5276,153.1519,632
2009-11,ASN00058158,-28.3395,153.3809,788
2009-11,ASN00058161,-29.7583,153.0297,1164
2009-11,ASN00058204,-28.3217,153.3467,830
2009-11,ASN00058162,-28.7278,153.4622,1340
2009-11,ASN00058167,-28.4147,153.3339,930
2009-11,ASN00058171,-28.9263,153.4178,758
2009-11,ASN00058180,-28.6069,153.2083,530
2009-11,ASN00058186,-28.3283,153.4,970
2009-11,ASN00058193,-28.3538,153.293,855
2009-11,ASN00058194,-28.3811,152.7174,716
2009-11,ASN00058198,-28.8353,153.5585,534
2009-11,ASN00058199,-28.7364,153.1634,44
2009-11,ASN00058201,-28.7967,153.2386,590
2009-11,ASN00058165,-28.6229,153.409,1036
2009-11,ASN00059138,-30.6639,152.6528,2450
2009-11,ASN00059139,-30.1014,153.0009,3130
2009-11,ASN00059140,-30.3442,152.7187,1978
2009-11,ASN00060141,-31.8896,152.512,1162
2009-11,ASN00060144,-32.3796,152.5062,1658
2009-11,ASN00060146,-31.9572,152.585,266
2009-11,ASN00060147,-31.7361,152.3989,1796
2009-11,ASN00060148,-32.1625,152.2614,1460
2009-11,ASN00061007,-32.0332,150.5836,770
2009-11,ASN00061010,-32.5879,151.7813,774
2009-11,ASN00061012,-33.0853,151.4633,250
2009-11,ASN00061014,-32.6385,151.4173,320
2009-11,ASN00060139,-31.4336,152.8655,1910
2009-11,ASN00061017,-32.4022,151.7582,608
2009-11,ASN00061041,-33.0955,151.5506,274
2009-11,ASN00061054,-32.7103,152.1612,427
2009-11,ASN00061055,-32.9185,151.7985,342
2009-11,ASN00061071,-32.4027,151.9664,1002
2009-11,ASN00061078,-32.7932,151.8359,930
2009-11,ASN00061092,-32.5932,151.3335,272
2009-11,ASN00061093,-33.3653,151.3264,478
2009-11,ASN00061095,-32.1939,151.0932,232
2009-11,ASN00061096,-32.5997,151.618,624
2009-11,ASN00061031,-32.7756,151.735,560
2009-11,ASN00060137,-31.7683,151.8889,1028
2009-11,ASN00060130,-31.2936,152.3121,1226
2009-11,ASN00060128,-31.5833,151.3167,330
2009-11,ASN00060002,-32.4129,152.2079,1710
2009-11,ASN00060017,-31.7004,152.5833,2020
2009-11,ASN00060024,-31.7816,152.6684,1462
2009-11,ASN00060031,-31.3364,152.7852,4198
2009-11,ASN00060036,-31.862,152.3444,1086
2009-11,ASN00060042,-32.1532,151.9511,1360
2009-11,ASN00060046,-31.6877,152.2688,1422
2009-11,ASN00060065,-32.2942,152.3047,2340
2009-11,ASN00060075,-31.95,151.7923,1314
2009-11,ASN00060085,-31.3865,152.2482,3408
2009-11,ASN00060090,-31.3422,152.341,1672
2009-11,ASN00060095,-32.375,152.3808,2210
2009-11,ASN00060096,-32.2583,152.1208,2680
2009-11,ASN00060099,-32.4436,152.1561,1580
2009-11,ASN00060104,-31.4138,151.598,718
2009-11,ASN00060106,-31.6647,152.0637,748
2009-11,ASN00060112,-32.0525,151.9147,1474
2009-11,ASN00060116,-31.4367,152.4633,4
2009-11,ASN00060118,-31.7753,152.0778,1150
2009-11,ASN00060121,-31.5667,152.2401,1182
2009-11,ASN00060122,-31.8922,152.2739,1088
2009-11,ASN00061100,-32.7667,151.0872,130
2009-11,ASN00063254,-33.3211,149.0828,312
2009-11,ASN00070261,-35.6904,149.5869,128
2009-11,ASN00063283,-33.7,150.0278,130
2009-11,ASN00069013,-36.7677,149.6951,276
2009-11,ASN00069014,-36.3881,149.8882,300
2009-11,ASN00069015,-37.0557,149.9053,354
2009-11,ASN00069017,-36.2519,150.2275,106
2009-11,ASN00069018,-35.9093,150.1532,304
2009-11,ASN00069019,-36.8402,149.5257,480
2009-11,ASN00069022,-36.2144,150.1358,190
2009-11,ASN00069023,-35.6488,150.1454,384
2009-11,ASN00069029,-37.3623,149.6984,422
2009-11,ASN00069010,-35.4489,149.799,286
2009-11,ASN00069033,-35.9017,149.9611,240
2009-11,ASN00069036,-36.0876,150.0508,240
2009-11,ASN00069041,-35.2514,149.9158,220
2009-11,ASN00069042,-35.7661,149.9416,302
2009-11,ASN00069048,-35.7581,149.8252,318
2009-11,ASN00069049,-35.1165,150.0847,173
2009-11,ASN00069050,-36.2967,149.843,386
2009-11,ASN00069052,-35.7343,150.0508,340
2009-11,ASN00069054,-36.2967,149.51,318
2009-11,ASN00069062,-35.9446,149.5876,110
2009-11,ASN00069035,-35.7564,149.815,290
2009-11,ASN00069065,-36.5676,149.7511,294
2009-11,ASN00069006,-35.7011,149.7896,590
2009-11,ASN00068255,-34.4875,150.4014,310
2009-11,ASN00068192,-34.0391,150.689,202
2009-11,ASN00068200,-34.2075,150.7095,422
2009-11,ASN00068202,-34.6033,150.5487,390
2009-11,ASN00068213,-34.8667,150.605,250
2009-11,ASN00068215,-34.4167,150.1967,250
2009-11,ASN00068216,-34.1194,150.7402,300
2009-11,ASN00068217,-34.6866,150.5253,336
2009-11,ASN00068224,-34.5858,150.6264,630
2009-11,ASN00068228,-34.3691,150.9291,680
2009-11,ASN00069003,-36.6278,149.5705,366
2009-11,ASN00068229,-35.2439,150.5098,346
2009-11,ASN00068239,-34.5253,150.4217,282
2009-11,ASN00068241,-34.5638,150.79,478
2009-11,ASN00068243,-34.5776,150.5118,422
2009-11,ASN00068245,-34.9528,150.7019,358
2009-11,ASN00068246,-34.5707,150.8383,712
2009-11,ASN00068247,-34.7679,150.562,480
2009-11,ASN00068248,-34.6625,150.4333,460
2009-11,ASN00068249,-34.9636,150.0967,230
2009-11,ASN00068252,-34.6708,150.8497,683
2009-11,ASN00068233,-34.8517,150.3883,150
2009-11,ASN00069066,-36.9296,149.646,248
2009-11,ASN00069068,-36.6036,149.9984,196
2009-11,ASN00069088,-36.1935,149.4735,285
2009-11,ASN00070077,-34.9031,149.67,184
2009-11,ASN00070080,-34.4048,149.8197,212
2009-11,ASN00070084,-36.9325,148.9393,458
2009-11,ASN00070106,-36.8439,149.3897,344
2009-11,ASN00070112,-34.7226,149.1816,228
2009-11,ASN00070117,-34.7169,149.1207,230
2009-11,ASN00070124,-34.3024,149.8767,382
2009-11,ASN00070131,-34.545,149.6245,134
2009-11,ASN00070143,-34.6389,149.9541,179
2009-11,ASN00070071,-34.6514,149.5024,266
2009-11,ASN00070144,-34.4084,149.8836,262
2009-11,ASN00070161,-36.425,149.1139,430
2009-11,ASN00070165,-36.3541,149.198,152
2009-11,ASN00070214,-35.6311,149.5,282
2009-11,ASN00070217,-36.2939,148.9725,70
2009-11,ASN00070231,-35.3266,149.0492,158
2009-11,ASN00070237,-36.5902,149.3824,298
2009-11,ASN00070242,-35.2572,149.0742,214
2009-11,ASN00070246,-35.3098,149.1269,154
2009-11,ASN00058099,-29.2822,152.9888,612
2009-11,ASN00070147,-34.5604,149.7381,186
2009-11,ASN00070061,-35.5646,149.7406,288
2009-11,ASN00070060,-35.1559,149.7725,120
2009-11,ASN00070054,-36.2009,149.0602,210
2009-11,ASN00069114,-36.5404,149.8229,326
2009-11,ASN00069121,-35.4411,150.2857,300
2009-11,ASN00069127,-35.6864,149.8386,614
2009-11,ASN00069132,-35.4253,149.7835,192
2009-11,ASN00069133,-36.6631,149.5139,260
2009-11,ASN00069134,-35.7234,150.1872,266
2009-11,ASN00069137,-37.2622,150.0504,366
2009-11,ASN00069138,-35.3635,150.4827,328
2009-11,ASN00069139,-36.6722,149.8191,440
2009-11,ASN00069140,-36.4948,149.7434,288
2009-11,ASN00069142,-35.924,150.0362,316
2009-11,ASN00069145,-35.9775,149.8611,340
2009-11,ASN00069147,-36.9077,149.8989,586
2009-11,ASN00069148,-35.9004,150.1437,300
2009-11,ASN00069150,-35.3785,150.0032,270
2009-11,ASN00070005,-36.9113,149.2379,298
2009-11,ASN00070016,-35.5889,149.4478,354
2009-11,ASN00070025,-34.4578,149.4693,132
2009-11,ASN00070032,-35.2274,148.9139,224
2009-11,ASN00070043,-34.7823,149.2681,254
2009-11,ASN00070045,-35.1548,149.057,240
2009-11,ASN00068181,-34.7275,150.5208,350
2009-11,ASN00063271,-34.0417,149.3611,98
2009-11,ASN00068160,-34.0542,150.8772,200
2009-11,ASN00068125,-34.0904,150.5052,376
2009-11,ASN00065013,-33.4278,148.3721,182
2009-11,ASN00065019,-33.6146,148.435,170
2009-11,ASN00065020,-33.183,148.6941,222
2009-11,ASN00065022,-33.1628,148.5879,144
2009-11,ASN00065023,-33.0866,148.8598,148
2009-11,ASN00065030,-32.5192,148.5187,190
2009-11,ASN00065034,-32.5635,148.9503,93
2009-11,ASN00065041,-33.0956,148.8692,140
2009-11,ASN00065051,-32.9283,148.7547,232
2009-11,ASN00065010,-33.2869,148.7396,128
2009-11,ASN00065068,-33.1281,148.2428,200
2009-11,ASN00065084,-33.3711,148.5917,152
2009-11,ASN00065096,-33.2682,148.3945,202
2009-11,ASN00065098,-32.6833,148.9167,4
2009-11,ASN00065099,-32.3778,148.8741,96
2009-11,ASN00065103,-33.3627,147.9205,198
2009-11,ASN00065106,-32.0358,148.6552,62
2009-11,ASN00065112,-33.4818,148.2608,172
2009-11,ASN00066011,-33.8,151.2,80
2009-11,ASN00066034,-33.8507,151.1295,155
2009-11,ASN00065070,-32.2206,148.5753,128
2009-11,ASN00066036,-33.9186,151.1402,240
2009-11,ASN00065000,-32.4975,148.7488,128
2009-11,ASN00064050,-31.646,149.6209,152
2009-11,ASN00063287,-33.4111,149.5861,130
2009-11,ASN00063290,-33.4983,150.5215,654
2009-11,ASN00063291,-33.412,149.654,104
2009-11,ASN00063292,-33.6185,150.2741,538
2009-11,ASN00063293,-33.74,149.8822,120
2009-11,ASN00063295,-33.6297,150.2803,540
2009-11,ASN00063297,-33.5728,149.9128,70
2009-11,ASN00063298,-33.6144,149.6981,170
2009-11,ASN00063302,-33.8275,149.6033,190
2009-11,ASN00064054,-31.7914,149.6705,318
2009-11,ASN00063303,-33.3813,149.127,332
2009-11,ASN00064008,-31.2712,149.2714,96
2009-11,ASN00064009,-32.0159,149.3964,179
2009-11,ASN00064010,-32.1141,149.0365,134
2009-11,ASN00064015,-31.8227,149.1217,212
2009-11,ASN00064017,-31.3304,149.2699,96
2009-11,ASN00064024,-31.5622,148.9547,88
2009-11,ASN00064025,-31.8231,149.72,292
2009-11,ASN00064027,-31.3125,149.2048,96
2009-11,ASN00064029,-32.0156,149.3925,134
2009-11,ASN00063304,-33.7181,149.5106,130
2009-11,ASN00066037,-33.9465,151.1731,254
2009-11,ASN00066048,-33.8483,151.1105,182
2009-11,ASN00066052,-33.9096,151.2419,180
2009-11,ASN00067104,-33.6617,150.9,120
2009-11,ASN00067105,-33.6004,150.7761,138
2009-11,ASN00067108,-33.8969,150.7281,172
2009-11,ASN00067109,-33.7678,150.9814,85
2009-11,ASN00067110,-33.7858,150.9236,100
2009-11,ASN00067111,-33.7931,151.0167,90
2009-11,ASN00067112,-33.7672,151.0186,145
2009-11,ASN00067113,-33.7195,150.6783,136
2009-11,ASN00067114,-33.8667,150.8611,200
2009-11,ASN00067094,-33.4383,150.8917,128
2009-11,ASN00067119,-33.8511,150.8567,212
2009-11,ASN00068007,-34.0254,150.6455,234
2009-11,ASN00068024,-34.2272,150.9111,696
2009-11,ASN00068035,-34.6642,150.7586,454
2009-11,ASN00068044,-34.4474,150.4568,448
2009-11,ASN00068072,-34.9469,150.5353,294
2009-11,ASN00068080,-34.9158,150.7312,456
2009-11,ASN00068083,-34.9282,150.7484,510
2009-11,ASN00068088,-35.0938,150.6228,330
2009-11,ASN00068110,-34.4829,150.8555,576
2009-11,ASN00068000,-34.5712,150.7761,492
2009-11,ASN00067033,-33.6022,150.7794,195
2009-11,ASN00067027,-33.8902,150.5934,93
2009-11,ASN00067026,-33.7704,150.9318,100
2009-11,ASN00066058,-33.9942,151.1292,310
2009-11,ASN00066059,-33.6908,151.2253,190
2009-11,ASN00066073,-33.9105,151.2276,280
2009-11,ASN00066078,-34.0517,150.98,216
2009-11,ASN00066080,-33.7809,151.2044,100
2009-11,ASN00066098,-33.8809,151.2658,172
2009-11,ASN00066124,-33.7917,151.0181,122
2009-11,ASN00066128,-33.5965,151.3221,178
2009-11,ASN00066137,-33.9181,150.9864,214
2009-11,ASN00066142,-33.6761,151.1818,162
2009-11,ASN00066148,-33.97,151.0638,350
2009-11,ASN00066156,-33.7791,151.1121,94
2009-11,ASN00066176,-34.0658,151.0567,300
2009-11,ASN00066188,-33.7402,151.2173,166
2009-11,ASN00066194,-33.9057,151.1134,234
2009-11,ASN00066204,-34.0009,151.0738,188
2009-11,ASN00067002,-33.6667,150.6696,332
2009-11,ASN00067017,-33.8136,150.9392,110
2009-11,ASN00067019,-33.8193,150.9127,125
2009-11,ASN00067021,-33.6165,150.7477,59
2009-11,ASN00067023,-33.4972,151.0931,234
2009-11,ASN00068151,-35.0936,150.8049,404
2009-11,ASN00058097,-29.1514,153.2792,832
2009-11,ASN00041024,-27.2067,151.8467,150
2009-11,ASN00058079,-29.7619,153.1047,1420
2009-11,ASN00043065,-27.7683,148.7147,40
2009-11,ASN00043080,-27.2275,148.7411,132
2009-11,ASN00043091,-26.5442,148.7778,186
2009-11,ASN00043093,-26.6064,148.5372,134
2009-11,ASN00043095,-27.3867,149.3878,642
2009-11,ASN00043099,-26.82,148.0244,54
2009-11,ASN00043100,-27.7333,148.4667,0
2009-11,ASN00043101,-27.3117,148.8267,70
2009-11,ASN00043102,-26.49,147.9792,160
2009-11,ASN00043061,-25.9847,148.5567,116
2009-11,ASN00043105,-26.4083,148.7833,120
2009-11,ASN00043108,-25.96,148.3867,184
2009-11,ASN00043109,-28.0489,148.5942,0
2009-11,ASN00043112,-26.7997,148.5989,94
2009-11,ASN00044010,-28.0336,147.4803,422
2009-11,ASN00044021,-26.4139,146.2558,58
2009-11,ASN00044026,-28.0706,145.6808,28
2009-11,ASN00044038,-27.02,147.1536,68
2009-11,ASN00044040,-26.1108,144.8728,84
2009-11,ASN00044041,-25.9719,146.6189,168
2009-11,ASN00043106,-26.5089,148.1314,100
2009-11,ASN00044044,-26.3453,147.1258,110
2009-11,ASN00043060,-26.0756,147.9044,252
2009-11,ASN00043052,-27.0006,149.4969,396
2009-11,ASN00042002,-27.2067,150.2828,58
2009-11,ASN00042016,-27.3411,150.0619,166
2009-11,ASN00042022,-27.3236,149.8828,298
2009-11,ASN00042023,-26.6581,150.1844,328
2009-11,ASN00042025,-26.5519,150.6322,628
2009-11,ASN00042034,-27.1689,150.0019,278
2009-11,ASN00042035,-26.6439,149.6278,312
2009-11,ASN00042078,-26.9186,150.4722,390
2009-11,ASN00042100,-27.7644,150.0694,230
2009-11,ASN00043054,-25.8428,148.5669,18
2009-11,ASN00042104,-28.3839,149.6747,220
2009-11,ASN00042116,-28.23,149.5617,76
2009-11,ASN00043015,-25.8428,148.5669,22
2009-11,ASN00043020,-26.4888,147.9777,130
2009-11,ASN00043035,-27.159,149.0703,184
2009-11,ASN00043037,-26.2094,149.0894,290
2009-11,ASN00043041,-28.1436,148.7089,0
2009-11,ASN00043043,-26.6133,149.3878,183
2009-11,ASN00043045,-28.0944,148.9731,242
2009-11,ASN00043051,-26.2625,149.2389,322
2009-11,ASN00042112,-26.6569,150.1819,328
2009-11,ASN00044045,-27.4133,147.4314,100
2009-11,ASN00044047,-26.44,147.6942,135
2009-11,ASN00044050,-26.4156,147.1131,178
2009-11,ASN00046052,-29.4089,143.3808,322
2009-11,ASN00046124,-29.8718,142.434,470
2009-11,ASN00046126,-29.4448,142.0567,420
2009-11,ASN00046128,-31.0867,141.7017,348
2009-11,ASN00046129,-30.8517,143.0742,434
2009-11,ASN00047013,-32.9669,143.1071,668
2009-11,ASN00047016,-34.0398,141.2652,526
2009-11,ASN00047019,-32.3937,142.4173,405
2009-11,ASN00047022,-32.4757,143.9409,164
2009-11,ASN00046043,-31.5631,143.3747,422
2009-11,ASN00047029,-33.3856,142.5696,750
2009-11,ASN00047040,-33.9297,142.3572,130
2009-11,ASN00047046,-33.2552,141.7984,744
2009-11,ASN00047048,-32.0012,141.4694,486
2009-11,ASN00047049,-32.0682,141.1097,694
2009-11,ASN00047053,-34.1065,141.9189,570
2009-11,ASN00047056,-32.419,141.5525,752
2009-11,ASN00047058,-32.3902,142.4164,416
2009-11,ASN00047078,-33.2714,141.5962,624
2009-11,ASN00047093,-33.7492,142.2205,556
2009-11,ASN00047033,-33.4268,142.5719,790
2009-11,ASN00046022,-31.4469,143.6548,250
2009-11,ASN00046015,-31.4459,142.1352,418
2009-11,ASN00046012,-31.5194,143.385,402
2009-11,ASN00044054,-28.8061,147.1194,20
2009-11,ASN00044056,-26.4458,147.5453,56
2009-11,ASN00044057,-25.4992,146.5442,137
2009-11,ASN00044075,-27.265,148.0814,214
2009-11,ASN00044111,-25.8517,146.1894,38
2009-11,ASN00044137,-27.8717,148.0344,16
2009-11,ASN00044142,-27.6844,147.6981,0
2009-11,ASN00044153,-28.1631,145.0431,224
2009-11,ASN00044154,-28.3875,148.3111,42
2009-11,ASN00044181,-28.9972,144.4094,150
2009-11,ASN00044208,-26.1394,145.6639,74
2009-11,ASN00044211,-25.3353,147.3,302
2009-11,ASN00044223,-25.4536,147.3031,204
2009-11,ASN00045003,-26.9011,144.3386,200
2009-11,ASN00045007,-26.1133,144.1333,222
2009-11,ASN00045009,-27.4008,141.8114,690
2009-11,ASN00045015,-26.6125,144.2578,90
2009-11,ASN00045025,-27.9867,143.815,402
2009-11,ASN00045029,-28.0722,141.5317,560
2009-11,ASN00046002,-29.7656,143.1142,416
2009-11,ASN00046006,-29.0885,141.2033,250
2009-11,ASN00041551,-26.9669,151.4847,530
2009-11,ASN00047104,-32.804,141.5096,632
2009-11,ASN00041548,-28.8675,151.1611,1150
2009-11,ASN00041546,-27.9803,150.515,244
2009-11,ASN00041134,-28.3128,152.4025,864
2009-11,ASN00041145,-26.8397,151.165,554
2009-11,ASN00041152,-27.9753,150.9225,0
2009-11,ASN00041162,-28.2694,150.8106,432
2009-11,ASN00041166,-27.6764,151.6022,316
2009-11,ASN00041170,-27.5433,151.6383,384
2009-11,ASN00041175,-28.6217,151.9533,778
2009-11,ASN00041182,-27.1667,151.5697,296
2009-11,ASN00041191,-27.2627,151.3747,566
2009-11,ASN00041128,-28.4997,150.5928,452
2009-11,ASN00041208,-28.3542,152.3392,624
2009-11,ASN00041230,-28.7208,151.1825,634
2009-11,ASN00041240,-27.1858,151.1419,624
2009-11,ASN00041250,-27.7894,151.4133,358
2009-11,ASN00041276,-27.9292,152.1606,334
2009-11,ASN00041277,-26.7675,151.2075,497
2009-11,ASN00041314,-27.7578,151.4483,322
2009-11,ASN00041323,-28.0187,152.2861,432
2009-11,ASN00041338,-28.8,151.8433,790
2009-11,ASN00041339,-27.2131,151.1856,680
2009-11,ASN00041229,-28.0775,152.2625,394
2009-11,ASN00041344,-28.2075,151.5608,666
2009-11,ASN00041120,-28.1897,152.2064,608
2009-11,ASN00041112,-28.4033,150.0517,60
2009-11,ASN00070263,-34.7495,149.7034,112
2009-11,ASN00041025,-27.5742,151.0839,187
2009-11,ASN00041034,-28.4039,151.4703,540
2009-11,ASN00041037,-27.3072,151.8506,190
2009-11,ASN00041047,-28.4147,151.0828,487
2009-11,ASN00041050,-26.7797,151.1111,994
2009-11,ASN00041052,-26.6928,151.0964,748
2009-11,ASN00041053,-27.3675,151.5897,232
2009-11,ASN00041056,-28.3344,152.2953,394
2009-11,ASN00041116,-28.9231,151.9306,155
2009-11,ASN00041072,-27.4831,151.6003,350
2009-11,ASN00041083,-28.0694,151.7797,600
2009-11,ASN00041085,-28.3253,152.3942,706
2009-11,ASN00041086,-26.6653,151.3969,184
2009-11,ASN00041091,-26.8086,151.0806,1080
2009-11,ASN00041095,-28.6617,151.9339,911
2009-11,ASN00041096,-27.5094,151.9547,379
2009-11,ASN00041098,-28.2858,152.2425,340
2009-11,ASN00041100,-28.8544,151.1681,1254
2009-11,ASN00041106,-27.9651,152.0752,268
2009-11,ASN00041082,-27.7156,151.6333,280
2009-11,ASN00041348,-28.1667,150.6444,772
2009-11,ASN00041359,-27.4034,151.7413,170
2009-11,ASN00041365,-28.6514,151.6336,1540
2009-11,ASN00041508,-27.7267,150.6453,630
2009-11,ASN00041509,-27.6783,150.3483,122
2009-11,ASN00041510,-27.4722,151.9481,390
2009-11,ASN00041512,-27.3825,151.9244,230
2009-11,ASN00041519,-28.5767,150.845,680
2009-11,ASN00041522,-27.1605,151.2634,828
2009-11,ASN00041525,-28.2061,152.1003,406
2009-11,ASN00041528,-27.0481,151.6314,524
2009-11,ASN00041529,-27.5425,151.9134,320
2009-11,ASN00041507,-28.6656,150.445,172
2009-11,ASN00041530,-28.2006,152.2156,490
2009-11,ASN00041532,-28.3558,151.9967,0
2009-11,ASN00041533,-28.2292,152.2269,220
2009-11,ASN00041534,-28.2111,152.0275,160
2009-11,ASN00041535,-28.3731,152.14,610
2009-11,ASN00041536,-28.2883,152.1053,290
2009-11,ASN00041537,-28.3394,152.2944,300
2009-11,ASN00041540,-29.1694,151.3414,522
2009-11,ASN00041543,-28.0719,151.1861,308
2009-11,ASN00041545,-27.6539,150.9136,192
2009-11,ASN00041531,-28.1167,152.0642,320
2009-11,ASN00041506,-28.6561,150.6653,410
2009-11,ASN00041504,-27.7358,151.4117,295
2009-11,ASN00041503,-28.2167,152.05,260
2009-11,ASN00041369,-27.5233,151.8819,400
2009-11,ASN00041370,-28.1236,150.5431,565
2009-11,ASN00041371,-28.4572,151.6817,828
2009-11,ASN00041388,-28.055,151.3297,254
2009-11,ASN00041391,-28.3611,151.1464,870
2009-11,ASN00041397,-28.1422,150.1319,370
2009-11,ASN00041404,-27.9592,151.6664,508
2009-11,ASN00041405,-27.7952,151.7387,452
2009-11,ASN00041415,-28.2367,151.5347,796
2009-11,ASN00041445,-28.2144,151.9194,496
2009-11,ASN00041456,-28.0621,152.3675,22
2009-11,ASN00041457,-28.4225,151.2131,1426
2009-11,ASN00041464,-28.1553,152.33,328
2009-11,ASN00041469,-27.0289,151.0947,546
2009-11,ASN00041473,-28.1022,151.8119,390
2009-11,ASN00041486,-26.9575,150.8633,522
2009-11,ASN00041489,-28.3011,150.2936,388
2009-11,ASN00041490,-26.9,150.7833,570
2009-11,ASN00041491,-28.4333,151.4667,450
2009-11,ASN00041493,-27.4967,150.4539,190
2009-11,ASN00041495,-28.4828,151.2831,1040
2009-11,ASN00041547,-28.9236,151.9289,1012
2009-11,ASN00047106,-32.9703,142.3855,528
2009-11,ASN00047107,-34.3206,142.3645,720
2009-11,ASN00048015,-29.9614,146.8651,75
2009-11,ASN00055319,-30.6126,150.5862,252
2009-11,ASN00055322,-31.3908,151.4019,396
2009-11,ASN00055325,-31.0742,150.8362,564
2009-11,ASN00055331,-30.7299,150.5784,430
2009-11,ASN00055335,-31.5347,151.1806,446
2009-11,ASN00056001,-29.7183,151.355,198
2009-11,ASN00056008,-29.4421,151.8483,434
2009-11,ASN00056010,-30.9406,151.7078,336
2009-11,ASN00056013,-29.6953,151.6936,720
2009-11,ASN00055313,-31.2717,150.9167,404
2009-11,ASN00056018,-29.7752,151.0819,194
2009-11,ASN00056028,-30.7338,151.5105,429
2009-11,ASN00056032,-29.0479,152.0172,773
2009-11,ASN00056034,-30.6437,151.4906,604
2009-11,ASN00056037,-30.5264,151.6697,774
2009-11,ASN00056052,-29.0988,151.7416,1130
2009-11,ASN00056057,-30.0867,151.3909,256
2009-11,ASN00056077,-31.0678,151.5022,414
2009-11,ASN00056094,-29.5488,151.9942,402
2009-11,ASN00056098,-29.5817,151.9483,460
2009-11,ASN00056023,-28.3933,152.4157,484
2009-11,ASN00056100,-29.6315,151.5561,294
2009-11,ASN00055311,-31.2171,150.8185,380
2009-11,ASN00055303,-30.8098,150.7524,944
2009-11,ASN00055053,-31.346,149.8285,164
2009-11,ASN00055057,-31.7731,150.2856,408
2009-11,ASN00055065,-31.166,150.5441,614
2009-11,ASN00055066,-31.6218,150.8437,231
2009-11,ASN00055075,-31.1224,150.6957,360
2009-11,ASN00055105,-30.7967,150.8647,430
2009-11,ASN00055136,-30.9672,151.3451,300
2009-11,ASN00055157,-31.0853,150.658,390
2009-11,ASN00055164,-31.1805,151.3031,442
2009-11,ASN00055309,-31.1472,151.2306,454
2009-11,ASN00055176,-31.2573,151.0842,430
2009-11,ASN00055183,-31.2962,150.8606,306
2009-11,ASN00055190,-31.3658,150.8357,320
2009-11,ASN00055202,-30.9537,150.2494,178
2009-11,ASN00055220,-30.9585,150.1505,146
2009-11,ASN00055254,-30.7902,150.629,450
2009-11,ASN00055257,-31.2208,150.8213,480
2009-11,ASN00055262,-31.3505,151.3177,280
2009-11,ASN00055276,-30.8828,150.4928,320
2009-11,ASN00055282,-31.4753,150.5439,408
2009-11,ASN00055181,-31.2547,151.1208,395
2009-11,ASN00056111,-29.7799,151.3503,170
2009-11,ASN00056141,-28.8867,152.1144,986
2009-11,ASN00056161,-30.1575,151.8774,740
2009-11,ASN00057114,-29.1967,152.595,1092
2009-11,ASN00057119,-30.889,151.8547,624
2009-11,ASN00057123,-29.7603,152.2057,654
2009-11,ASN00057124,-30.4833,152.398,998
2009-11,ASN00057125,-30.3969,152.358,408
2009-11,ASN00058005,-28.3981,153.1731,1080
2009-11,ASN00058007,-28.6369,153.588,1842
2009-11,ASN00058012,-29.4333,153.3633,752
2009-11,ASN00058019,-28.5314,153.3151,1004
2009-11,ASN00057104,-31.2739,151.9655,504
2009-11,ASN00058020,-28.2886,153.3651,1306
2009-11,ASN00058027,-29.4227,153.2533,1436
2009-11,ASN00058036,-28.31,153.2228,770
2009-11,ASN00058040,-28.5451,153.4948,1162
2009-11,ASN00058044,-28.5966,153.2233,696
2009-11,ASN00058056,-28.2025,153.5502,560
2009-11,ASN00058059,-29.6309,153.0286,1062
2009-11,ASN00058068,-29.4133,153.0153,832
2009-11,ASN00058070,-28.6384,153.4128,840
2009-11,ASN00058077,-29.6224,152.9605,1108
2009-11,ASN00058023,-28.7908,153.3958,885
2009-11,ASN00057103,-30.0093,152.0101,466
2009-11,ASN00057095,-28.7551,152.4507,974
2009-11,ASN00057093,-29.5101,152.4897,1018
2009-11,ASN00056176,-30.1369,151.2581,370
2009-11,ASN00056202,-28.9776,152.1552,512
2009-11,ASN00056205,-29.8995,151.965,180
2009-11,ASN00056207,-28.5417,151.9909,1026
2009-11,ASN00056229,-30.2126,151.6787,704
2009-11,ASN00056234,-30.9874,151.5855,320
2009-11,ASN00056236,-31.0109,151.6246,396
2009-11,ASN00056237,-29.8025,151.2726,160
2009-11,ASN00056238,-30.5273,151.6158,606
2009-11,ASN00056239,-28.7014,152.0974,978
2009-11,ASN00056240,-30.3358,151.7367,650
2009-11,ASN00056242,-29.7796,151.1121,182
2009-11,ASN00056243,-29.678,151.694,818
2009-11,ASN00057003,-28.737,152.6228,512
2009-11,ASN00057005,-28.9279,152.3759,981
2009-11,ASN00057018,-28.8914,152.5663,556
2009-11,ASN00057023,-30.2892,152.1701,520
2009-11,ASN00057024,-28.3879,152.6083,304
2009-11,ASN00057028,-30.5644,151.907,328
2009-11,ASN00057035,-31.1333,152.1253,526
2009-11,ASN00057091,-30.7167,151.8531,38
2009-11,ASN00055049,-31.5086,150.6792,378
2009-11,ASN00055046,-31.5271,150.4296,186
2009-11,ASN00055041,-31.4605,151.1275,26
2009-11,ASN00055016,-30.9963,151.2292,380
2009-11,ASN00050037,-32.6309,147.5659,222
2009-11,ASN00050045,-33.8486,146.8261,334
2009-11,ASN00050052,-33.0664,147.2283,172
2009-11,ASN00050108,-32.5724,147.2162,140
2009-11,ASN00050110,-32.6358,148.058,140
2009-11,ASN00050117,-32.8952,148.2811,281
2009-11,ASN00050119,-32.9365,148.2452,206
2009-11,ASN00050137,-33.0682,147.2133,188
2009-11,ASN00050139,-32.5613,148.3353,162
2009-11,ASN00050031,-32.7235,148.1902,200
2009-11,ASN00050141,-33.055,147.4427,372
2009-11,ASN00051018,-31.7055,148.6625,120
2009-11,ASN00051026,-31.5629,146.7181,198
2009-11,ASN00051033,-31.8576,147.1343,142
2009-11,ASN00051034,-31.4986,147.6865,94
2009-11,ASN00051042,-30.9252,147.869,30
2009-11,ASN00051049,-31.9861,147.9489,64
2009-11,ASN00051057,-30.6998,147.2232,116
2009-11,ASN00051066,-31.9478,148.62,67
2009-11,ASN00051122,-31.5558,148.5981,106
2009-11,ASN00051008,-32.4581,148.1491,110
2009-11,ASN00050017,-33.9382,147.1962,232
2009-11,ASN00050010,-33.5159,147.2541,310
2009-11,ASN00049133,-33.516,144.7651,216
2009-11,ASN00048025,-29.3513,146.8126,116
2009-11,ASN00048027,-31.484,145.8294,98
2009-11,ASN00048031,-29.5407,148.5818,72
2009-11,ASN00048047,-29.1509,148.6252,30
2009-11,ASN00048079,-29.7029,144.1482,276
2009-11,ASN00048115,-31.424,145.2539,128
2009-11,ASN00048168,-29.1173,147.8993,164
2009-11,ASN00048237,-31.5389,145.7964,122
2009-11,ASN00048243,-29.431,147.9722,64
2009-11,ASN00048245,-30.0362,145.9521,34
2009-11,ASN00049000,-32.8831,144.3088,292
2009-11,ASN00049002,-34.6398,143.561,686
2009-11,ASN00049023,-34.4523,142.9109,970
2009-11,ASN00049045,-34.5594,143.0754,942
2009-11,ASN00049055,-34.1953,143.7916,848
2009-11,ASN00049061,-32.3884,144.7456,60
2009-11,ASN00049063,-33.052,144.1444,290
2009-11,ASN00049092,-33.6959,144.2757,324
2009-11,ASN00049103,-32.1698,144.2007,240
2009-11,ASN00049105,-32.5187,146.2819,240
2009-11,ASN00049132,-33.1898,145.3067,290
2009-11,ASN00051133,-31.2294,148.8861,256
2009-11,ASN00058080,-29.87,153.2653,2352
2009-11,ASN00051160,-31.7069,148.6358,56
2009-11,ASN00052016,-30.6088,148.972,70
2009-11,ASN00054073,-29.6448,151.2362,390
2009-11,ASN00054074,-29.6613,151.0196,112
2009-11,ASN00054076,-29.64,151.4297,284
2009-11,ASN00054078,-29.6754,151.1527,394
2009-11,ASN00054082,-29.6382,151.4055,186
2009-11,ASN00054102,-30.3735,150.6723,340
2009-11,ASN00054104,-29.3899,151.2448,73
2009-11,ASN00054114,-30.0977,151.0089,224
2009-11,ASN00054117,-30.2244,150.723,330
2009-11,ASN00054049,-29.405,150.9012,112
2009-11,ASN00054124,-29.2743,150.2658,316
2009-11,ASN00054128,-29.8866,150.8951,58
2009-11,ASN00054141,-29.5833,150.37,425
2009-11,ASN00054146,-29.2333,151.3833,565
2009-11,ASN00054149,-30.1872,149.8642,128
2009-11,ASN00054160,-29.1199,151.2942,518
2009-11,ASN00055000,-30.9113,150.8579,538
2009-11,ASN00055002,-31.2342,149.8345,108
2009-11,ASN00055006,-31.6405,150.2356,368
2009-11,ASN00055007,-30.7056,150.0458,262
2009-11,ASN00054125,-30.1312,150.1462,158
2009-11,ASN00054046,-29.3992,151.4107,608
2009-11,ASN00054038,-30.3154,149.8302,86
2009-11,ASN00054029,-29.5416,150.5754,219
2009-11,ASN00052020,-28.9786,148.9899,54
2009-11,ASN00052023,-30.3515,148.8843,54
2009-11,ASN00052067,-29.8136,148.9104,66
2009-11,ASN00052088,-30.0372,148.1223,130
2009-11,ASN00053002,-30.9469,149.0654,35
2009-11,ASN00053003,-29.9182,149.7919,70
2009-11,ASN00053018,-28.9917,150.017,86
2009-11,ASN00053033,-29.4748,150.1359,232
2009-11,ASN00053034,-30.1187,149.3232,40
2009-11,ASN00053035,-29.8401,149.3207,134
2009-11,ASN00053041,-28.8697,150.0903,188
2009-11,ASN00053044,-30.2257,149.4452,108
2009-11,ASN00053073,-30.7632,149.0008,50
2009-11,ASN00053081,-30.8043,149.1246,2
2009-11,ASN00053085,-28.9665,149.6721,130
2009-11,ASN00053115,-29.4914,149.8458,144
2009-11,ASN00054003,-30.3781,150.6096,555
2009-11,ASN00054004,-29.8673,150.5715,140
2009-11,ASN00054013,-29.654,150.8291,74
2009-11,ASN00054023,-30.2948,150.8103,297
2009-11,ASN00054027,-29.5581,150.8871,86
2009-11,ASN00051161,-30.9776,148.3798,80
2009-11,ASN00070269,-34.6653,149.9888,357
2009-11,ASN00109505,-33.5958,115.8186,440
2009-11,ASN00070299,-36.1827,149.3467,140
2009-11,ASN00089022,-37.6472,142.2309,600
2009-11,ASN00089025,-37.6854,143.3654,842
2009-11,ASN00089033,-37.6901,142.7253,544
2009-11,ASN00089034,-37.5483,142.7393,142
2009-11,ASN00089043,-37.3909,141.9194,515
2009-11,ASN00089048,-37.517,143.9275,1256
2009-11,ASN00089068,-37.9324,143.7864,854
2009-11,ASN00089074,-37.9477,143.2222,644
2009-11,ASN00089084,-37.9333,143.8667,852
2009-11,ASN00089019,-37.4043,142.3843,702
2009-11,ASN00089085,-37.2775,142.9811,671
2009-11,ASN00089106,-37.4152,143.6718,1310
2009-11,ASN00089107,-37.3494,143.2956,998
2009-11,ASN00089109,-37.3598,143.1961,714
2009-11,ASN00089111,-37.5174,143.7791,1200
2009-11,ASN00089112,-37.7067,142.9378,710
2009-11,ASN00090001,-38.7481,143.6635,1060
2009-11,ASN00090005,-38.1954,143.6399,96
2009-11,ASN00090008,-38.3372,143.7844,66
2009-11,ASN00090010,-37.8595,141.7708,430
2009-11,ASN00089103,-37.9708,143.2189,722
2009-11,ASN00090013,-38.3215,141.406,656
2009-11,ASN00089018,-37.9543,143.3437,216
2009-11,ASN00089011,-37.6467,142.3419,676
2009-11,ASN00088067,-37.2177,145.4211,626
2009-11,ASN00088071,-37.4181,144.2133,1634
2009-11,ASN00088103,-37.4958,145.7475,680
2009-11,ASN00088108,-37.1566,144.2079,712
2009-11,ASN00088109,-36.8886,145.1859,556
2009-11,ASN00088110,-37.0809,144.2392,850
2009-11,ASN00088113,-37.3387,143.9861,1470
2009-11,ASN00088119,-37.3167,145.7167,656
2009-11,ASN00088121,-37.1425,144.9264,586
2009-11,ASN00089016,-37.711,142.8395,246
2009-11,ASN00088123,-37.25,144.4378,780
2009-11,ASN00088130,-37.4234,145.7085,527
2009-11,ASN00088137,-37.1644,143.5532,1002
2009-11,ASN00088138,-37.2348,144.9962,725
2009-11,ASN00088162,-37.3807,144.9654,880
2009-11,ASN00088164,-37.2091,145.8423,580
2009-11,ASN00089002,-37.5127,143.7911,1130
2009-11,ASN00089003,-37.2472,141.8415,464
2009-11,ASN00089009,-37.5267,142.0414,460
2009-11,ASN00089010,-38.0297,143.6331,768
2009-11,ASN00088126,-37.0213,145.1091,694
2009-11,ASN00090015,-38.8556,143.5128,584
2009-11,ASN00090021,-38.3291,143.0779,78
2009-11,ASN00090022,-38.2798,143.6613,578
2009-11,ASN00090180,-38.4583,144.0883,848
2009-11,ASN00090181,-38.241,143.1393,447
2009-11,ASN00090182,-37.583,141.3339,480
2009-11,ASN00090183,-38.6286,143.7306,660
2009-11,ASN00090184,-38.4306,141.5437,570
2009-11,ASN00090185,-38.5497,143.8594,850
2009-11,ASN00090186,-38.2867,142.4522,470
2009-11,ASN00090187,-38.4115,143.9771,752
2009-11,ASN00090188,-38.4831,143.9142,742
2009-11,ASN00090176,-38.0737,142.7744,484
2009-11,ASN00091000,-41.5211,146.7158,502
2009-11,ASN00091011,-40.6842,144.7181,693
2009-11,ASN00091019,-41.8142,147.0922,682
2009-11,ASN00091029,-41.4978,146.535,890
2009-11,ASN00091032,-41.7244,147.3208,594
2009-11,ASN00091034,-40.8842,145.2161,834
2009-11,ASN00091039,-41.1839,146.4817,670
2009-11,ASN00091041,-41.2383,146.9953,506
2009-11,ASN00091053,-41.25,147.2169,142
2009-11,ASN00091055,-41.5406,146.1364,734
2009-11,ASN00091001,-41.2025,146.8156,816
2009-11,ASN00090175,-38.3906,142.2347,600
2009-11,ASN00090173,-37.6486,142.0636,464
2009-11,ASN00090171,-38.3148,141.4705,702
2009-11,ASN00090024,-37.6044,141.6853,18
2009-11,ASN00090026,-37.3443,141.6861,470
2009-11,ASN00090033,-37.3563,141.2103,404
2009-11,ASN00090035,-38.2333,143.7925,644
2009-11,ASN00090036,-37.9695,141.3077,434
2009-11,ASN00090045,-38.1059,142.3216,184
2009-11,ASN00090055,-38.0339,141.9998,428
2009-11,ASN00090060,-38.4699,142.7502,604
2009-11,ASN00090061,-38.421,143.8348,552
2009-11,ASN00090062,-37.8824,142.4235,482
2009-11,ASN00090063,-37.875,142.2895,518
2009-11,ASN00090067,-38.6196,142.9944,641
2009-11,ASN00090070,-38.3846,141.6074,639
2009-11,ASN00090076,-38.6771,143.6826,1652
2009-11,ASN00090077,-38.2362,142.9166,638
2009-11,ASN00090093,-38.7553,143.5103,732
2009-11,ASN00090105,-37.7417,141.0657,446
2009-11,ASN00090147,-38.3427,143.5848,162
2009-11,ASN00090153,-38.255,143.1256,50
2009-11,ASN00090165,-38.5582,143.1663,666
2009-11,ASN00090167,-38.243,143.9887,795
2009-11,ASN00088064,-37.1225,144.8561,0
2009-11,ASN00091060,-40.905,145.3492,860
2009-11,ASN00088061,-37.3449,144.5365,544
2009-11,ASN00088056,-37.1714,143.701,978
2009-11,ASN00086223,-38.3391,145.0288,966
2009-11,ASN00086224,-37.9785,145.2235,1134
2009-11,ASN00086232,-37.8303,144.9767,942
2009-11,ASN00086265,-38.3142,145.1756,735
2009-11,ASN00086281,-38.3343,145.6696,510
2009-11,ASN00086282,-37.6655,144.8321,1170
2009-11,ASN00086299,-38.0222,145.3561,1264
2009-11,ASN00086303,-37.8886,145.1928,1196
2009-11,ASN00086305,-37.6369,144.9072,1082
2009-11,ASN00086213,-38.3781,144.8997,520
2009-11,ASN00086314,-38.1992,145.4933,921
2009-11,ASN00086358,-37.8586,145.6532,674
2009-11,ASN00086361,-38.3646,145.1785,862
2009-11,ASN00086364,-37.6594,145.4457,585
2009-11,ASN00086369,-37.9535,145.1655,964
2009-11,ASN00086373,-38.4612,145.3101,652
2009-11,ASN00086374,-37.4652,145.2637,184
2009-11,ASN00086377,-37.4225,145.0752,888
2009-11,ASN00086379,-37.7917,145.2433,979
2009-11,ASN00086383,-37.7239,145.4094,586
2009-11,ASN00086350,-37.4187,144.977,816
2009-11,ASN00086393,-38.4617,144.9019,688
2009-11,ASN00086210,-38.0651,145.1294,760
2009-11,ASN00086127,-38.6078,145.5965,726
2009-11,ASN00085304,-37.4967,146.8575,1220
2009-11,ASN00085305,-37.8758,146.0833,922
2009-11,ASN00086020,-37.9551,145.0782,882
2009-11,ASN00086035,-37.7011,145.1547,852
2009-11,ASN00086038,-37.7276,144.9066,970
2009-11,ASN00086039,-37.7915,144.9067,1016
2009-11,ASN00086063,-38.2656,145.5692,720
2009-11,ASN00086068,-37.7408,145.0972,1174
2009-11,ASN00086074,-37.8219,145.1906,1138
2009-11,ASN00086131,-37.5552,145.1259,604
2009-11,ASN00086076,-37.8019,145.3675,892
2009-11,ASN00086079,-38.2358,145.0667,1035
2009-11,ASN00086088,-37.9142,145.0935,1078
2009-11,ASN00086090,-37.7089,145.7855,852
2009-11,ASN00086096,-37.7214,145.0059,916
2009-11,ASN00086104,-37.871,145.2561,1128
2009-11,ASN00086105,-38.4282,145.0412,908
2009-11,ASN00086111,-37.9445,145.1764,1161
2009-11,ASN00086117,-37.477,145.1513,808
2009-11,ASN00086119,-38.4836,145.1766,878
2009-11,ASN00086077,-37.98,145.0964,818
2009-11,ASN00087006,-37.6018,144.2295,1254
2009-11,ASN00087007,-37.743,144.1406,1017
2009-11,ASN00087014,-37.5512,143.9322,1146
2009-11,ASN00087171,-37.5223,144.4779,1402
2009-11,ASN00087173,-37.294,144.7066,764
2009-11,ASN00087175,-37.2732,144.5974,884
2009-11,ASN00087176,-37.7569,144.7511,1112
2009-11,ASN00087178,-38.2504,144.5104,362
2009-11,ASN00088002,-36.893,145.2316,588
2009-11,ASN00088009,-36.9886,143.9747,842
2009-11,ASN00088010,-37.2531,144.8614,1052
2009-11,ASN00088015,-37.3049,143.7776,1004
2009-11,ASN00087168,-37.9075,144.1303,1034
2009-11,ASN00088020,-37.3432,144.1575,382
2009-11,ASN00088023,-37.2313,145.9124,630
2009-11,ASN00088029,-36.9579,144.6935,690
2009-11,ASN00088031,-37.0695,145.4177,704
2009-11,ASN00088032,-37.0856,143.9977,1280
2009-11,ASN00088037,-37.2535,144.3825,768
2009-11,ASN00088042,-37.1965,144.3742,746
2009-11,ASN00088043,-37.056,143.732,1105
2009-11,ASN00088048,-37.105,144.0638,900
2009-11,ASN00088051,-37.0194,144.5203,756
2009-11,ASN00088021,-37.1995,144.0141,1242
2009-11,ASN00087162,-38.1435,144.1872,956
2009-11,ASN00087161,-37.6292,144.5026,982
2009-11,ASN00087135,-38.2832,144.4784,994
2009-11,ASN00087016,-37.7654,144.1048,868
2009-11,ASN00087017,-37.4701,144.3069,1296
2009-11,ASN00087021,-37.8233,144.2078,1014
2009-11,ASN00087029,-37.2698,144.723,740
2009-11,ASN00087031,-37.8565,144.7566,786
2009-11,ASN00087033,-37.991,144.4943,860
2009-11,ASN00087036,-37.4155,144.5569,220
2009-11,ASN00087040,-37.7451,144.5687,872
2009-11,ASN00087042,-37.8539,144.11,1004
2009-11,ASN00087043,-37.8197,144.1492,1014
2009-11,ASN00087046,-37.6719,143.94,1090
2009-11,ASN00087048,-37.8958,144.4387,873
2009-11,ASN00087068,-37.645,144.0411,996
2009-11,ASN00087075,-37.4964,144.5028,535
2009-11,ASN00087095,-37.6111,144.3,1176
2009-11,ASN00087113,-38.0287,144.4783,802
2009-11,ASN00087118,-37.3508,144.6067,586
2009-11,ASN00087119,-38.3687,144.0843,0
2009-11,ASN00087121,-37.6831,144.6664,1014
2009-11,ASN00087124,-38.2504,144.0854,1040
2009-11,ASN00087130,-37.3495,144.7494,186
2009-11,ASN00088060,-37.4475,145.2143,826
2009-11,ASN00091072,-41.4678,147.1628,614
2009-11,ASN00091077,-41.575,147.4508,662
2009-11,ASN00091086,-41.2439,147.7353,736
2009-11,ASN00094175,-42.9725,147.0342,586
2009-11,ASN00094177,-42.7572,147.3817,538
2009-11,ASN00094179,-43.0,146.928,446
2009-11,ASN00094182,-42.5572,147.4033,954
2009-11,ASN00094185,-43.0336,147.2128,1146
2009-11,ASN00094191,-43.2006,146.7683,866
2009-11,ASN00094192,-43.4086,146.9567,974
2009-11,ASN00094195,-42.4544,147.4614,1178
2009-11,ASN00094198,-43.4886,147.1444,532
2009-11,ASN00094172,-42.6531,147.3589,574
2009-11,ASN00094204,-42.6525,147.3578,654
2009-11,ASN00094214,-42.7033,147.1261,296
2009-11,ASN00094219,-43.1547,147.0539,630
2009-11,ASN00094220,-42.9858,147.0742,508
2009-11,ASN00094221,-42.8514,147.6211,464
2009-11,ASN00094222,-42.9742,147.295,828
2009-11,ASN00094223,-42.97,147.3303,730
2009-11,ASN00094231,-42.9639,147.2022,1277
2009-11,ASN00094232,-42.8367,147.1931,728
2009-11,ASN00094233,-42.6933,147.2617,476
2009-11,ASN00094212,-42.6867,147.4258,574
2009-11,ASN00094236,-43.3692,147.3442,1146
2009-11,ASN00094169,-43.0433,147.8667,1071
2009-11,ASN00094151,-42.9742,147.1692,1066
2009-11,ASN00094022,-43.0431,147.4133,630
2009-11,ASN00094025,-42.8494,147.2547,277
2009-11,ASN00094027,-43.4144,146.8731,466
2009-11,ASN00094029,-42.8897,147.3278,702
2009-11,ASN00094030,-42.8667,147.3322,459
2009-11,ASN00094039,-43.3583,147.2342,194
2009-11,ASN00094040,-43.1983,147.0658,656
2009-11,ASN00094041,-43.6578,146.2711,408
2009-11,ASN00094043,-43.2319,147.2547,838
2009-11,ASN00094155,-43.2397,148.0025,986
2009-11,ASN00094048,-42.9981,147.4056,710
2009-11,ASN00094064,-42.7619,147.6197,690
2009-11,ASN00094068,-43.1547,147.2386,746
2009-11,ASN00094071,-43.0153,147.9117,1456
2009-11,ASN00094082,-42.8569,147.4386,368
2009-11,ASN00094087,-42.8967,147.235,2018
2009-11,ASN00094097,-42.5436,147.5664,524
2009-11,ASN00094111,-42.9519,147.3496,664
2009-11,ASN00094125,-43.0239,147.255,208
2009-11,ASN00094130,-42.7469,147.5511,622
2009-11,ASN00094061,-42.9264,147.5203,698
2009-11,ASN00094237,-42.9372,147.1378,784
2009-11,ASN00094239,-42.9639,147.2428,1228
2009-11,ASN00095001,-42.3883,147.0061,512
2009-11,ASN00097061,-42.7428,145.9811,1176
2009-11,ASN00097072,-42.155,145.2908,694
2009-11,ASN00097080,-42.985,145.5022,520
2009-11,ASN00097083,-43.0425,146.2722,904
2009-11,ASN00097085,-41.8444,145.5419,1722
2009-11,ASN00097091,-42.0961,145.5456,1000
2009-11,ASN00098000,-40.0092,144.1111,454
2009-11,ASN00098004,-39.9097,144.0986,432
2009-11,ASN00098011,-39.9283,143.8525,308
2009-11,ASN00097054,-41.8822,145.3358,908
2009-11,ASN00098017,-39.88,143.8831,350
2009-11,ASN00099000,-40.3706,148.0231,892
2009-11,ASN00099005,-40.0911,148.0024,792
2009-11,ASN00099014,-40.0194,148.1825,446
2009-11,ASN00099021,-40.1558,148.1853,652
2009-11,ASN00099023,-40.1883,148.1178,862
2009-11,ASN00099025,-40.2319,148.19,664
2009-11,ASN00109501,-32.938,116.024,884
2009-11,ASN00041022,-28.5,151.9722,1005
2009-11,ASN00109507,-33.444,115.8536,520
2009-11,ASN00098023,-39.9647,144.0772,440
2009-11,ASN00097047,-41.4892,145.2083,686
2009-11,ASN00097024,-43.0609,146.704,1246
2009-11,ASN00097020,-42.0056,145.5419,288
2009-11,ASN00095003,-42.7097,146.8983,440
2009-11,ASN00095012,-42.4814,146.7114,474
2009-11,ASN00095016,-42.3367,146.7475,748
2009-11,ASN00095046,-42.3811,147.0036,470
2009-11,ASN00095047,-42.3961,146.4897,250
2009-11,ASN00095048,-42.4842,146.7106,456
2009-11,ASN00095069,-42.8069,147.1144,458
2009-11,ASN00095072,-42.8033,146.9878,460
2009-11,ASN00095074,-42.7414,147.0489,394
2009-11,ASN00095077,-42.6894,146.7122,500
2009-11,ASN00095079,-42.8458,147.0294,462
2009-11,ASN00096002,-42.1419,146.4931,700
2009-11,ASN00096033,-41.8997,146.6694,686
2009-11,ASN00096038,-42.0572,147.286,684
2009-11,ASN00096046,-41.9822,146.7228,716
2009-11,ASN00096069,-42.1289,146.2156,740
2009-11,ASN00096070,-42.2558,146.8753,796
2009-11,ASN00096071,-42.1178,146.1772,836
2009-11,ASN00096077,-41.5958,145.9311,959
2009-11,ASN00097000,-42.1986,145.17,624
2009-11,ASN00097006,-41.9933,145.5725,80
2009-11,ASN00094020,-43.3167,147.0075,716
2009-11,ASN00094010,-43.4892,147.1453,502
2009-11,ASN00094008,-42.8339,147.5033,564
2009-11,ASN00094005,-42.7433,147.2372,518
2009-11,ASN00091263,-41.4889,147.2326,648
2009-11,ASN00091266,-41.3972,146.4953,814
2009-11,ASN00091267,-41.6494,146.6154,1002
2009-11,ASN00091271,-41.3959,147.3006,768
2009-11,ASN00091286,-41.1208,146.8275,698
2009-11,ASN00091288,-41.6706,146.7278,438
2009-11,ASN00091290,-41.6308,146.7,768
2009-11,ASN00091291,-41.3886,146.3219,942
2009-11,ASN00091292,-40.8347,145.0847,824
2009-11,ASN00091262,-41.1333,146.8461,749
2009-11,ASN00091293,-41.0556,146.7856,646
2009-11,ASN00091305,-41.3144,147.3803,688
2009-11,ASN00091306,-41.7256,147.0794,664
2009-11,ASN00091311,-41.5492,147.2144,728
2009-11,ASN00091312,-41.4406,146.1228,538
2009-11,ASN00091315,-41.51,147.0511,772
2009-11,ASN00091317,-41.5136,147.2028,504
2009-11,ASN00091321,-41.3961,145.9342,1004
2009-11,ASN00091325,-41.7292,147.2358,780
2009-11,ASN00091332,-41.3528,146.4164,820
2009-11,ASN00091299,-41.2431,147.4436,809
2009-11,ASN00091260,-41.4883,146.9047,784
2009-11,ASN00091259,-41.1492,145.1517,610
2009-11,ASN00091255,-41.2339,146.9294,832
2009-11,ASN00091090,-41.4475,146.8744,824
2009-11,ASN00091100,-40.4472,144.84,762
2009-11,ASN00091107,-40.9972,145.7292,734
2009-11,ASN00091109,-41.1428,145.7058,868
2009-11,ASN00091118,-41.5664,147.2444,804
2009-11,ASN00091121,-40.9431,147.5922,442
2009-11,ASN00091126,-41.1708,146.4267,711
2009-11,ASN00091150,-41.6419,146.5244,956
2009-11,ASN00091153,-41.3356,146.2797,791
2009-11,ASN00091156,-41.4717,146.6456,712
2009-11,ASN00091161,-41.3886,146.5861,790
2009-11,ASN00091171,-41.2708,146.5481,736
2009-11,ASN00091186,-41.2039,146.265,256
2009-11,ASN00091197,-41.4864,147.4386,692
2009-11,ASN00091198,-41.3917,147.4242,936
2009-11,ASN00091219,-41.1708,147.4883,628
2009-11,ASN00091223,-40.9089,144.7094,730
2009-11,ASN00091227,-41.5267,146.6583,818
2009-11,ASN00091236,-41.5128,146.8303,650
2009-11,ASN00091237,-41.4194,147.1222,596
2009-11,ASN00091245,-40.6828,144.69,668
2009-11,ASN00091340,-41.3592,147.01,764
2009-11,ASN00085303,-37.5325,147.0053,942
2009-11,ASN00091341,-41.3428,146.8964,886
2009-11,ASN00092001,-41.9525,148.1839,1006
2009-11,ASN00092120,-41.3381,148.2792,418
2009-11,ASN00092123,-40.7292,148.125,762
2009-11,ASN00092124,-42.6619,148.0181,1036
2009-11,ASN00092129,-41.0458,148.2592,1116
2009-11,ASN00092134,-41.1256,147.8617,762
2009-11,ASN00093002,-42.3958,147.3042,270
2009-11,ASN00093007,-42.2664,147.5281,446
2009-11,ASN00093014,-42.3006,147.3711,416
2009-11,ASN00093023,-42.4031,147.3908,360
2009-11,ASN00092114,-41.9953,148.2794,454
2009-11,ASN00093033,-41.9347,147.4931,424
2009-11,ASN00093044,-41.8172,147.5664,424
2009-11,ASN00093046,-42.305,147.5708,580
2009-11,ASN00093049,-42.3696,147.4631,660
2009-11,ASN00093051,-42.0317,147.4907,530
2009-11,ASN00093052,-42.163,147.5805,582
2009-11,ASN00093053,-42.025,147.4953,614
2009-11,ASN00093055,-41.8658,147.4494,442
2009-11,ASN00093059,-41.9311,147.4256,456
2009-11,ASN00094001,-42.4158,147.1347,544
2009-11,ASN00093040,-42.3075,147.1672,668
2009-11,ASN00092113,-41.4136,148.2744,1118
2009-11,ASN00092111,-41.4342,147.7192,2
2009-11,ASN00092109,-41.4622,147.57,656
2009-11,ASN00092002,-41.7792,147.7225,428
2009-11,ASN00092003,-41.8739,148.3036,1298
2009-11,ASN00092005,-42.8122,147.8289,1000
2009-11,ASN00092008,-42.0117,148.0747,1211
2009-11,ASN00092010,-42.5844,148.0636,1803
2009-11,ASN00092011,-40.9589,148.0086,702
2009-11,ASN00092014,-41.5308,148.1969,952
2009-11,ASN00092017,-42.7856,147.8086,1156
2009-11,ASN00092019,-42.0067,147.7975,650
2009-11,ASN00092020,-41.82,147.9551,768
2009-11,ASN00092024,-41.4703,147.8919,746
2009-11,ASN00092027,-42.5519,147.8753,914
2009-11,ASN00092028,-42.5853,147.9142,1046
2009-11,ASN00092030,-41.0825,147.9353,346
2009-11,ASN00092045,-40.9928,148.3467,994
2009-11,ASN00092047,-42.2708,147.6942,776
2009-11,ASN00092051,-41.27,147.9492,920
2009-11,ASN00092064,-41.5633,148.1414,744
2009-11,ASN00092067,-40.8586,148.0178,540
2009-11,ASN00092079,-42.2133,147.7831,652
2009-11,ASN00092099,-42.7153,147.7525,1262
2009-11,ASN00091346,-41.2336,147.2064,558
2009-11,ASN00070278,-36.2318,149.1243,172
2009-11,ASN00085298,-38.1072,147.1317,414
2009-11,ASN00085296,-37.7481,147.1428,832
2009-11,ASN00075079,-34.2502,146.1897,390
2009-11,ASN00075140,-34.1533,145.1409,258
2009-11,ASN00075142,-33.9247,145.5205,262
2009-11,ASN00075163,-33.3476,145.8703,350
2009-11,ASN00076000,-34.85,142.7811,728
2009-11,ASN00076012,-35.1702,143.0001,870
2009-11,ASN00076017,-35.1945,143.04,912
2009-11,ASN00076018,-35.1136,142.9194,792
2009-11,ASN00076031,-34.2358,142.0867,656
2009-11,ASN00075072,-33.9376,146.6062,368
2009-11,ASN00076037,-34.1928,141.5996,496
2009-11,ASN00076043,-34.9272,142.1765,516
2009-11,ASN00076044,-35.1759,143.37,940
2009-11,ASN00076046,-35.167,143.2781,698
2009-11,ASN00076047,-35.0694,142.3158,684
2009-11,ASN00076050,-35.2555,143.3683,890
2009-11,ASN00076051,-34.362,141.9038,374
2009-11,ASN00076064,-35.1201,142.004,82
2009-11,ASN00076067,-34.3883,141.5954,670
2009-11,ASN00076103,-35.189,142.3725,544
2009-11,ASN00076038,-35.2628,141.1789,645
2009-11,ASN00076105,-34.7164,143.1506,914
2009-11,ASN00075071,-35.2119,144.816,630
2009-11,ASN00075054,-35.2849,145.2098,552
2009-11,ASN00074234,-35.0371,147.1933,282
2009-11,ASN00074249,-34.8016,145.8904,254
2009-11,ASN00074258,-35.5575,144.9458,558
2009-11,ASN00074261,-34.531,146.9806,282
2009-11,ASN00074262,-35.7861,144.6002,838
2009-11,ASN00074264,-35.4091,147.2479,257
2009-11,ASN00074267,-33.9956,146.7683,278
2009-11,ASN00075004,-35.2847,144.5334,590
2009-11,ASN00075007,-33.8436,144.9073,260
2009-11,ASN00075062,-34.8096,144.1654,536
2009-11,ASN00075012,-35.4201,144.6002,550
2009-11,ASN00075017,-33.17,146.642,460
2009-11,ASN00075026,-34.442,145.5612,298
2009-11,ASN00075032,-33.4915,145.5249,334
2009-11,ASN00075039,-33.2833,146.3707,130
2009-11,ASN00075041,-34.2487,146.0695,278
2009-11,ASN00075042,-34.476,144.3013,568
2009-11,ASN00075044,-33.8192,145.6235,271
2009-11,ASN00075046,-35.0885,144.0349,478
2009-11,ASN00075049,-34.4456,144.1728,556
2009-11,ASN00075016,-33.9871,145.3904,436
2009-11,ASN00076106,-35.2484,141.0808,548
2009-11,ASN00076107,-35.2848,141.4949,680
2009-11,ASN00076109,-35.3678,141.0625,532
2009-11,ASN00078086,-36.14,141.9878,686
2009-11,ASN00079002,-36.9532,143.1976,1126
2009-11,ASN00079008,-36.9389,141.8714,462
2009-11,ASN00079016,-36.7281,142.7303,906
2009-11,ASN00079017,-36.7181,141.4729,436
2009-11,ASN00079019,-37.1847,142.8553,542
2009-11,ASN00079028,-36.6722,142.2991,624
2009-11,ASN00079031,-36.9865,143.2727,948
2009-11,ASN00079032,-36.8612,142.9332,928
2009-11,ASN00078072,-36.3697,142.9709,808
2009-11,ASN00079036,-36.7416,141.9429,224
2009-11,ASN00079039,-36.9065,143.3384,1075
2009-11,ASN00079040,-36.6189,143.2631,300
2009-11,ASN00079046,-37.0936,142.4344,826
2009-11,ASN00079050,-37.3162,142.6975,586
2009-11,ASN00079074,-37.1394,142.5196,884
2009-11,ASN00079075,-36.6287,142.6321,668
2009-11,ASN00079078,-37.0607,141.9882,438
2009-11,ASN00079079,-36.7913,143.1207,1002
2009-11,ASN00079097,-37.1169,141.8031,418
2009-11,ASN00079037,-36.9,143.1137,1242
2009-11,ASN00078040,-36.2882,141.7347,720
2009-11,ASN00078038,-36.2705,142.2165,704
2009-11,ASN00078015,-36.3092,141.6486,690
2009-11,ASN00076133,-34.1051,141.0166,478
2009-11,ASN00077001,-35.9809,143.6479,612
2009-11,ASN00077005,-35.6367,142.995,686
2009-11,ASN00077008,-35.9244,142.851,618
2009-11,ASN00077009,-35.5504,142.9207,713
2009-11,ASN00077010,-35.7151,142.3569,880
2009-11,ASN00077014,-35.717,143.1074,752
2009-11,ASN00077015,-35.5574,142.5432,632
2009-11,ASN00077025,-35.4609,143.6286,656
2009-11,ASN00077028,-35.7955,142.8768,755
2009-11,ASN00077033,-35.3833,142.1869,778
2009-11,ASN00077034,-35.9296,143.4992,1100
2009-11,ASN00077039,-35.5046,142.8493,682
2009-11,ASN00077040,-35.5254,142.7267,870
2009-11,ASN00077052,-35.6803,142.6664,1004
2009-11,ASN00077079,-36.0086,143.3719,664
2009-11,ASN00077082,-35.9338,142.2805,648
2009-11,ASN00077088,-35.987,142.915,573
2009-11,ASN00077094,-35.3766,143.5416,796
2009-11,ASN00078010,-36.4644,142.0327,534
2009-11,ASN00078013,-36.3986,141.8797,590
2009-11,ASN00074217,-34.7565,147.3482,320
2009-11,ASN00079099,-37.0222,141.2657,368
2009-11,ASN00074208,-35.6074,145.2012,646
2009-11,ASN00074202,-34.8504,146.9778,304
2009-11,ASN00072050,-36.0355,147.2707,528
2009-11,ASN00072053,-35.7542,147.8445,474
2009-11,ASN00072056,-35.3947,148.247,408
2009-11,ASN00072078,-35.6767,147.5178,401
2009-11,ASN00072080,-35.7226,147.9291,424
2009-11,ASN00072082,-35.5528,147.9827,345
2009-11,ASN00072089,-35.9784,148.0855,416
2009-11,ASN00072091,-35.9383,148.3842,603
2009-11,ASN00072098,-35.3448,148.3837,332
2009-11,ASN00072044,-35.3194,148.2341,358
2009-11,ASN00072101,-35.7112,147.4859,444
2009-11,ASN00072142,-35.72,147.3103,378
2009-11,ASN00072146,-36.0692,146.9534,553
2009-11,ASN00072150,-35.1583,147.4573,274
2009-11,ASN00072152,-35.317,148.433,426
2009-11,ASN00072156,-35.9333,147.7167,360
2009-11,ASN00072159,-35.3019,147.9402,338
2009-11,ASN00072160,-36.069,146.9509,588
2009-11,ASN00072161,-35.9371,148.3779,602
2009-11,ASN00072162,-36.2304,148.1405,554
2009-11,ASN00072141,-35.725,148.4915,457
2009-11,ASN00072163,-35.899,148.1821,392
2009-11,ASN00072043,-35.778,148.0141,422
2009-11,ASN00072004,-35.5203,148.1453,278
2009-11,ASN00070307,-35.2459,149.1068,130
2009-11,ASN00070308,-35.3757,149.087,120
2009-11,ASN00070309,-36.9131,149.0372,1280
2009-11,ASN00070326,-37.1475,149.1496,482
2009-11,ASN00070328,-37.0016,149.2336,302
2009-11,ASN00070330,-34.8085,149.7312,168
2009-11,ASN00070334,-35.1138,149.9624,124
2009-11,ASN00070335,-35.2,149.955,120
2009-11,ASN00070336,-36.5971,149.2974,388
2009-11,ASN00072023,-36.1039,147.0329,606
2009-11,ASN00070339,-35.4184,149.0937,128
2009-11,ASN00070346,-35.1889,149.251,103
2009-11,ASN00070348,-35.8618,149.1321,122
2009-11,ASN00070349,-35.5293,148.7721,620
2009-11,ASN00071000,-35.9962,148.7693,246
2009-11,ASN00071005,-36.5029,148.835,145
2009-11,ASN00071019,-36.5067,148.8281,106
2009-11,ASN00071021,-36.4818,148.5873,296
2009-11,ASN00071032,-36.4917,148.2859,1394
2009-11,ASN00071041,-36.5031,148.304,1518
2009-11,ASN00070340,-35.1837,149.1122,271
2009-11,ASN00072169,-35.7108,148.0026,440
2009-11,ASN00073000,-34.1442,147.386,228
2009-11,ASN00073007,-34.9997,148.5984,407
2009-11,ASN00074005,-34.2849,146.5714,486
2009-11,ASN00074034,-35.9887,146.3574,742
2009-11,ASN00074037,-34.6223,146.4328,446
2009-11,ASN00074040,-34.8814,145.7595,480
2009-11,ASN00074042,-35.6408,145.5762,528
2009-11,ASN00074050,-34.738,146.7825,274
2009-11,ASN00074053,-35.5168,147.0344,338
2009-11,ASN00074055,-35.3475,145.7257,482
2009-11,ASN00074081,-35.9878,146.0061,651
2009-11,ASN00074002,-34.3479,147.2208,300
2009-11,ASN00074087,-35.3342,146.0342,540
2009-11,ASN00074104,-35.2683,147.1142,397
2009-11,ASN00074106,-35.817,145.6004,604
2009-11,ASN00074110,-35.3305,146.2652,416
2009-11,ASN00074118,-34.5139,146.1848,304
2009-11,ASN00074126,-35.385,147.0558,350
2009-11,ASN00074127,-35.1069,147.3636,298
2009-11,ASN00074129,-35.7228,144.7865,706
2009-11,ASN00074162,-34.9349,146.3031,378
2009-11,ASN00074188,-35.6724,147.0361,368
2009-11,ASN00074088,-35.5579,146.1653,542
2009-11,ASN00074000,-34.3567,146.9032,331
2009-11,ASN00073151,-34.4292,147.5111,240
2009-11,ASN00073142,-34.6299,148.0364,296
2009-11,ASN00073014,-33.9029,148.1718,298
2009-11,ASN00073017,-34.0824,148.365,240
2009-11,ASN00073019,-34.8456,147.5714,328
2009-11,ASN00073021,-34.0391,148.5552,176
2009-11,ASN00073022,-34.6479,148.1606,342
2009-11,ASN00073025,-34.791,147.5592,296
2009-11,ASN00073029,-34.5495,148.3493,298
2009-11,ASN00073032,-34.0112,147.7937,334
2009-11,ASN00073037,-34.444,147.533,256
2009-11,ASN00073043,-34.4918,148.1266,337
2009-11,ASN00073044,-35.0581,147.753,479
2009-11,ASN00073051,-34.2054,148.5533,202
2009-11,ASN00073054,-33.9262,147.2418,214
2009-11,ASN00073100,-33.9119,148.4383,402
2009-11,ASN00073109,-34.425,148.5408,194
2009-11,ASN00073110,-33.9462,148.0775,250
2009-11,ASN00073113,-34.1985,148.0047,253
2009-11,ASN00073115,-35.1687,148.2311,350
2009-11,ASN00073129,-34.1567,148.6857,254
2009-11,ASN00073138,-34.2493,148.2475,274
2009-11,ASN00073141,-35.0479,148.1075,340
2009-11,ASN00074205,-35.162,147.0274,214
2009-11,ASN00079100,-36.6697,142.1731,618
2009-11,ASN00079103,-37.295,142.6039,810
2009-11,ASN00079105,-37.068,142.7412,806
2009-11,ASN00084003,-37.7073,147.8314,20
2009-11,ASN00084012,-37.4583,147.2519,592
2009-11,ASN00084014,-37.106,148.6862,478
2009-11,ASN00084015,-37.3757,147.8373,640
2009-11,ASN00084016,-37.5679,149.9158,382
2009-11,ASN00084025,-37.8507,147.7664,332
2009-11,ASN00084035,-37.2618,147.7229,63
2009-11,ASN00084039,-37.0707,148.5906,464
2009-11,ASN00084044,-37.0071,148.2666,538
2009-11,ASN00084002,-37.1712,148.7228,408
2009-11,ASN00084045,-37.8526,148.0638,264
2009-11,ASN00084093,-37.7132,148.3954,580
2009-11,ASN00084096,-37.5455,148.1357,594
2009-11,ASN00084100,-37.8333,147.6206,10
2009-11,ASN00084107,-37.0826,148.2791,588
2009-11,ASN00084109,-37.5006,148.2717,328
2009-11,ASN00084118,-37.49,147.1658,694
2009-11,ASN00084122,-37.4772,149.6386,494
2009-11,ASN00084128,-37.3564,149.2058,610
2009-11,ASN00084134,-37.3397,148.712,626
2009-11,ASN00084084,-37.5976,149.7289,380
2009-11,ASN00084140,-37.7962,147.7559,412
2009-11,ASN00083091,-37.3016,146.1489,734
2009-11,ASN00083085,-36.9767,147.1342,1844
2009-11,ASN00082167,-36.5344,146.2181,766
2009-11,ASN00082169,-36.1828,147.8938,654
2009-11,ASN00083000,-36.9064,146.2389,928
2009-11,ASN00083003,-36.9456,147.7407,780
2009-11,ASN00083010,-36.6344,146.8628,1116
2009-11,ASN00083019,-37.0525,146.0872,196
2009-11,ASN00083024,-37.145,146.4394,1378
2009-11,ASN00083032,-36.8473,146.3225,816
2009-11,ASN00083033,-37.5696,146.2541,870
2009-11,ASN00083090,-37.1017,147.6008,606
2009-11,ASN00083035,-36.9257,147.423,812
2009-11,ASN00083043,-36.8756,147.2886,306
2009-11,ASN00083057,-36.6074,146.7888,1256
2009-11,ASN00083058,-36.8547,146.8581,1222
2009-11,ASN00083064,-36.941,147.7779,712
2009-11,ASN00083067,-36.7313,146.9614,118
2009-11,ASN00083077,-37.0322,146.3508,696
2009-11,ASN00083079,-36.7132,146.6717,868
2009-11,ASN00083083,-36.7396,146.4671,558
2009-11,ASN00083084,-36.8708,147.2755,1466
2009-11,ASN00083038,-36.6566,147.1283,878
2009-11,ASN00084142,-37.22,148.2625,898
2009-11,ASN00084143,-37.3417,149.0228,458
2009-11,ASN00084144,-37.6924,148.0908,648
2009-11,ASN00085163,-38.7915,146.1799,700
2009-11,ASN00085166,-37.9582,147.0843,706
2009-11,ASN00085167,-38.0229,147.3511,451
2009-11,ASN00085168,-37.8345,147.0819,506
2009-11,ASN00085179,-38.1033,145.9718,624
2009-11,ASN00085195,-38.0654,146.1689,612
2009-11,ASN00085200,-38.4323,145.7919,916
2009-11,ASN00085227,-38.5215,146.2041,564
2009-11,ASN00085238,-37.9532,146.3898,890
2009-11,ASN00085160,-38.4191,146.9656,492
2009-11,ASN00085270,-37.7647,147.3744,546
2009-11,ASN00085277,-37.9039,145.9719,674
2009-11,ASN00085279,-37.8817,147.5669,440
2009-11,ASN00085280,-38.2094,146.4747,674
2009-11,ASN00085281,-38.3245,146.5301,582
2009-11,ASN00085288,-37.4667,146.6883,400
2009-11,ASN00085289,-37.8514,146.555,522
2009-11,ASN00085291,-37.8383,146.2747,416
2009-11,ASN00085292,-37.8897,145.9958,596
2009-11,ASN00085293,-38.8957,145.9355,838
2009-11,ASN00085276,-37.8039,146.8842,550
2009-11,ASN00085137,-38.7205,145.9011,808
2009-11,ASN00085096,-39.1297,146.4244,792
2009-11,ASN00085085,-38.2181,146.1658,504
2009-11,ASN00084145,-37.6922,148.4667,550
2009-11,ASN00084147,-37.8164,147.5714,476
2009-11,ASN00084148,-37.8385,147.8312,330
2009-11,ASN00085007,-38.4307,146.5398,1404
2009-11,ASN00085009,-38.1951,146.5293,566
2009-11,ASN00085021,-37.7,146.5167,954
2009-11,ASN00085023,-38.1383,145.86,706
2009-11,ASN00085028,-38.72,146.0633,720
2009-11,ASN00085029,-38.652,146.1997,760
2009-11,ASN00085030,-38.4455,146.2699,394
2009-11,ASN00085033,-38.4228,147.0864,494
2009-11,ASN00085034,-37.9085,146.8046,212
2009-11,ASN00085040,-38.6911,146.1486,782
2009-11,ASN00085042,-38.022,145.8884,1000
2009-11,ASN00085045,-38.435,145.8178,942
2009-11,ASN00085049,-38.4842,145.9329,658
2009-11,ASN00085053,-38.506,146.5187,1000
2009-11,ASN00085058,-37.5277,146.5458,672
2009-11,ASN00085063,-38.6079,146.3185,712
2009-11,ASN00085072,-38.1156,147.1322,394
2009-11,ASN00085073,-38.3183,147.1752,344
2009-11,ASN00082166,-36.4186,146.5572,704
2009-11,ASN00082165,-36.9502,146.0095,670
2009-11,ASN00082163,-36.6364,146.5547,790
2009-11,ASN00082162,-36.5775,146.8203,1028
2009-11,ASN00081016,-36.4963,144.6096,468
2009-11,ASN00081019,-36.718,145.1731,520
2009-11,ASN00081020,-36.5753,143.8695,522
2009-11,ASN00081033,-36.6436,145.4197,642
2009-11,ASN00081034,-36.3989,145.3448,648
2009-11,ASN00081035,-36.6146,145.2143,678
2009-11,ASN00081041,-36.534,144.208,690
2009-11,ASN00081046,-36.4436,144.9828,624
2009-11,ASN00081049,-36.4378,145.2672,200
2009-11,ASN00081008,-36.5421,144.7751,560
2009-11,ASN00081063,-37.0833,143.4833,1152
2009-11,ASN00081085,-36.8589,143.7297,766
2009-11,ASN00081087,-36.2567,146.0433,716
2009-11,ASN00081090,-36.7446,143.6788,860
2009-11,ASN00081100,-36.7682,143.9866,826
2009-11,ASN00081115,-36.6284,144.8726,534
2009-11,ASN00081118,-36.8093,144.6203,624
2009-11,ASN00081120,-36.5886,145.0198,666
2009-11,ASN00081123,-36.7395,144.3266,610
2009-11,ASN00081124,-36.0294,146.0306,572
2009-11,ASN00081083,-36.8465,144.5273,692
2009-11,ASN00081007,-36.4565,145.6569,620
2009-11,ASN00081000,-37.0887,143.4747,300
2009-11,ASN00080128,-36.2847,143.3341,894
2009-11,ASN00079107,-36.8132,141.2599,400
2009-11,ASN00080002,-36.116,143.7229,652
2009-11,ASN00080004,-35.9741,143.8525,811
2009-11,ASN00080014,-36.1348,143.9186,610
2009-11,ASN00080015,-36.1647,144.7642,520
2009-11,ASN00080017,-36.0407,143.9403,614
2009-11,ASN00080020,-35.9661,144.3712,882
2009-11,ASN00080023,-35.7236,143.9197,984
2009-11,ASN00080024,-35.8674,143.8007,816
2009-11,ASN00080027,-36.3203,143.735,826
2009-11,ASN00080036,-35.9681,144.1073,768
2009-11,ASN00080044,-35.9977,144.4244,670
2009-11,ASN00080049,-36.3613,144.7108,436
2009-11,ASN00080056,-36.2497,144.9531,820
2009-11,ASN00080067,-36.2717,143.3453,922
2009-11,ASN00080091,-36.335,145.0638,802
2009-11,ASN00080101,-36.0918,145.4531,478
2009-11,ASN00080103,-36.3794,144.2299,538
2009-11,ASN00080109,-35.9119,145.6447,500
2009-11,ASN00080125,-35.8876,145.3879,664
2009-11,ASN00080126,-35.7175,143.9111,1044
2009-11,ASN00081125,-36.4289,145.3947,626
2009-11,ASN00085297,-37.9722,146.9856,708
2009-11,ASN00081127,-36.8867,143.5022,942
2009-11,ASN00082009,-36.6085,146.5371,746
2009-11,ASN00082116,-36.6083,146.3583,734
2009-11,ASN00082128,-36.5131,146.4483,716
2009-11,ASN00082134,-36.6936,145.8785,972
2009-11,ASN00082138,-36.4206,146.3056,568
2009-11,ASN00082139,-36.2136,147.5394,726
2009-11,ASN00082140,-36.8542,145.9381,348
2009-11,ASN00082142,-36.9461,146.2197,920
2009-11,ASN00082143,-36.7861,145.6581,566
2009-11,ASN00082144,-36.8167,145.64,700
2009-11,ASN00082112,-36.6533,146.8567,1066
2009-11,ASN00082145,-36.8753,145.5783,720
2009-11,ASN00082147,-36.9217,145.6769,754
2009-11,ASN00082148,-36.8278,145.8494,0
2009-11,ASN00082149,-36.7858,145.5683,596
2009-11,ASN00082151,-36.8628,145.7333,694
2009-11,ASN00082153,-36.8206,145.705,580
2009-11,ASN00082154,-36.8892,145.6814,1036
2009-11,ASN00082155,-36.8211,146.1278,808
2009-11,ASN00082156,-36.7903,146.28,870
2009-11,ASN00082158,-36.7478,146.5362,796
2009-11,ASN00082146,-36.9322,145.5842,642
2009-11,ASN00082109,-36.6133,146.1131,574
2009-11,ASN00082105,-36.8314,146.3982,1024
2009-11,ASN00082103,-36.0243,147.5475,590
2009-11,ASN00082010,-36.1491,146.6106,756
2009-11,ASN00082015,-36.3084,146.5229,796
2009-11,ASN00082016,-36.7545,145.5727,592
2009-11,ASN00082018,-36.7691,147.6956,822
2009-11,ASN00082021,-36.0964,146.6008,782
2009-11,ASN00082029,-36.456,146.4299,286
2009-11,ASN00082033,-36.6975,146.2852,746
2009-11,ASN00082039,-36.1047,146.5094,642
2009-11,ASN00082041,-36.1859,146.4694,900
2009-11,ASN00082042,-36.8472,145.7308,658
2009-11,ASN00082043,-36.7872,145.8225,830
2009-11,ASN00082049,-36.6425,145.7234,614
2009-11,ASN00082052,-35.9645,147.7374,334
2009-11,ASN00082057,-36.3025,146.7299,750
2009-11,ASN00082058,-36.3111,146.8381,810
2009-11,ASN00082068,-36.5293,147.3749,972
2009-11,ASN00082076,-36.5353,147.4984,770
2009-11,ASN00082083,-36.804,145.418,730
2009-11,ASN00082084,-36.7136,145.7603,690
2009-11,ASN00082090,-36.4793,147.0297,681
2009-11,ASN00082096,-36.9005,145.5228,758
2009-11,ASN00082001,-36.3702,146.7132,874
2009-11,ASN00041018,-27.9317,151.9058,600
2009-11,ASN00041012,-26.6764,150.8992,808
2009-11,ASN00041014,-28.3539,151.6281,570
2009-11,ASN00014821,-16.4583,129.0058,422
2009-11,ASN00014824,-16.1196,130.4282,167
2009-11,ASN00014825,-16.403,131.0145,394
2009-11,ASN00014829,-18.3325,130.6358,42
2009-11,ASN00014840,-17.3871,131.1166,118
2009-11,ASN00014847,-16.1176,130.9558,143
2009-11,ASN00014853,-15.97,129.0407,175
2009-11,ASN00014856,-18.3902,129.4299,0
2009-11,ASN00014857,-19.2798,129.9422,42
2009-11,ASN00014816,-15.7372,131.5345,328
2009-11,ASN00014864,-16.3541,131.5147,366
2009-11,ASN00014868,-16.8525,131.1597,90
2009-11,ASN00014901,-13.8345,131.1872,128
2009-11,ASN00014902,-14.4589,132.2572,50
2009-11,ASN00014909,-13.3275,133.0861,132
2009-11,ASN00014927,-14.3731,132.1566,30
2009-11,ASN00014932,-14.5229,132.3826,124
2009-11,ASN00014947,-14.0106,132.2084,108
2009-11,ASN00014948,-14.2495,129.5282,510
2009-11,ASN00014949,-15.7442,131.9182,228
2009-11,ASN00014866,-17.6129,130.0713,78
2009-11,ASN00014950,-14.1243,132.6378,256
2009-11,ASN00014803,-15.2085,129.4502,260
2009-11,ASN00014729,-15.6293,136.3881,0
2009-11,ASN00014405,-12.0569,134.2339,292
2009-11,ASN00014508,-12.2741,136.8203,10
2009-11,ASN00014515,-12.5013,135.8001,574
2009-11,ASN00014517,-11.9971,135.5726,712
2009-11,ASN00014518,-13.9747,136.4631,394
2009-11,ASN00014602,-14.1394,134.4742,110
2009-11,ASN00014612,-15.5748,133.2138,0
2009-11,ASN00014621,-15.8087,134.1477,0
2009-11,ASN00014626,-16.2636,133.3782,26
2009-11,ASN00014730,-14.1055,133.3422,1112
2009-11,ASN00014627,-13.6714,134.3414,1088
2009-11,ASN00014647,-15.2712,132.9127,114
2009-11,ASN00014648,-14.134,133.1094,584
2009-11,ASN00014650,-14.9147,133.127,18
2009-11,ASN00014651,-13.8269,133.3277,566
2009-11,ASN00014652,-14.5264,132.8006,158
2009-11,ASN00014654,-14.3295,133.1176,260
2009-11,ASN00014703,-15.7426,136.8192,2
2009-11,ASN00014704,-16.4423,136.076,366
2009-11,ASN00014723,-16.0757,136.3041,564
2009-11,ASN00014639,-15.9179,132.3831,206
2009-11,ASN00014954,-14.9408,130.8092,232
2009-11,ASN00014955,-14.3202,132.4226,142
2009-11,ASN00014956,-13.9487,131.3191,128
2009-11,ASN00015643,-22.4518,133.6377,12
2009-11,ASN00015652,-24.2914,131.5488,87
2009-11,ASN00015653,-22.9689,134.2415,14
2009-11,ASN00015660,-25.3602,131.0196,127
2009-11,ASN00015661,-22.2109,134.1182,64
2009-11,ASN00015664,-23.27,129.38,50
2009-11,ASN00015666,-20.1824,130.0148,44
2009-11,ASN00015667,-23.6338,132.7311,66
2009-11,ASN00015673,-23.5312,134.3743,8
2009-11,ASN00015641,-20.5476,130.3466,92
2009-11,ASN00016001,-31.1558,136.8054,460
2009-11,ASN00016006,-29.9434,134.1506,566
2009-11,ASN00016028,-30.0047,136.0445,370
2009-11,ASN00016030,-30.1809,135.6629,800
2009-11,ASN00016031,-30.2406,133.9885,481
2009-11,ASN00016032,-32.5226,136.4926,450
2009-11,ASN00016034,-32.1572,135.0722,303
2009-11,ASN00016035,-30.4027,136.392,330
2009-11,ASN00016055,-32.3792,135.5247,320
2009-11,ASN00016056,-32.1232,137.1505,664
2009-11,ASN00016005,-32.3997,137.225,810
2009-11,ASN00015635,-25.1896,130.9737,812
2009-11,ASN00015633,-24.0636,132.7444,24
2009-11,ASN00015626,-22.3961,134.2335,20
2009-11,ASN00014962,-14.254,132.7357,106
2009-11,ASN00014965,-14.1882,132.3961,58
2009-11,ASN00014966,-14.3148,132.4248,100
2009-11,ASN00014967,-14.3055,132.0772,80
2009-11,ASN00015085,-18.637,135.945,48
2009-11,ASN00015088,-19.0579,136.7066,36
2009-11,ASN00015131,-17.5521,133.5407,324
2009-11,ASN00015135,-19.6423,134.1833,128
2009-11,ASN00015139,-19.933,134.3548,381
2009-11,ASN00015501,-23.1273,133.836,0
2009-11,ASN00015511,-25.3139,131.7571,40
2009-11,ASN00015521,-23.2837,134.4229,0
2009-11,ASN00015548,-20.1883,130.0161,44
2009-11,ASN00015585,-21.7498,135.2382,70
2009-11,ASN00015590,-23.7951,133.889,4
2009-11,ASN00015594,-23.4564,134.6849,9
2009-11,ASN00015602,-22.9494,136.1442,40
2009-11,ASN00015607,-22.1305,132.0812,194
2009-11,ASN00015611,-22.7228,131.1685,108
2009-11,ASN00015617,-24.1313,134.3737,10
2009-11,ASN00015618,-22.2747,137.9733,150
2009-11,ASN00014404,-12.0931,134.8919,302
2009-11,ASN00016065,-30.449,137.1692,372
2009-11,ASN00014401,-11.6502,133.3796,192
2009-11,ASN00014277,-12.635,130.3725,1780
2009-11,ASN00012011,-30.9869,119.1142,140
2009-11,ASN00012025,-27.9331,120.0575,115
2009-11,ASN00012029,-32.0339,122.8017,262
2009-11,ASN00012038,-30.7847,121.4533,60
2009-11,ASN00012043,-29.3361,121.4944,334
2009-11,ASN00012044,-33.5547,120.6997,400
2009-11,ASN00012045,-28.6306,122.4072,210
2009-11,ASN00012064,-31.3356,118.98,326
2009-11,ASN00012071,-32.9869,121.6239,342
2009-11,ASN00012009,-32.2147,121.7547,256
2009-11,ASN00012072,-27.9875,119.2961,186
2009-11,ASN00012079,-31.0381,119.3064,124
2009-11,ASN00012083,-31.3011,118.6922,283
2009-11,ASN00012092,-28.5606,119.0161,438
2009-11,ASN00012107,-33.4225,121.9894,360
2009-11,ASN00012117,-31.2186,121.6181,276
2009-11,ASN00012141,-30.0242,119.28,198
2009-11,ASN00012152,-31.2617,120.0219,256
2009-11,ASN00012223,-33.2242,121.3544,274
2009-11,ASN00012239,-28.4967,119.7436,214
2009-11,ASN00012077,-32.8606,121.7081,484
2009-11,ASN00012297,-33.4853,122.5867,46
2009-11,ASN00011052,-30.8453,128.1092,48
2009-11,ASN00011019,-32.2464,126.3008,187
2009-11,ASN00010799,-32.6339,118.0103,376
2009-11,ASN00010802,-33.4661,118.6361,264
2009-11,ASN00010831,-33.4836,117.61,240
2009-11,ASN00010866,-33.9317,117.3258,284
2009-11,ASN00010869,-33.5942,120.1833,309
2009-11,ASN00010872,-33.1722,118.2475,354
2009-11,ASN00010878,-33.5381,119.6564,370
2009-11,ASN00010889,-32.885,118.6347,235
2009-11,ASN00010893,-34.3078,117.4347,20
2009-11,ASN00011022,-31.7117,128.8867,34
2009-11,ASN00010897,-34.2206,118.5042,282
2009-11,ASN00010905,-33.8878,119.1092,348
2009-11,ASN00010908,-32.0294,116.8742,174
2009-11,ASN00010911,-33.1006,118.4647,276
2009-11,ASN00010912,-32.5878,117.6408,104
2009-11,ASN00010916,-33.6856,117.6064,404
2009-11,ASN00010917,-32.6722,116.6706,316
2009-11,ASN00011003,-31.6797,128.8792,18
2009-11,ASN00011008,-31.8433,127.8572,106
2009-11,ASN00011017,-32.4569,123.8653,508
2009-11,ASN00010904,-32.1717,118.6136,382
2009-11,ASN00012305,-28.6133,122.4236,220
2009-11,ASN00012306,-33.5239,122.9469,412
2009-11,ASN00012308,-33.3356,122.0697,450
2009-11,ASN00014149,-12.4558,131.0505,1030
2009-11,ASN00014153,-11.1538,132.143,524
2009-11,ASN00014163,-12.4396,130.8376,1076
2009-11,ASN00014183,-12.8324,130.9713,1474
2009-11,ASN00014198,-12.6594,132.8939,312
2009-11,ASN00014204,-13.7578,131.574,532
2009-11,ASN00014219,-12.5491,131.0794,2022
2009-11,ASN00014222,-12.6374,131.0763,1395
2009-11,ASN00014226,-12.5764,131.0829,1754
2009-11,ASN00014144,-12.3962,130.8785,2182
2009-11,ASN00014227,-12.3887,130.9248,1634
2009-11,ASN00014246,-12.3784,130.9057,1562
2009-11,ASN00014253,-13.1672,130.1225,404
2009-11,ASN00014260,-12.4819,130.8978,336
2009-11,ASN00014264,-12.7121,130.9889,1580
2009-11,ASN00014265,-12.4126,130.9202,1422
2009-11,ASN00014266,-12.4121,130.9669,963
2009-11,ASN00014272,-13.0545,131.0252,708
2009-11,ASN00014274,-11.0468,132.9791,0
2009-11,ASN00014275,-12.7164,131.8206,663
2009-11,ASN00014238,-12.4346,130.7491,804
2009-11,ASN00014143,-12.8003,131.0507,1508
2009-11,ASN00014142,-11.4022,130.4217,2180
2009-11,ASN00014116,-12.4429,130.9325,814
2009-11,ASN00012314,-27.8386,120.7031,172
2009-11,ASN00012320,-31.2353,119.3564,246
2009-11,ASN00013005,-26.2225,121.5561,121
2009-11,ASN00013006,-26.4006,120.9539,160
2009-11,ASN00013011,-26.1317,126.5839,28
2009-11,ASN00013015,-25.7964,122.9753,66
2009-11,ASN00013017,-25.0341,128.301,28
2009-11,ASN00013018,-26.1208,121.9403,125
2009-11,ASN00013024,-26.5172,122.8078,88
2009-11,ASN00013030,-21.7125,122.2281,328
2009-11,ASN00013032,-25.6361,121.3533,426
2009-11,ASN00013035,-27.0336,122.4439,112
2009-11,ASN00014013,-12.81,130.4576,1856
2009-11,ASN00014015,-12.4239,130.8925,1310
2009-11,ASN00014040,-12.4227,130.8844,1391
2009-11,ASN00014041,-12.605,131.2988,1300
2009-11,ASN00014055,-13.481,131.1173,492
2009-11,ASN00014059,-14.0829,131.8099,282
2009-11,ASN00014062,-14.1435,132.1925,198
2009-11,ASN00014092,-13.2373,131.1042,460
2009-11,ASN00014112,-12.3786,130.8469,2520
2009-11,ASN00014285,-12.3551,130.8857,618
2009-11,ASN00010792,-34.1692,118.9444,408
2009-11,ASN00016067,-32.4398,136.0671,408
2009-11,ASN00016090,-29.0347,134.7222,340
2009-11,ASN00020025,-33.5009,139.5154,488
2009-11,ASN00020028,-33.7622,140.1251,520
2009-11,ASN00020043,-33.1873,139.6209,212
2009-11,ASN00020049,-31.6382,140.513,690
2009-11,ASN00020053,-32.1698,140.7959,702
2009-11,ASN00020055,-31.7484,140.3426,718
2009-11,ASN00020059,-31.6619,140.6289,594
2009-11,ASN00020062,-32.5707,139.5645,354
2009-11,ASN00021001,-34.026,138.6846,514
2009-11,ASN00020022,-33.2458,140.0345,198
2009-11,ASN00021002,-34.1424,138.4225,12
2009-11,ASN00021004,-33.5643,138.7595,530
2009-11,ASN00021007,-33.6947,138.4057,406
2009-11,ASN00021010,-33.7459,138.5628,494
2009-11,ASN00021012,-33.8682,138.01,486
2009-11,ASN00021013,-33.1851,138.4968,814
2009-11,ASN00021015,-33.7045,138.2927,460
2009-11,ASN00021016,-33.353,138.2057,402
2009-11,ASN00021019,-33.8315,138.7917,228
2009-11,ASN00021020,-33.359,138.393,593
2009-11,ASN00021003,-33.845,138.4901,42
2009-11,ASN00021021,-33.2705,138.357,50
2009-11,ASN00020020,-32.6416,139.6496,350
2009-11,ASN00020013,-32.4292,139.9887,582
2009-11,ASN00019047,-32.6923,138.3247,672
2009-11,ASN00019048,-32.6521,138.1003,596
2009-11,ASN00019052,-33.0338,138.2686,752
2009-11,ASN00019053,-33.0856,138.2211,48
2009-11,ASN00019057,-32.552,138.8688,588
2009-11,ASN00019061,-32.0545,138.6427,731
2009-11,ASN00019062,-33.0287,138.7489,602
2009-11,ASN00019070,-31.5286,138.6093,898
2009-11,ASN00019078,-32.5172,137.8425,730
2009-11,ASN00020017,-32.4467,140.9233,718
2009-11,ASN00019106,-32.627,139.1923,524
2009-11,ASN00019112,-33.023,138.0698,620
2009-11,ASN00019113,-31.448,138.4531,660
2009-11,ASN00019114,-32.4295,138.8922,580
2009-11,ASN00019115,-33.0188,138.6153,740
2009-11,ASN00020000,-32.0498,140.162,825
2009-11,ASN00020001,-31.9695,140.5436,737
2009-11,ASN00020002,-32.076,140.9969,725
2009-11,ASN00020004,-31.6516,139.5491,1197
2009-11,ASN00020010,-32.0646,139.382,832
2009-11,ASN00019111,-31.4763,139.1134,966
2009-11,ASN00021024,-33.4595,138.7475,834
2009-11,ASN00021025,-33.8347,138.6532,490
2009-11,ASN00021027,-33.2036,138.6059,124
2009-11,ASN00021133,-33.7676,138.2182,406
2009-11,ASN00022003,-34.6981,137.7116,240
2009-11,ASN00022008,-34.3745,137.6733,458
2009-11,ASN00022009,-34.7708,137.5952,8
2009-11,ASN00022011,-34.0672,137.5925,328
2009-11,ASN00022012,-34.0402,137.9004,338
2009-11,ASN00022013,-34.4951,137.4836,302
2009-11,ASN00022014,-34.7785,137.8579,8
2009-11,ASN00022015,-34.2971,138.0014,0
2009-11,ASN00021131,-33.8226,138.5933,464
2009-11,ASN00022017,-34.9122,137.7977,0
2009-11,ASN00022020,-33.9323,137.6282,297
2009-11,ASN00022022,-34.1447,138.0146,224
2009-11,ASN00022023,-35.0203,137.6064,10
2009-11,ASN00022031,-34.748,137.5276,390
2009-11,ASN00022033,-34.4724,137.885,226
2009-11,ASN00022036,-34.7477,137.6309,402
2009-11,ASN00022044,-34.239,137.9883,260
2009-11,ASN00022046,-35.1121,137.7395,196
2009-11,ASN00022049,-35.2795,136.9392,86
2009-11,ASN00022018,-34.9906,137.3995,232
2009-11,ASN00021130,-34.1002,138.631,392
2009-11,ASN00021127,-33.8828,138.6389,580
2009-11,ASN00021120,-33.2549,138.7867,814
2009-11,ASN00021029,-33.5867,138.3343,388
2009-11,ASN00021031,-33.1851,138.3001,822
2009-11,ASN00021033,-33.9136,138.7195,536
2009-11,ASN00021034,-33.5592,138.903,788
2009-11,ASN00021036,-33.5946,138.0832,724
2009-11,ASN00021042,-33.6029,137.9348,504
2009-11,ASN00021044,-34.1848,138.1478,340
2009-11,ASN00021045,-33.5407,138.2244,532
2009-11,ASN00021055,-33.2296,138.8844,524
2009-11,ASN00021057,-33.5707,138.4503,436
2009-11,ASN00021060,-33.2025,138.6024,116
2009-11,ASN00021062,-33.3041,138.7553,1002
2009-11,ASN00021063,-34.1564,138.1827,344
2009-11,ASN00021072,-33.3265,138.3172,514
2009-11,ASN00021075,-33.7464,138.6058,444
2009-11,ASN00021076,-33.9309,138.814,452
2009-11,ASN00021077,-33.6781,138.9371,720
2009-11,ASN00021102,-33.35,138.102,564
2009-11,ASN00021104,-33.9943,138.4539,576
2009-11,ASN00021106,-33.953,138.3903,460
2009-11,ASN00021110,-33.7876,137.7068,378
2009-11,ASN00019046,-31.775,138.6529,238
2009-11,ASN00016086,-31.7646,135.6494,692
2009-11,ASN00019043,-32.9495,138.5174,740
2009-11,ASN00019038,-32.3538,138.0371,612
2009-11,ASN00018019,-34.3853,135.4697,170
2009-11,ASN00018022,-33.6772,136.9116,0
2009-11,ASN00018023,-34.2644,135.7266,20
2009-11,ASN00018024,-33.4678,136.2113,250
2009-11,ASN00018034,-32.7324,137.1505,582
2009-11,ASN00018040,-33.1414,136.4125,136
2009-11,ASN00018043,-34.4139,135.8224,175
2009-11,ASN00018044,-33.1332,135.5552,144
2009-11,ASN00018046,-33.5679,135.7571,119
2009-11,ASN00018014,-33.7011,136.4937,228
2009-11,ASN00018047,-32.0723,133.9401,224
2009-11,ASN00018060,-31.7782,132.2038,12
2009-11,ASN00018063,-31.932,133.0056,108
2009-11,ASN00018069,-33.6501,134.888,116
2009-11,ASN00018077,-32.3752,133.9353,28
2009-11,ASN00018079,-32.7963,134.2116,118
2009-11,ASN00018083,-33.043,135.4519,162
2009-11,ASN00018086,-34.3756,136.1026,0
2009-11,ASN00018091,-34.2617,136.2092,142
2009-11,ASN00018094,-32.4035,134.5323,146
2009-11,ASN00018054,-33.0314,134.7015,64
2009-11,ASN00018096,-33.6824,136.6831,182
2009-11,ASN00018012,-32.1297,133.6976,94
2009-11,ASN00017131,-29.9062,139.7345,402
2009-11,ASN00016095,-26.2085,133.8545,138
2009-11,ASN00016096,-30.4829,136.8772,0
2009-11,ASN00016097,-26.2635,132.1771,238
2009-11,ASN00016098,-30.7051,134.5786,546
2009-11,ASN00017014,-31.0939,138.6786,1038
2009-11,ASN00017024,-30.066,138.2739,812
2009-11,ASN00017028,-27.724,140.7633,496
2009-11,ASN00017032,-30.9904,138.5787,828
2009-11,ASN00017041,-30.9372,138.8919,924
2009-11,ASN00018001,-33.9118,136.5697,30
2009-11,ASN00017043,-27.5553,135.4456,442
2009-11,ASN00017089,-27.7205,138.2548,428
2009-11,ASN00017098,-31.1881,138.2785,467
2009-11,ASN00017099,-30.311,139.3357,570
2009-11,ASN00017110,-30.5963,138.4219,760
2009-11,ASN00017115,-29.1266,140.9018,258
2009-11,ASN00017119,-30.8406,138.3224,688
2009-11,ASN00017123,-28.0997,140.1956,362
2009-11,ASN00017126,-29.6587,138.0684,458
2009-11,ASN00017130,-29.7138,137.9017,838
2009-11,ASN00017054,-31.1278,138.9618,1040
2009-11,ASN00018098,-32.9475,135.2754,184
2009-11,ASN00018106,-31.4492,130.8976,18
2009-11,ASN00018107,-34.5911,135.7572,172
2009-11,ASN00018203,-34.344,136.0471,155
2009-11,ASN00018204,-33.5879,134.8859,54
2009-11,ASN00018205,-34.7405,135.845,224
2009-11,ASN00018209,-33.8189,135.4857,176
2009-11,ASN00018213,-33.7412,135.0804,76
2009-11,ASN00018214,-32.9232,136.4778,28
2009-11,ASN00019001,-33.0524,138.4277,938
2009-11,ASN00019002,-32.2507,137.9776,648
2009-11,ASN00019005,-32.8247,138.6907,598
2009-11,ASN00018201,-32.5091,137.7144,558
2009-11,ASN00019006,-32.881,138.3519,898
2009-11,ASN00019009,-32.4244,138.5304,530
2009-11,ASN00019010,-32.0695,138.4948,842
2009-11,ASN00019013,-32.5373,138.5626,574
2009-11,ASN00019017,-31.8846,138.435,854
2009-11,ASN00019024,-32.8294,138.1907,1068
2009-11,ASN00019031,-32.8776,139.0578,484
2009-11,ASN00019032,-32.7335,138.6135,140
2009-11,ASN00019034,-32.9737,138.8375,116
2009-11,ASN00019037,-33.0216,138.0002,523
2009-11,ASN00019008,-32.4618,138.2004,628
2009-11,ASN00018198,-33.4138,136.5989,370
2009-11,ASN00018195,-32.8427,135.1515,184
2009-11,ASN00018193,-33.0267,136.3171,341
2009-11,ASN00018110,-30.6143,130.4136,15
2009-11,ASN00018113,-33.965,136.2472,176
2009-11,ASN00018114,-30.1591,131.579,378
2009-11,ASN00018115,-35.3365,136.1174,142
2009-11,ASN00018116,-33.7081,136.5026,216
2009-11,ASN00018120,-33.0539,137.5205,654
2009-11,ASN00018144,-34.5424,135.6997,128
2009-11,ASN00018164,-33.6993,135.9238,106
2009-11,ASN00018165,-33.5733,135.602,42
2009-11,ASN00018166,-32.2811,134.4714,166
2009-11,ASN00018171,-34.1361,135.3319,86
2009-11,ASN00018172,-32.921,135.9996,254
2009-11,ASN00018174,-33.7234,136.1511,148
2009-11,ASN00018176,-33.3416,136.7518,272
2009-11,ASN00018182,-31.9661,133.3316,158
2009-11,ASN00018184,-33.6125,136.3722,223
2009-11,ASN00018186,-32.5534,136.7123,630
2009-11,ASN00018188,-34.6252,135.4725,126
2009-11,ASN00018189,-33.7516,135.1863,74
2009-11,ASN00018190,-32.9004,136.1858,270
2009-11,ASN00018192,-34.5993,135.8784,126
2009-11,ASN00019042,-32.8454,138.2116,868
2009-11,ASN00010729,-34.3439,118.6306,418
2009-11,ASN00010705,-32.3344,118.8492,228
2009-11,ASN00010704,-33.3281,117.5628,190
2009-11,ASN00008095,-28.5367,115.5142,151
2009-11,ASN00008100,-28.3456,114.6367,220
2009-11,ASN00008107,-29.4417,116.2875,128
2009-11,ASN00008113,-27.8325,114.7364,69
2009-11,ASN00008121,-29.5339,115.7628,148
2009-11,ASN00008137,-30.8917,116.7186,180
2009-11,ASN00008143,-29.2872,115.6331,202
2009-11,ASN00008157,-28.8978,115.8628,226
2009-11,ASN00008200,-28.6936,115.0408,94
2009-11,ASN00008077,-29.6006,115.9392,80
2009-11,ASN00008202,-30.6219,116.3794,188
2009-11,ASN00008240,-28.8939,115.4539,214
2009-11,ASN00008251,-27.7119,114.165,144
2009-11,ASN00008254,-30.7092,116.7744,120
2009-11,ASN00008271,-28.8114,115.9675,156
2009-11,ASN00008283,-30.1453,116.3844,116
2009-11,ASN00008285,-28.3181,114.7614,124
2009-11,ASN00008286,-28.275,114.6761,178
2009-11,ASN00008290,-28.3008,113.5936,76
2009-11,ASN00008294,-28.2094,115.285,0
2009-11,ASN00008237,-28.6857,115.2806,68
2009-11,ASN00008296,-29.2039,116.0247,364
2009-11,ASN00008072,-29.7586,116.4444,212
2009-11,ASN00008064,-30.6719,116.3078,212
2009-11,ASN00007179,-24.4114,118.9408,118
2009-11,ASN00007180,-25.0386,120.0064,382
2009-11,ASN00007185,-23.1725,117.7494,514
2009-11,ASN00007197,-28.2817,118.3111,172
2009-11,ASN00007600,-28.1156,117.8425,28
2009-11,ASN00008002,-30.5967,116.7714,322
2009-11,ASN00008005,-30.7294,116.02,248
2009-11,ASN00008008,-30.5831,116.135,364
2009-11,ASN00008013,-29.3303,116.1433,260
2009-11,ASN00008066,-30.7008,117.0608,218
2009-11,ASN00008014,-30.2192,116.7783,146
2009-11,ASN00008022,-30.2911,116.3306,124
2009-11,ASN00008025,-29.6889,115.8869,80
2009-11,ASN00008028,-28.5008,114.7897,254
2009-11,ASN00008037,-29.8819,116.0233,79
2009-11,ASN00008050,-28.7769,114.605,200
2009-11,ASN00008051,-28.7953,114.6975,168
2009-11,ASN00008052,-28.17,114.7614,138
2009-11,ASN00008057,-29.5486,115.0689,114
2009-11,ASN00008060,-29.0364,115.5536,124
2009-11,ASN00008016,-30.445,117.0406,76
2009-11,ASN00008297,-30.2761,116.6714,182
2009-11,ASN00008298,-28.7597,114.937,192
2009-11,ASN00008299,-29.1103,115.3173,194
2009-11,ASN00009151,-31.9556,115.7928,246
2009-11,ASN00009168,-32.1189,116.1206,628
2009-11,ASN00009172,-32.1011,115.8794,334
2009-11,ASN00009178,-31.4628,115.8642,268
2009-11,ASN00009193,-32.0069,115.5022,312
2009-11,ASN00009199,-29.9486,114.9781,108
2009-11,ASN00009207,-32.0208,116.1167,680
2009-11,ASN00009215,-31.9558,115.7619,284
2009-11,ASN00009225,-31.9192,115.8728,382
2009-11,ASN00009131,-30.3081,115.0311,320
2009-11,ASN00009240,-32.0056,116.1364,550
2009-11,ASN00009248,-31.332,115.9513,390
2009-11,ASN00009252,-31.7683,116.2475,526
2009-11,ASN00009256,-32.2433,115.6839,254
2009-11,ASN00009257,-32.1569,115.9275,464
2009-11,ASN00009258,-32.2156,115.8758,564
2009-11,ASN00009260,-32.4697,116.2143,428
2009-11,ASN00009263,-31.8372,115.95,466
2009-11,ASN00009264,-31.7078,115.7242,220
2009-11,ASN00009276,-30.5744,115.2231,286
2009-11,ASN00009242,-32.3956,115.9744,418
2009-11,ASN00009113,-32.1108,116.0953,610
2009-11,ASN00009112,-31.3928,116.0875,524
2009-11,ASN00009111,-32.44,116.0744,530
2009-11,ASN00008300,-29.0692,115.0915,116
2009-11,ASN00008304,-28.9571,114.9492,196
2009-11,ASN00008305,-29.2778,114.9464,102
2009-11,ASN00008307,-28.89,115.4397,192
2009-11,ASN00008308,-28.8,115.76,134
2009-11,ASN00008309,-29.3,115.6597,160
2009-11,ASN00008310,-29.0291,115.5548,140
2009-11,ASN00009009,-31.605,116.1114,324
2009-11,ASN00009014,-30.6969,115.5817,388
2009-11,ASN00009015,-32.0892,116.125,544
2009-11,ASN00009018,-31.3461,115.9031,380
2009-11,ASN00009021,-31.9275,115.9764,324
2009-11,ASN00009024,-31.5608,116.0842,342
2009-11,ASN00009030,-31.8972,116.1575,560
2009-11,ASN00009033,-30.9719,116.2089,330
2009-11,ASN00009037,-30.3381,115.5394,160
2009-11,ASN00009039,-32.3536,116.005,476
2009-11,ASN00009040,-31.1428,116.0539,371
2009-11,ASN00009053,-31.6669,116.0189,374
2009-11,ASN00009066,-31.7908,116.1975,614
2009-11,ASN00009106,-32.0486,115.9839,468
2009-11,ASN00007177,-23.6042,117.6892,658
2009-11,ASN00009500,-35.0289,117.8808,290
2009-11,ASN00007176,-23.4169,119.7989,652
2009-11,ASN00007103,-25.48,119.6492,262
2009-11,ASN00002069,-16.4433,127.7836,289
2009-11,ASN00003001,-17.2767,122.5711,828
2009-11,ASN00003003,-17.9475,122.2353,462
2009-11,ASN00003009,-18.355,125.3033,78
2009-11,ASN00003019,-17.3306,124.8167,198
2009-11,ASN00003027,-18.1386,125.7764,20
2009-11,ASN00003028,-19.2536,121.4861,0
2009-11,ASN00003030,-18.6844,121.7803,8
2009-11,ASN00003032,-17.3706,123.6611,42
2009-11,ASN00002067,-15.9816,128.9991,252
2009-11,ASN00003040,-17.9903,124.1922,392
2009-11,ASN00003048,-18.9158,125.5264,0
2009-11,ASN00003051,-16.7372,125.9086,928
2009-11,ASN00003052,-16.8206,124.9158,985
2009-11,ASN00003057,-16.4514,123.0086,8
2009-11,ASN00003059,-19.0861,121.6764,210
2009-11,ASN00003066,-18.5175,121.8072,72
2009-11,ASN00003068,-18.5075,123.4561,96
2009-11,ASN00003073,-16.6872,123.8375,250
2009-11,ASN00003080,-17.5736,123.8217,246
2009-11,ASN00003041,-17.6925,122.7128,1040
2009-11,ASN00003084,-17.3436,123.6781,90
2009-11,ASN00002064,-16.6381,128.4517,304
2009-11,ASN00002049,-18.1947,127.8147,100
2009-11,ASN00001006,-15.51,128.1503,370
2009-11,ASN00001007,-13.7542,126.1485,34
2009-11,ASN00001010,-14.7883,126.4964,1898
2009-11,ASN00001018,-16.4181,126.1025,852
2009-11,ASN00041016,-27.5331,151.2025,386
2009-11,ASN00001020,-14.09,126.3867,132
2009-11,ASN00001023,-16.0086,127.9806,636
2009-11,ASN00001025,-15.3797,126.3114,921
2009-11,ASN00001026,-15.7025,126.3786,320
2009-11,ASN00002056,-15.7814,128.71,592
2009-11,ASN00001031,-13.96,127.1964,0
2009-11,ASN00002009,-16.4203,126.4411,840
2009-11,ASN00002012,-18.2292,127.6636,122
2009-11,ASN00002021,-18.3869,126.9892,130
2009-11,ASN00002022,-18.016,126.3033,120
2009-11,ASN00002026,-18.5958,127.6419,142
2009-11,ASN00002029,-19.1625,128.1633,40
2009-11,ASN00002032,-17.0156,128.2175,104
2009-11,ASN00002043,-18.3368,126.1243,162
2009-11,ASN00002044,-16.1119,128.7414,276
2009-11,ASN00001035,-15.5969,128.2781,231
2009-11,ASN00003093,-18.1814,125.5619,38
2009-11,ASN00003098,-17.0549,125.7108,498
2009-11,ASN00003100,-17.9503,124.2653,907
2009-11,ASN00006022,-25.0544,115.21,87
2009-11,ASN00006034,-25.3656,114.3594,52
2009-11,ASN00006044,-25.9261,113.5319,130
2009-11,ASN00006072,-23.0314,115.0414,197
2009-11,ASN00006097,-26.1203,113.3975,102
2009-11,ASN00006099,-26.8936,115.9561,59
2009-11,ASN00006105,-25.8925,113.5772,16
2009-11,ASN00007014,-27.2528,117.6525,0
2009-11,ASN00007017,-27.4233,117.8994,93
2009-11,ASN00006011,-24.8878,113.67,2
2009-11,ASN00007019,-24.0019,119.5725,616
2009-11,ASN00007030,-26.1142,117.5047,330
2009-11,ASN00007045,-26.6136,118.5372,10
2009-11,ASN00007059,-24.2297,118.2408,292
2009-11,ASN00007064,-27.3636,116.4261,66
2009-11,ASN00007068,-29.425,117.2906,28
2009-11,ASN00007081,-28.8928,117.1333,42
2009-11,ASN00007083,-23.6239,118.6561,289
2009-11,ASN00007090,-28.8439,117.8317,98
2009-11,ASN00007101,-26.2822,118.6933,72
2009-11,ASN00007023,-25.6864,119.2258,362
2009-11,ASN00006008,-25.0481,114.0294,0
2009-11,ASN00005095,-22.9367,116.9731,120
2009-11,ASN00005094,-20.875,115.4056,0
2009-11,ASN00004006,-22.1828,119.935,172
2009-11,ASN00004019,-19.7419,120.8436,0
2009-11,ASN00004032,-20.3725,118.6317,0
2009-11,ASN00004038,-20.7483,118.8172,0
2009-11,ASN00004039,-20.9469,117.3733,0
2009-11,ASN00004041,-20.8503,120.695,240
2009-11,ASN00004046,-20.6739,120.2044,100
2009-11,ASN00004083,-20.7097,116.7742,0
2009-11,ASN00004090,-20.7594,117.1583,0
2009-11,ASN00004106,-21.1756,119.7497,116
2009-11,ASN00005001,-21.8047,117.8056,272
2009-11,ASN00005006,-22.9119,116.2903,311
2009-11,ASN00005007,-22.2406,114.0967,0
2009-11,ASN00005008,-21.1906,115.9797,4
2009-11,ASN00005014,-21.7869,117.8647,196
2009-11,ASN00005017,-21.6689,115.1092,14
2009-11,ASN00005022,-21.975,116.0653,0
2009-11,ASN00005029,-21.6767,116.3928,252
2009-11,ASN00005061,-20.7278,116.7483,0
2009-11,ASN00005069,-21.6392,116.3308,86
2009-11,ASN00005084,-21.4606,115.0197,0
2009-11,ASN00007139,-29.2708,117.6836,82
2009-11,ASN00009506,-34.4678,116.9169,358
2009-11,ASN00009507,-32.6836,116.5194,346
2009-11,ASN00009513,-33.2136,115.85,596
2009-11,ASN00010091,-31.6322,117.0081,262
2009-11,ASN00010092,-31.4756,118.2789,434
2009-11,ASN00010095,-31.5936,118.2347,364
2009-11,ASN00010097,-30.6569,117.2625,178
2009-11,ASN00010111,-31.6508,116.6586,241
2009-11,ASN00010112,-31.1842,118.1006,375
2009-11,ASN00010118,-31.9917,118.0264,300
2009-11,ASN00010119,-31.795,118.3947,364
2009-11,ASN00010121,-31.6431,117.4872,168
2009-11,ASN00010084,-30.1056,117.3597,242
2009-11,ASN00010124,-31.5136,118.1753,418
2009-11,ASN00010134,-31.3119,116.515,470
2009-11,ASN00010135,-30.4869,118.1258,464
2009-11,ASN00010136,-30.5892,118.1489,342
2009-11,ASN00010138,-31.814,116.341,114
2009-11,ASN00010143,-31.415,117.2664,220
2009-11,ASN00010145,-31.3756,117.5853,210
2009-11,ASN00010149,-31.3361,117.8164,378
2009-11,ASN00010150,-31.6358,116.7961,234
2009-11,ASN00010151,-31.5317,118.0986,458
2009-11,ASN00010126,-31.1153,117.7942,214
2009-11,ASN00010155,-30.7686,117.1361,177
2009-11,ASN00010082,-31.1125,117.9186,207
2009-11,ASN00010073,-31.6183,117.7217,456
2009-11,ASN00010000,-31.1675,117.0736,378
2009-11,ASN00010007,-30.8081,117.8603,246
2009-11,ASN00010009,-31.2744,116.5092,336
2009-11,ASN00010010,-30.9386,117.9642,229
2009-11,ASN00010012,-31.5278,117.4361,200
2009-11,ASN00010016,-31.8775,118.15,262
2009-11,ASN00010019,-31.3958,118.4808,286
2009-11,ASN00010026,-30.0606,117.1417,194
2009-11,ASN00010031,-31.3742,117.5861,268
2009-11,ASN00010076,-31.0597,116.7319,162
2009-11,ASN00010032,-30.9964,117.3953,313
2009-11,ASN00010041,-31.6192,117.4372,130
2009-11,ASN00010042,-31.1936,117.0311,384
2009-11,ASN00010043,-31.7661,116.9167,251
2009-11,ASN00010053,-31.7233,118.4372,270
2009-11,ASN00010058,-31.2994,116.8269,44
2009-11,ASN00010060,-31.9886,118.5106,206
2009-11,ASN00010061,-31.1417,116.9558,248
2009-11,ASN00010064,-31.2747,116.5075,382
2009-11,ASN00010070,-30.3686,117.1133,138
2009-11,ASN00010040,-31.6089,117.8775,402
2009-11,ASN00010160,-31.4533,117.1194,222
2009-11,ASN00010163,-31.7711,117.1433,188
2009-11,ASN00010192,-30.5539,118.2828,546
2009-11,ASN00010558,-33.9372,118.0075,190
2009-11,ASN00010560,-32.5403,119.1122,314
2009-11,ASN00010565,-32.6744,119.4144,372
2009-11,ASN00010568,-32.4419,118.8983,314
2009-11,ASN00010571,-32.3789,116.8258,194
2009-11,ASN00010582,-33.83,117.159,304
2009-11,ASN00010584,-32.6719,118.1547,261
2009-11,ASN00010603,-32.4231,118.2003,208
2009-11,ASN00010611,-33.2761,119.7753,644
2009-11,ASN00010556,-32.4797,116.8167,242
2009-11,ASN00010612,-32.0656,118.3956,478
2009-11,ASN00010622,-33.9644,118.4889,402
2009-11,ASN00010626,-32.5336,117.0831,174
2009-11,ASN00010628,-32.0094,117.4014,320
2009-11,ASN00010633,-33.5803,120.0458,462
2009-11,ASN00010635,-33.7853,116.9064,168
2009-11,ASN00010641,-33.375,116.9053,268
2009-11,ASN00010647,-33.3075,117.3403,413
2009-11,ASN00010692,-33.1131,118.84,448
2009-11,ASN00010702,-32.1003,118.8058,220
2009-11,ASN00010614,-32.9342,117.1797,295
2009-11,ASN00010546,-33.3142,117.74,217
2009-11,ASN00010541,-33.8594,118.8158,276
2009-11,ASN00010537,-34.2961,117.5533,310
2009-11,ASN00010286,-31.6219,117.2217,192
2009-11,ASN00010294,-31.5736,117.5097,210
2009-11,ASN00010304,-31.485,116.5383,288
2009-11,ASN00010307,-31.7936,116.6278,232
2009-11,ASN00010308,-31.55,116.4867,212
2009-11,ASN00010310,-31.7647,116.3464,438
2009-11,ASN00010311,-31.8997,116.765,190
2009-11,ASN00010502,-34.2553,118.2214,315
2009-11,ASN00010503,-32.0311,118.0947,266
2009-11,ASN00010508,-33.6361,117.9278,220
2009-11,ASN00010511,-32.8022,117.5025,0
2009-11,ASN00010513,-32.3869,118.2622,208
2009-11,ASN00010515,-32.1083,116.9247,186
2009-11,ASN00010518,-32.4006,118.6058,460
2009-11,ASN00010520,-33.6614,117.0539,180
2009-11,ASN00010524,-32.3725,117.0072,210
2009-11,ASN00010527,-32.3756,117.5128,320
2009-11,ASN00010530,-33.9144,117.0994,224
2009-11,ASN00010531,-33.7069,117.2411,174
2009-11,ASN00010534,-32.4825,117.5647,266
2009-11,ASN00010536,-32.3292,117.8733,277
2009-11,ASN00009998,-34.9469,116.7222,628
2009-11,ASN00009997,-33.7647,115.8431,660
2009-11,ASN00009994,-33.3608,116.1717,388
2009-11,ASN00009992,-33.5435,115.5509,424
2009-11,ASN00009613,-34.1436,115.2261,600
2009-11,ASN00009615,-34.715,118.4692,321
2009-11,ASN00009616,-34.0911,116.6628,367
2009-11,ASN00009617,-33.9486,116.1311,528
2009-11,ASN00009626,-33.7106,121.5619,354
2009-11,ASN00009628,-33.36,116.1467,489
2009-11,ASN00009633,-34.8644,118.1122,488
2009-11,ASN00009635,-34.3633,117.0836,250
2009-11,ASN00009636,-33.8358,115.0747,721
2009-11,ASN00009611,-34.9761,116.7328,411
2009-11,ASN00009642,-33.1336,115.8808,374
2009-11,ASN00009647,-34.9506,117.2769,462
2009-11,ASN00009654,-34.3986,119.3778,340
2009-11,ASN00009678,-34.8772,117.6725,376
2009-11,ASN00009692,-34.2258,115.7622,928
2009-11,ASN00009738,-33.4531,116.3025,435
2009-11,ASN00009739,-33.6789,122.3311,382
2009-11,ASN00009741,-34.9414,117.8022,312
2009-11,ASN00009752,-34.7233,117.3494,354
2009-11,ASN00009754,-34.5961,118.5519,424
2009-11,ASN00009645,-33.7981,121.1503,406
2009-11,ASN00009603,-33.6858,115.4008,424
2009-11,ASN00009600,-33.9525,115.1969,332
2009-11,ASN00009594,-34.435,119.3628,413
2009-11,ASN00009515,-33.6611,115.3456,424
2009-11,ASN00009518,-34.3728,115.1358,470
2009-11,ASN00009519,-33.5372,115.0189,668
2009-11,ASN00009527,-33.3969,115.7833,438
2009-11,ASN00009531,-34.9617,117.3567,256
2009-11,ASN00009532,-34.9528,117.3733,308
2009-11,ASN00009534,-33.5719,115.8247,503
2009-11,ASN00009538,-32.7103,116.0594,687
2009-11,ASN00009542,-33.6825,121.8275,254
2009-11,ASN00009547,-34.0717,115.0986,466
2009-11,ASN00009556,-33.9781,116.3336,384
2009-11,ASN00009557,-33.9497,120.1258,70
2009-11,ASN00009573,-34.2508,116.145,642
2009-11,ASN00009574,-33.9592,115.0642,294
2009-11,ASN00009575,-32.8556,116.45,344
2009-11,ASN00009579,-33.7633,122.0675,292
2009-11,ASN00009584,-33.7422,121.995,455
2009-11,ASN00009587,-33.9967,116.4253,414
2009-11,ASN00009589,-34.9919,116.8206,516
2009-11,ASN00009590,-34.6339,116.1236,730
2009-11,ASN00009592,-34.4478,116.0433,966
2009-11,ASN00009766,-35.0597,117.8658,310
2009-11,ASN00022050,-33.9703,137.6628,374
2009-11,ASN00009769,-32.5698,116.4385,454
2009-11,ASN00009772,-33.7608,121.2156,260
2009-11,ASN00009917,-33.7058,115.7878,640
2009-11,ASN00009927,-33.6028,116.0128,552
2009-11,ASN00009928,-34.8389,116.7211,770
2009-11,ASN00009936,-32.6239,116.0603,952
2009-11,ASN00009957,-35.0367,116.9247,572
2009-11,ASN00009958,-34.6625,117.8394,747
2009-11,ASN00009961,-33.9306,120.1283,328
2009-11,ASN00009964,-34.5714,117.0106,430
2009-11,ASN00009965,-33.3567,115.6447,316
2009-11,ASN00009914,-33.3197,116.6464,334
2009-11,ASN00009967,-34.7772,117.6508,418
2009-11,ASN00009971,-33.7844,115.4075,698
2009-11,ASN00009977,-32.5219,115.7119,466
2009-11,ASN00009978,-33.7563,115.2096,790
2009-11,ASN00009982,-33.3878,115.8538,520
2009-11,ASN00009987,-33.6414,115.7028,554
2009-11,ASN00009988,-33.6808,115.6242,412
2009-11,ASN00009989,-33.6458,115.9553,462
2009-11,ASN00009990,-33.4775,115.7393,454
2009-11,ASN00009991,-33.5711,115.8383,468
2009-11,ASN00009968,-34.5683,116.3367,758
2009-11,ASN00009912,-33.445,115.8508,578
2009-11,ASN00009908,-34.2292,115.9294,748
2009-11,ASN00009904,-34.5967,116.1072,934
2009-11,ASN00009776,-33.7931,115.3189,690
2009-11,ASN00009784,-34.9319,117.1606,450
2009-11,ASN00009789,-33.83,121.8925,222
2009-11,ASN00009801,-34.1597,115.1892,498
2009-11,ASN00009803,-33.7831,115.3447,432
2009-11,ASN00009804,-33.8811,122.2167,384
2009-11,ASN00009805,-34.9769,116.7286,481
2009-11,ASN00009815,-33.8819,122.5661,162
2009-11,ASN00009822,-33.7753,121.555,276
2009-11,ASN00009842,-33.7964,115.6658,639
2009-11,ASN00009843,-34.4417,116.9944,334
2009-11,ASN00009848,-34.7719,118.1317,598
2009-11,ASN00009850,-34.5378,117.7197,454
2009-11,ASN00009852,-34.8883,118.3958,326
2009-11,ASN00009865,-34.3997,118.8867,180
2009-11,ASN00009868,-33.7078,120.8653,412
2009-11,ASN00009871,-34.8361,116.0308,399
2009-11,ASN00009877,-33.6033,115.4983,342
2009-11,ASN00009894,-32.9183,115.9217,490
2009-11,ASN00009897,-33.8536,123.0069,254
2009-11,ASN00009899,-34.8883,118.0789,536
2009-11,ASN00009771,-33.7411,115.4697,454
2009-11,ASN00022054,-34.5552,137.8581,274
2009-11,ASN00001019,-14.2964,126.6453,484
2009-11,ASN00022056,-34.402,137.7185,366
2009-11,ASN00038056,-25.6653,142.1086,963
2009-11,ASN00038060,-25.1806,142.6817,555
2009-11,ASN00038062,-24.6947,143.1275,266
2009-11,ASN00038063,-25.1494,142.9833,590
2009-11,ASN00039000,-25.1333,151.1292,600
2009-11,ASN00039009,-24.8408,152.2414,352
2009-11,ASN00039018,-24.0222,151.7642,480
2009-11,ASN00039035,-23.1375,149.9726,290
2009-11,ASN00039036,-25.3706,151.1222,340
2009-11,ASN00038035,-25.5903,143.8917,56
2009-11,ASN00039040,-24.9933,151.9606,282
2009-11,ASN00039054,-24.1967,150.3714,260
2009-11,ASN00039059,-24.1116,152.7161,538
2009-11,ASN00039066,-25.6167,151.6156,792
2009-11,ASN00039067,-23.5798,150.4044,156
2009-11,ASN00039068,-23.8104,150.9783,74
2009-11,ASN00039070,-25.1694,151.6375,758
2009-11,ASN00039071,-24.5722,149.9694,644
2009-11,ASN00039073,-25.5908,151.2986,532
2009-11,ASN00039083,-23.3753,150.4775,214
2009-11,ASN00039043,-23.5255,150.5078,0
2009-11,ASN00039085,-24.7298,153.2089,298
2009-11,ASN00038026,-25.8975,139.3472,380
2009-11,ASN00038020,-25.79,139.5856,536
2009-11,ASN00036172,-21.9667,144.3333,120
2009-11,ASN00037000,-22.1542,142.49,240
2009-11,ASN00037003,-20.4661,138.4683,320
2009-11,ASN00037010,-19.9225,138.1214,168
2009-11,ASN00037025,-21.55,143.8031,23
2009-11,ASN00037030,-21.8886,143.6019,98
2009-11,ASN00037034,-21.8125,139.9267,308
2009-11,ASN00037036,-21.84,140.8925,512
2009-11,ASN00037039,-22.3617,143.0836,164
2009-11,ASN00038024,-25.4228,142.6564,590
2009-11,ASN00037046,-22.2903,142.4731,334
2009-11,ASN00037112,-23.9686,143.3031,56
2009-11,ASN00037120,-21.8958,143.0967,255
2009-11,ASN00038000,-24.3597,139.4714,105
2009-11,ASN00038003,-22.9117,139.9039,374
2009-11,ASN00038004,-24.8522,143.6672,152
2009-11,ASN00038009,-24.7856,139.5919,694
2009-11,ASN00038010,-22.9144,138.8036,280
2009-11,ASN00038012,-24.8303,143.9331,40
2009-11,ASN00038014,-23.365,139.6556,418
2009-11,ASN00037106,-21.8831,139.9728,377
2009-11,ASN00039089,-24.4935,150.5709,600
2009-11,ASN00039092,-24.6792,152.1881,912
2009-11,ASN00039095,-24.6342,152.0228,615
2009-11,ASN00039303,-25.2558,152.2819,396
2009-11,ASN00039313,-25.1367,151.98,240
2009-11,ASN00039314,-24.1542,151.8875,386
2009-11,ASN00039319,-25.1303,151.1297,480
2009-11,ASN00039321,-25.4,151.1,330
2009-11,ASN00039326,-23.8697,151.2214,124
2009-11,ASN00039332,-24.41,149.8356,702
2009-11,ASN00039334,-24.0213,150.9603,30
2009-11,ASN00039338,-24.9822,152.0731,126
2009-11,ASN00039290,-24.4131,150.5208,710
2009-11,ASN00039339,-25.1475,151.6286,394
2009-11,ASN00039341,-25.5247,151.76,580
2009-11,ASN00039343,-25.5378,151.32,558
2009-11,ASN00039346,-25.695,151.3325,256
2009-11,ASN00039349,-23.6211,150.1567,6
2009-11,ASN00040004,-27.6297,152.7111,698
2009-11,ASN00040020,-26.8848,152.1006,296
2009-11,ASN00040026,-25.5997,152.5925,168
2009-11,ASN00040028,-25.6006,152.2614,208
2009-11,ASN00040042,-28.0142,153.1664,1176
2009-11,ASN00039340,-25.62,151.59,568
2009-11,ASN00039278,-24.8394,150.7444,462
2009-11,ASN00039256,-25.1475,151.6286,587
2009-11,ASN00039255,-24.1664,151.5128,246
2009-11,ASN00039097,-24.7158,152.0075,600
2009-11,ASN00039102,-23.9078,150.1953,105
2009-11,ASN00039104,-24.8642,151.1247,576
2009-11,ASN00039106,-24.4081,150.7258,384
2009-11,ASN00039123,-23.8553,151.2628,204
2009-11,ASN00039128,-24.8885,152.3235,408
2009-11,ASN00039129,-24.6156,151.105,438
2009-11,ASN00039142,-24.8139,149.9892,540
2009-11,ASN00039151,-24.8075,150.2197,588
2009-11,ASN00039158,-24.9472,150.0789,1280
2009-11,ASN00039168,-25.1025,152.5603,377
2009-11,ASN00039175,-24.4167,151.2119,422
2009-11,ASN00039186,-24.9297,152.1983,370
2009-11,ASN00039201,-24.3278,149.8556,458
2009-11,ASN00039205,-24.8725,150.8236,272
2009-11,ASN00039220,-24.6544,151.6311,394
2009-11,ASN00039241,-23.7583,151.3097,102
2009-11,ASN00039242,-23.4009,150.6238,290
2009-11,ASN00039248,-24.9389,150.8033,262
2009-11,ASN00039251,-24.7275,151.4308,386
2009-11,ASN00039252,-24.2122,151.4219,176
2009-11,ASN00036168,-24.9553,145.2489,70
2009-11,ASN00040043,-27.0314,153.4661,248
2009-11,ASN00036160,-22.2717,147.0903,160
2009-11,ASN00036127,-24.6017,143.8314,115
2009-11,ASN00033303,-21.1397,149.1883,1030
2009-11,ASN00033304,-21.1792,148.7458,340
2009-11,ASN00033306,-20.4103,148.2306,170
2009-11,ASN00033307,-19.4167,146.5364,544
2009-11,ASN00033308,-22.7433,150.6578,744
2009-11,ASN00033310,-23.2,150.3978,216
2009-11,ASN00033312,-23.2233,150.605,406
2009-11,ASN00034007,-20.7019,147.0175,662
2009-11,ASN00034010,-20.4328,146.0131,534
2009-11,ASN00033302,-21.1772,148.8311,890
2009-11,ASN00034015,-22.0656,147.7219,290
2009-11,ASN00034027,-22.7744,148.81,174
2009-11,ASN00034044,-21.0767,146.5133,230
2009-11,ASN00034084,-20.0464,146.2708,146
2009-11,ASN00034094,-20.9994,146.4272,205
2009-11,ASN00034097,-20.6467,147.1372,400
2009-11,ASN00034100,-22.2411,148.43,178
2009-11,ASN00035001,-23.5522,147.7461,358
2009-11,ASN00035014,-26.1206,149.9614,180
2009-11,ASN00035015,-25.4025,149.1044,484
2009-11,ASN00034024,-22.0236,147.4158,372
2009-11,ASN00035016,-23.0856,148.0236,88
2009-11,ASN00033301,-21.3228,148.835,690
2009-11,ASN00033299,-21.2725,148.8203,990
2009-11,ASN00033260,-23.16,150.96,180
2009-11,ASN00033263,-20.4186,148.1108,80
2009-11,ASN00033264,-20.0089,148.2044,120
2009-11,ASN00033265,-20.2886,148.1175,40
2009-11,ASN00033266,-20.2381,148.0311,90
2009-11,ASN00033267,-20.2197,148.1217,280
2009-11,ASN00033269,-20.3078,148.2181,190
2009-11,ASN00033270,-20.525,148.2125,190
2009-11,ASN00033277,-21.1789,148.8297,760
2009-11,ASN00033300,-21.1439,149.0753,1160
2009-11,ASN00033280,-19.6333,147.1103,80
2009-11,ASN00033286,-19.7586,147.2436,120
2009-11,ASN00033287,-19.9717,147.2508,1000
2009-11,ASN00033288,-19.6433,147.3972,80
2009-11,ASN00033289,-20.1425,147.5631,40
2009-11,ASN00033290,-20.2897,147.9019,20
2009-11,ASN00033291,-20.3089,147.2961,420
2009-11,ASN00033292,-20.5819,147.5981,180
2009-11,ASN00033294,-23.1364,150.7506,444
2009-11,ASN00033295,-19.4569,147.4833,620
2009-11,ASN00033285,-23.0883,150.11,20
2009-11,ASN00035039,-26.3564,150.0464,286
2009-11,ASN00035040,-25.5811,148.4811,60
2009-11,ASN00035049,-24.5608,145.7869,254
2009-11,ASN00035225,-24.2897,148.1053,338
2009-11,ASN00035242,-25.8986,150.1297,800
2009-11,ASN00035264,-23.5694,148.1756,120
2009-11,ASN00035274,-23.8467,148.1083,614
2009-11,ASN00035282,-25.6333,149.7833,310
2009-11,ASN00036004,-22.9717,145.245,250
2009-11,ASN00036006,-21.7117,144.3928,0
2009-11,ASN00036007,-23.5544,145.2883,349
2009-11,ASN00036011,-22.2067,145.0083,0
2009-11,ASN00035221,-23.3039,148.1056,40
2009-11,ASN00036023,-21.5119,144.6339,0
2009-11,ASN00036028,-22.1769,144.0486,64
2009-11,ASN00036031,-23.4372,144.2769,68
2009-11,ASN00036034,-24.4303,145.4306,240
2009-11,ASN00036036,-23.6239,145.6892,96
2009-11,ASN00036037,-22.595,144.5469,23
2009-11,ASN00036046,-21.6292,145.1167,132
2009-11,ASN00036050,-22.0231,145.9831,28
2009-11,ASN00036074,-22.3022,145.99,260
2009-11,ASN00036094,-24.4464,144.1094,80
2009-11,ASN00036026,-24.2591,144.4406,128
2009-11,ASN00035211,-22.6217,147.6589,266
2009-11,ASN00035207,-24.2236,148.0958,364
2009-11,ASN00035182,-25.6753,149.6331,416
2009-11,ASN00035053,-23.1864,147.3539,842
2009-11,ASN00035063,-24.2111,148.7403,70
2009-11,ASN00035064,-24.4481,147.8986,220
2009-11,ASN00035065,-24.123,148.0856,270
2009-11,ASN00035068,-25.6103,148.9444,322
2009-11,ASN00035069,-24.8819,146.2564,587
2009-11,ASN00035070,-25.6408,149.7958,382
2009-11,ASN00035072,-24.8856,146.2781,438
2009-11,ASN00035077,-24.9214,148.6006,124
2009-11,ASN00035079,-24.6217,147.4064,502
2009-11,ASN00035081,-26.2853,149.8283,700
2009-11,ASN00035088,-24.3339,147.9425,118
2009-11,ASN00035090,-24.9588,148.3743,728
2009-11,ASN00035094,-22.4831,147.5172,350
2009-11,ASN00035109,-22.8181,148.49,114
2009-11,ASN00035117,-25.3864,149.7842,368
2009-11,ASN00035131,-23.1331,148.5267,92
2009-11,ASN00035132,-23.4292,148.9272,128
2009-11,ASN00035135,-25.7583,149.4067,198
2009-11,ASN00035151,-25.2797,148.85,80
2009-11,ASN00035165,-24.0717,146.6139,380
2009-11,ASN00036143,-24.4214,145.4672,219
2009-11,ASN00033255,-20.3531,148.9508,819
2009-11,ASN00040051,-26.7297,152.7169,268
2009-11,ASN00040057,-26.1842,152.9136,266
2009-11,ASN00040824,-26.1711,152.5994,110
2009-11,ASN00040825,-25.9,152.3497,90
2009-11,ASN00040827,-25.7167,151.8,10
2009-11,ASN00040829,-27.5439,152.1133,170
2009-11,ASN00040830,-26.6278,152.7042,490
2009-11,ASN00040832,-28.2033,152.77,600
2009-11,ASN00040833,-25.7683,152.525,40
2009-11,ASN00040836,-27.6272,152.7461,1120
2009-11,ASN00040841,-28.1481,152.57,900
2009-11,ASN00040823,-27.1381,152.3294,560
2009-11,ASN00040842,-27.3917,153.1292,310
2009-11,ASN00040845,-28.2006,153.1872,940
2009-11,ASN00040846,-28.0017,153.3083,590
2009-11,ASN00040849,-27.9136,153.3657,434
2009-11,ASN00040854,-27.6839,153.1947,789
2009-11,ASN00040856,-25.9007,153.0891,124
2009-11,ASN00040861,-26.6006,153.0903,286
2009-11,ASN00040865,-28.0936,152.7158,416
2009-11,ASN00040867,-27.9406,152.6236,1170
2009-11,ASN00040868,-25.7417,152.2353,212
2009-11,ASN00040844,-28.135,153.1883,1100
2009-11,ASN00040876,-28.2372,152.4867,870
2009-11,ASN00040816,-27.6658,152.6989,1100
2009-11,ASN00040811,-26.0833,152.2167,70
2009-11,ASN00040715,-27.6473,153.1718,710
2009-11,ASN00040717,-28.1681,153.5053,774
2009-11,ASN00040722,-26.0942,151.4417,260
2009-11,ASN00040738,-27.9114,153.1056,740
2009-11,ASN00040754,-28.2153,152.8681,530
2009-11,ASN00040761,-27.7828,153.1889,60
2009-11,ASN00040762,-27.8336,152.9878,780
2009-11,ASN00040763,-27.395,152.6097,334
2009-11,ASN00040764,-27.939,153.4283,520
2009-11,ASN00040814,-26.5256,152.7428,450
2009-11,ASN00040770,-27.5152,153.2492,438
2009-11,ASN00040778,-26.3583,152.6283,170
2009-11,ASN00040782,-26.3297,152.8136,300
2009-11,ASN00040784,-27.615,153.0444,380
2009-11,ASN00040785,-27.6017,152.9511,630
2009-11,ASN00040786,-27.7456,152.9081,820
2009-11,ASN00040793,-27.7633,152.8367,1106
2009-11,ASN00040794,-27.6956,152.9333,70
2009-11,ASN00040801,-26.3878,152.6842,174
2009-11,ASN00040808,-27.2641,152.1959,358
2009-11,ASN00040777,-26.4572,152.6803,50
2009-11,ASN00040878,-27.6947,153.1364,700
2009-11,ASN00040881,-27.9561,153.4233,580
2009-11,ASN00040882,-28.1653,153.2161,1010
2009-11,ASN00040940,-27.8336,152.9878,1076
2009-11,ASN00040941,-28.0708,152.8558,650
2009-11,ASN00040942,-28.3222,152.7697,490
2009-11,ASN00040943,-28.2453,152.8908,500
2009-11,ASN00040944,-28.1692,152.9833,560
2009-11,ASN00040945,-28.0708,152.9272,800
2009-11,ASN00040946,-28.2153,152.8681,620
2009-11,ASN00040947,-28.1481,152.57,1040
2009-11,ASN00040948,-28.1461,152.7358,650
2009-11,ASN00040939,-27.9681,152.9861,1020
2009-11,ASN00040949,-28.0033,152.6875,860
2009-11,ASN00040964,-27.6696,153.0442,738
2009-11,ASN00040965,-27.2442,153.0867,416
2009-11,ASN00040969,-27.0717,153.1058,312
2009-11,ASN00040973,-27.7472,153.1919,901
2009-11,ASN00040976,-27.4753,152.9753,545
2009-11,ASN00040978,-27.0797,153.1803,550
2009-11,ASN00040979,-27.1247,152.9356,410
2009-11,ASN00041013,-28.2264,152.0661,414
2009-11,ASN00022055,-34.6492,137.7272,334
2009-11,ASN00040958,-27.2169,153.0922,358
2009-11,ASN00040938,-27.9108,153.1047,860
2009-11,ASN00040937,-27.9978,153.1575,1200
2009-11,ASN00040936,-28.0614,153.0408,1130
2009-11,ASN00040889,-26.4472,152.4869,446
2009-11,ASN00040891,-25.6022,152.2603,182
2009-11,ASN00040892,-25.9586,152.5753,144
2009-11,ASN00040893,-26.0642,152.7728,160
2009-11,ASN00040896,-25.6517,152.6633,160
2009-11,ASN00040902,-25.4969,152.3836,120
2009-11,ASN00040903,-25.2386,152.5319,130
2009-11,ASN00040904,-25.2756,152.5089,100
2009-11,ASN00040905,-25.2928,152.4097,110
2009-11,ASN00040906,-25.4019,152.5317,90
2009-11,ASN00040907,-25.3289,152.5619,160
2009-11,ASN00040908,-26.3911,153.0403,176
2009-11,ASN00040913,-27.4808,153.0389,314
2009-11,ASN00040914,-27.4942,152.4972,396
2009-11,ASN00040922,-26.5737,151.8398,270
2009-11,ASN00040924,-26.9028,152.7664,252
2009-11,ASN00040928,-27.5639,152.8208,545
2009-11,ASN00040931,-28.2314,153.1356,760
2009-11,ASN00040932,-28.2608,153.0917,530
2009-11,ASN00040933,-28.27,153.0264,340
2009-11,ASN00040935,-27.7864,153.0161,860
2009-11,ASN00040714,-28.0708,152.9272,680
2009-11,ASN00040056,-27.3914,152.5014,350
2009-11,ASN00040708,-26.0336,151.0603,1712
2009-11,ASN00040693,-27.3786,152.8164,398
2009-11,ASN00040169,-26.8425,152.8819,354
2009-11,ASN00040170,-27.3042,152.0542,348
2009-11,ASN00040177,-26.1639,151.6014,434
2009-11,ASN00040184,-27.6322,152.5944,965
2009-11,ASN00040189,-27.1147,152.555,266
2009-11,ASN00040196,-28.14,153.4293,912
2009-11,ASN00040197,-27.9695,153.1952,1620
2009-11,ASN00040199,-26.7433,151.8439,910
2009-11,ASN00040206,-26.325,152.7869,284
2009-11,ASN00040167,-28.326,152.7696,367
2009-11,ASN00040209,-27.4361,153.5456,165
2009-11,ASN00040223,-27.4178,153.1142,269
2009-11,ASN00040224,-27.4193,153.0024,378
2009-11,ASN00040231,-27.4565,153.18,57
2009-11,ASN00040246,-26.5539,151.4156,304
2009-11,ASN00040247,-26.8422,152.5803,210
2009-11,ASN00040255,-26.41,151.815,112
2009-11,ASN00040258,-26.8408,151.9806,742
2009-11,ASN00040259,-26.8933,151.8975,754
2009-11,ASN00040269,-27.6374,153.3735,364
2009-11,ASN00040211,-27.5717,153.0078,394
2009-11,ASN00040284,-26.9586,152.9619,276
2009-11,ASN00040162,-28.1634,153.2126,516
2009-11,ASN00040145,-27.0625,152.7789,356
2009-11,ASN00040068,-25.9319,153.1906,106
2009-11,ASN00040071,-26.3828,151.1922,530
2009-11,ASN00040075,-27.2397,152.4219,656
2009-11,ASN00040078,-26.4769,152.945,470
2009-11,ASN00040079,-27.5831,152.3806,576
2009-11,ASN00040082,-27.5436,152.3375,442
2009-11,ASN00040083,-27.5428,152.2817,358
2009-11,ASN00040089,-26.0564,152.7889,165
2009-11,ASN00040093,-26.1831,152.6414,194
2009-11,ASN00040151,-25.605,152.5892,164
2009-11,ASN00040094,-27.8117,152.6675,721
2009-11,ASN00040106,-26.5956,152.7281,490
2009-11,ASN00040118,-26.6234,152.684,577
2009-11,ASN00040120,-27.4617,152.5747,302
2009-11,ASN00040123,-26.6225,152.8656,534
2009-11,ASN00040126,-25.5161,152.7156,110
2009-11,ASN00040139,-28.0708,152.6119,748
2009-11,ASN00040140,-27.1492,152.5781,466
2009-11,ASN00040141,-27.6163,153.2039,402
2009-11,ASN00040144,-25.7411,152.2364,260
2009-11,ASN00040104,-27.949,152.6235,1106
2009-11,ASN00040289,-27.1136,151.8517,102
2009-11,ASN00040290,-28.1725,152.72,753
2009-11,ASN00040301,-27.1882,151.9634,258
2009-11,ASN00040480,-27.2883,152.1239,538
2009-11,ASN00040485,-28.249,152.5232,782
2009-11,ASN00040490,-28.2086,152.5389,1316
2009-11,ASN00040493,-27.78,152.5346,748
2009-11,ASN00040500,-26.6403,151.9431,530
2009-11,ASN00040503,-27.6075,152.58,880
2009-11,ASN00040516,-27.8429,153.3502,425
2009-11,ASN00040517,-27.1953,152.7539,916
2009-11,ASN00040534,-28.1629,153.2641,1766
2009-11,ASN00040469,-25.8694,152.3172,112
2009-11,ASN00040537,-27.4973,153.4078,59
2009-11,ASN00040607,-28.2031,153.2719,1910
2009-11,ASN00040609,-28.1178,153.4457,902
2009-11,ASN00040635,-26.8369,152.4914,194
2009-11,ASN00040659,-27.6956,152.9408,796
2009-11,ASN00040671,-26.2839,151.1897,1750
2009-11,ASN00040672,-27.5486,152.0236,296
2009-11,ASN00040677,-28.1752,152.6557,694
2009-11,ASN00040686,-26.1842,152.8208,294
2009-11,ASN00040688,-25.9575,152.4919,270
2009-11,ASN00040550,-28.2452,153.2369,1100
2009-11,ASN00040463,-27.5797,152.9875,448
2009-11,ASN00040458,-27.5314,153.1825,456
2009-11,ASN00040455,-25.85,151.3667,322
2009-11,ASN00040307,-26.9664,151.7086,718
2009-11,ASN00040312,-27.7354,152.9443,782
2009-11,ASN00040320,-27.4174,153.1552,450
2009-11,ASN00040334,-25.5097,152.0456,356
2009-11,ASN00040335,-27.9694,153.2133,1460
2009-11,ASN00040343,-27.0397,152.8678,212
2009-11,ASN00040345,-27.8064,153.2072,560
2009-11,ASN00040385,-26.5539,151.6678,718
2009-11,ASN00040388,-27.6342,152.2206,836
2009-11,ASN00040390,-25.65,152.6647,183
2009-11,ASN00040394,-28.2321,152.7829,424
2009-11,ASN00040395,-27.7183,152.1211,592
2009-11,ASN00040396,-26.7778,152.8033,408
2009-11,ASN00040405,-25.322,152.8817,142
2009-11,ASN00040407,-28.0557,153.033,724
2009-11,ASN00040412,-25.2483,152.6636,174
2009-11,ASN00040416,-28.0017,153.3083,700
2009-11,ASN00040417,-28.0686,153.4241,522
2009-11,ASN00040424,-27.755,152.0814,302
2009-11,ASN00040430,-25.2825,152.8994,146
2009-11,ASN00040449,-27.5572,152.2308,287
2009-11,ASN00040695,-26.6842,152.9589,590
2009-11,ASN00033247,-20.4925,148.555,1308
2009-11,ASN00040980,-27.1822,153.0186,510
2009-11,ASN00033195,-22.4703,150.1786,166
2009-11,ASN00024003,-34.1658,140.7541,512
2009-11,ASN00024008,-34.2579,140.6478,522
2009-11,ASN00024010,-34.2918,140.3632,860
2009-11,ASN00024013,-34.4442,140.4958,614
2009-11,ASN00024024,-34.439,140.5978,477
2009-11,ASN00024025,-34.2717,140.5964,65
2009-11,ASN00024031,-34.17,139.817,746
2009-11,ASN00024048,-34.1983,140.6766,406
2009-11,ASN00024501,-34.0954,139.1543,506
2009-11,ASN00024001,-34.2591,140.4708,240
2009-11,ASN00024502,-34.6923,139.4396,464
2009-11,ASN00024508,-35.125,139.0433,370
2009-11,ASN00024509,-34.3515,139.1289,588
2009-11,ASN00024511,-34.1754,139.0847,672
2009-11,ASN00024515,-35.2959,139.0328,70
2009-11,ASN00024518,-35.6902,139.3375,488
2009-11,ASN00024519,-35.4068,138.9701,304
2009-11,ASN00024521,-35.1234,139.2592,487
2009-11,ASN00024525,-34.853,139.1607,430
2009-11,ASN00024528,-33.9888,139.08,472
2009-11,ASN00024504,-34.1233,139.3509,774
2009-11,ASN00024531,-34.5719,139.2961,484
2009-11,ASN00023905,-34.9695,138.741,648
2009-11,ASN00023896,-34.8757,138.7103,586
2009-11,ASN00023860,-34.9499,138.6866,380
2009-11,ASN00023865,-34.8944,138.8099,738
2009-11,ASN00023866,-35.0068,138.8033,592
2009-11,ASN00023867,-34.9342,138.7467,800
2009-11,ASN00023871,-35.3175,138.4636,340
2009-11,ASN00023873,-34.9913,138.6937,676
2009-11,ASN00023875,-35.5695,138.2864,658
2009-11,ASN00023876,-35.2276,138.5366,16
2009-11,ASN00023877,-34.7863,138.8651,586
2009-11,ASN00023897,-35.3159,138.6218,478
2009-11,ASN00023878,-34.7253,138.9273,680
2009-11,ASN00023880,-34.7595,138.9341,634
2009-11,ASN00023881,-34.7742,139.0062,654
2009-11,ASN00023882,-34.8713,138.9058,764
2009-11,ASN00023885,-35.1586,138.5057,222
2009-11,ASN00023887,-35.1712,138.6783,560
2009-11,ASN00023890,-35.0012,138.62,522
2009-11,ASN00023891,-34.9847,138.7404,818
2009-11,ASN00023892,-34.8856,138.7562,664
2009-11,ASN00023894,-35.5194,138.8177,156
2009-11,ASN00023879,-34.8476,138.8751,802
2009-11,ASN00024536,-35.2546,139.4542,265
2009-11,ASN00024537,-35.619,139.4378,380
2009-11,ASN00024551,-35.1093,139.0806,358
2009-11,ASN00025051,-34.5876,140.0791,502
2009-11,ASN00025502,-35.379,139.5617,160
2009-11,ASN00025504,-35.6984,139.8633,118
2009-11,ASN00025506,-35.38,140.1588,816
2009-11,ASN00025507,-36.098,140.3556,576
2009-11,ASN00025512,-35.3805,140.2519,818
2009-11,ASN00025513,-35.3627,139.9503,62
2009-11,ASN00025514,-35.8806,140.0594,40
2009-11,ASN00025519,-36.3654,140.9096,550
2009-11,ASN00025050,-34.6345,140.2432,622
2009-11,ASN00025523,-35.8597,139.5599,358
2009-11,ASN00025558,-35.4696,139.9461,882
2009-11,ASN00025560,-36.3098,140.74,216
2009-11,ASN00025561,-36.3994,140.8424,694
2009-11,ASN00025562,-35.3778,140.5378,688
2009-11,ASN00026000,-37.4861,140.0115,456
2009-11,ASN00026007,-36.7124,140.9552,450
2009-11,ASN00026012,-36.8309,139.8526,516
2009-11,ASN00026016,-36.9731,140.3664,384
2009-11,ASN00026017,-36.501,140.3835,418
2009-11,ASN00025557,-36.1058,140.3273,564
2009-11,ASN00025046,-35.0662,140.856,472
2009-11,ASN00025042,-35.244,139.8261,478
2009-11,ASN00025039,-35.0393,139.9844,476
2009-11,ASN00024554,-35.1978,139.5871,542
2009-11,ASN00024555,-34.2571,139.0923,708
2009-11,ASN00024564,-34.3515,139.6153,636
2009-11,ASN00024572,-35.2828,139.2031,390
2009-11,ASN00024573,-34.4085,139.1274,86
2009-11,ASN00024575,-34.5444,139.193,648
2009-11,ASN00024576,-35.348,138.9771,282
2009-11,ASN00024577,-35.7344,139.2675,32
2009-11,ASN00024578,-34.0647,139.6605,736
2009-11,ASN00024579,-34.8788,138.974,670
2009-11,ASN00024580,-35.2836,138.8934,260
2009-11,ASN00024582,-35.1016,139.1426,370
2009-11,ASN00024584,-35.065,139.2273,320
2009-11,ASN00025000,-34.7314,140.5036,50
2009-11,ASN00025002,-34.8276,139.6673,482
2009-11,ASN00025006,-35.09,139.8972,486
2009-11,ASN00025013,-35.2977,140.6667,642
2009-11,ASN00025014,-34.7169,140.7352,664
2009-11,ASN00025015,-35.268,140.9075,432
2009-11,ASN00025018,-34.7884,140.5003,524
2009-11,ASN00025036,-35.1524,140.288,434
2009-11,ASN00023858,-34.763,138.7765,356
2009-11,ASN00026018,-37.5872,140.3426,280
2009-11,ASN00023846,-35.0028,138.6635,534
2009-11,ASN00023839,-35.0216,138.6097,376
2009-11,ASN00023107,-34.601,138.7359,184
2009-11,ASN00023108,-35.0495,138.7259,658
2009-11,ASN00023114,-34.9542,138.6586,344
2009-11,ASN00023115,-34.9473,138.5827,304
2009-11,ASN00023122,-34.5106,138.6763,212
2009-11,ASN00023128,-34.2015,138.597,352
2009-11,ASN00023129,-34.4611,138.5581,344
2009-11,ASN00023305,-34.4577,138.9277,442
2009-11,ASN00023306,-34.1697,138.8095,472
2009-11,ASN00023105,-34.9808,138.621,340
2009-11,ASN00023307,-34.3412,138.9155,34
2009-11,ASN00023314,-34.158,138.7483,456
2009-11,ASN00023318,-34.5169,138.9598,440
2009-11,ASN00023319,-34.2778,138.7725,384
2009-11,ASN00023348,-34.5103,138.835,354
2009-11,ASN00023349,-34.0936,138.7952,470
2009-11,ASN00023355,-34.207,138.7886,452
2009-11,ASN00023357,-34.4709,138.9991,356
2009-11,ASN00023365,-34.2318,138.6952,420
2009-11,ASN00023369,-34.4557,138.9222,454
2009-11,ASN00023310,-34.005,138.8142,540
2009-11,ASN00023370,-34.3143,138.7293,390
2009-11,ASN00023101,-34.8925,138.6422,418
2009-11,ASN00023087,-34.5371,138.6049,260
2009-11,ASN00033210,-22.3472,149.5242,190
2009-11,ASN00022811,-35.5989,137.4386,222
2009-11,ASN00022823,-35.7549,136.5959,236
2009-11,ASN00022835,-35.734,137.1212,268
2009-11,ASN00022836,-35.8096,137.792,226
2009-11,ASN00022839,-35.9609,137.091,262
2009-11,ASN00022841,-35.7114,137.5231,196
2009-11,ASN00023005,-34.9464,138.6519,432
2009-11,ASN00023011,-34.9167,138.5956,394
2009-11,ASN00023096,-34.8564,138.6844,508
2009-11,ASN00023013,-34.7977,138.6281,302
2009-11,ASN00023024,-34.8978,138.5092,298
2009-11,ASN00023031,-34.9697,138.6331,321
2009-11,ASN00023034,-34.9524,138.5204,322
2009-11,ASN00023042,-34.9387,138.6607,454
2009-11,ASN00023043,-34.7607,138.6311,238
2009-11,ASN00023055,-34.9552,138.5356,314
2009-11,ASN00023076,-34.432,138.2587,300
2009-11,ASN00023083,-34.7111,138.6222,254
2009-11,ASN00023085,-34.9222,138.6805,434
2009-11,ASN00023023,-34.7674,138.6434,138
2009-11,ASN00023372,-34.4534,139.0638,508
2009-11,ASN00023373,-34.4761,139.0056,392
2009-11,ASN00023374,-34.2523,139.0183,428
2009-11,ASN00023747,-35.256,138.8901,356
2009-11,ASN00023750,-34.9563,138.7443,832
2009-11,ASN00023752,-34.6717,138.8885,40
2009-11,ASN00023753,-35.2705,138.5591,26
2009-11,ASN00023754,-35.458,138.35,512
2009-11,ASN00023756,-34.6603,138.9262,644
2009-11,ASN00023758,-34.7398,138.8715,510
2009-11,ASN00023786,-34.8269,139.0086,816
2009-11,ASN00023787,-35.0247,138.8578,576
2009-11,ASN00023742,-35.5299,138.6896,372
2009-11,ASN00023788,-34.9838,138.7179,902
2009-11,ASN00023801,-34.9482,138.8071,70
2009-11,ASN00023803,-34.9423,138.727,702
2009-11,ASN00023804,-35.5544,138.5997,340
2009-11,ASN00023806,-34.8067,138.7552,296
2009-11,ASN00023810,-34.971,138.7042,648
2009-11,ASN00023817,-35.0221,138.7344,830
2009-11,ASN00023820,-34.6805,138.8561,448
2009-11,ASN00023822,-35.1802,139.0239,330
2009-11,ASN00023825,-35.5288,138.8067,258
2009-11,ASN00023799,-35.2183,138.7342,566
2009-11,ASN00023741,-35.4519,138.3227,572
2009-11,ASN00023739,-35.0369,138.913,186
2009-11,ASN00023738,-35.39,138.4652,530
2009-11,ASN00023704,-35.0077,138.6498,616
2009-11,ASN00023705,-34.8148,138.9474,756
2009-11,ASN00023707,-35.0102,138.7602,762
2009-11,ASN00023709,-35.0611,138.6585,610
2009-11,ASN00023710,-35.1087,138.6256,684
2009-11,ASN00023714,-35.3736,138.806,468
2009-11,ASN00023718,-35.4987,138.7638,40
2009-11,ASN00023719,-34.8237,138.8859,18
2009-11,ASN00023720,-35.0303,138.8148,586
2009-11,ASN00023721,-35.0608,138.5647,368
2009-11,ASN00023722,-34.9303,139.014,626
2009-11,ASN00023723,-35.4935,138.4575,548
2009-11,ASN00023725,-34.5569,139.1338,706
2009-11,ASN00023726,-34.9044,138.8742,64
2009-11,ASN00023727,-35.0484,138.7354,732
2009-11,ASN00023731,-34.8331,138.8215,712
2009-11,ASN00023732,-35.1351,138.5274,202
2009-11,ASN00023733,-35.0639,138.8509,738
2009-11,ASN00023734,-35.1213,138.6769,572
2009-11,ASN00023735,-35.3497,138.6223,500
2009-11,ASN00023737,-34.7735,139.0501,116
2009-11,ASN00023842,-34.9784,138.7088,810
2009-11,ASN00026020,-37.8333,140.7833,548
2009-11,ASN00022803,-35.8426,138.1327,302
2009-11,ASN00026025,-37.3803,140.8379,52
2009-11,ASN00032002,-18.5742,146.2225,840
2009-11,ASN00032004,-18.2553,146.0197,1393
2009-11,ASN00032009,-17.835,146.0986,2719
2009-11,ASN00032019,-17.7214,145.9222,4431
2009-11,ASN00032020,-17.5556,145.9556,3670
2009-11,ASN00032023,-18.5819,146.2839,1046
2009-11,ASN00032031,-18.5406,146.3356,1124
2009-11,ASN00032032,-18.5872,146.2508,859
2009-11,ASN00032033,-17.4608,145.8822,4735
2009-11,ASN00032001,-18.8828,146.17,1036
2009-11,ASN00032037,-17.6053,145.9972,1346
2009-11,ASN00032042,-17.9364,145.9253,3270
2009-11,ASN00032043,-18.7218,145.9237,1626
2009-11,ASN00032045,-18.6508,146.2047,876
2009-11,ASN00032050,-19.2033,146.6131,269
2009-11,ASN00032064,-19.0074,146.2057,609
2009-11,ASN00032078,-18.6494,146.1769,1537
2009-11,ASN00032094,-18.6156,146.1811,1296
2009-11,ASN00032098,-19.0506,146.4058,990
2009-11,ASN00032101,-18.9558,146.2886,1272
2009-11,ASN00032040,-19.2483,146.7661,240
2009-11,ASN00032109,-18.1069,145.8053,1100
2009-11,ASN00031213,-14.9672,145.3106,236
2009-11,ASN00031209,-15.4461,145.1861,564
2009-11,ASN00031141,-17.2639,145.8536,1940
2009-11,ASN00031147,-14.6683,145.4467,297
2009-11,ASN00031158,-18.2531,145.1269,195
2009-11,ASN00031168,-17.5875,145.6,1522
2009-11,ASN00031180,-16.5319,145.1325,308
2009-11,ASN00031181,-17.545,145.7156,2830
2009-11,ASN00031182,-17.5875,145.5997,1250
2009-11,ASN00031183,-17.3594,145.5922,920
2009-11,ASN00031184,-17.4442,145.5094,990
2009-11,ASN00031210,-17.0672,145.4283,204
2009-11,ASN00031185,-17.5175,145.6089,1510
2009-11,ASN00031187,-17.4694,145.7311,2950
2009-11,ASN00031188,-17.0039,145.4281,90
2009-11,ASN00031189,-16.6583,145.5672,1368
2009-11,ASN00031191,-18.1494,145.4803,620
2009-11,ASN00031196,-17.7047,145.1461,160
2009-11,ASN00031197,-18.0394,144.8856,150
2009-11,ASN00031198,-17.3769,145.3803,230
2009-11,ASN00031200,-17.5908,145.5294,640
2009-11,ASN00031205,-16.9794,145.6747,2490
2009-11,ASN00031186,-17.6803,145.6603,1700
2009-11,ASN00032117,-18.6867,146.2969,1059
2009-11,ASN00032152,-17.5475,145.9292,3090
2009-11,ASN00032160,-17.6089,145.9792,2210
2009-11,ASN00033045,-21.1706,149.1794,1092
2009-11,ASN00033051,-19.8789,146.6319,211
2009-11,ASN00033053,-21.0011,148.9364,1000
2009-11,ASN00033059,-21.4267,149.2164,1586
2009-11,ASN00033060,-21.1422,149.0381,1095
2009-11,ASN00033062,-20.0997,146.8892,54
2009-11,ASN00033065,-22.3458,149.5356,234
2009-11,ASN00033068,-21.1631,148.87,806
2009-11,ASN00033073,-19.8314,147.13,120
2009-11,ASN00033041,-20.5392,148.6572,1196
2009-11,ASN00033076,-23.1333,150.3669,230
2009-11,ASN00033080,-21.0003,148.7375,1200
2009-11,ASN00033095,-21.8031,149.3569,1844
2009-11,ASN00033096,-20.2081,148.13,252
2009-11,ASN00033106,-20.3658,148.9536,938
2009-11,ASN00033111,-22.8131,149.89,0
2009-11,ASN00033119,-21.1172,149.2169,772
2009-11,ASN00033151,-19.5953,146.9342,110
2009-11,ASN00033170,-22.3614,149.3747,194
2009-11,ASN00026021,-37.7473,140.7739,550
2009-11,ASN00033077,-23.0967,150.7342,486
2009-11,ASN00033038,-21.6256,149.2367,1832
2009-11,ASN00033032,-19.6667,147.4147,46
2009-11,ASN00033013,-20.5534,147.8464,98
2009-11,ASN00032161,-17.5967,145.9014,4310
2009-11,ASN00032162,-17.615,145.8011,2970
2009-11,ASN00032163,-17.5236,146.0325,1710
2009-11,ASN00032164,-17.6808,145.8878,4050
2009-11,ASN00032165,-17.5308,145.8464,4500
2009-11,ASN00032166,-17.5456,145.9325,3460
2009-11,ASN00032167,-17.9919,145.9425,2470
2009-11,ASN00032169,-18.1919,145.3325,550
2009-11,ASN00032170,-18.4125,145.7722,1060
2009-11,ASN00032171,-18.6347,146.1444,990
2009-11,ASN00032172,-18.4606,145.7383,1180
2009-11,ASN00032173,-18.6797,145.9961,1450
2009-11,ASN00032174,-18.4889,145.9364,300
2009-11,ASN00032176,-18.1439,145.61,570
2009-11,ASN00032183,-18.7497,146.115,840
2009-11,ASN00032184,-18.4506,145.8294,1160
2009-11,ASN00032185,-18.5789,146.2803,1040
2009-11,ASN00032186,-18.8478,145.9067,690
2009-11,ASN00033001,-19.5775,147.4075,152
2009-11,ASN00033002,-19.6169,147.3758,194
2009-11,ASN00033008,-22.8461,150.6475,1240
2009-11,ASN00031140,-17.27,145.8997,5476
2009-11,ASN00031131,-17.3394,144.6797,68
2009-11,ASN00033175,-20.2144,147.7761,72
2009-11,ASN00031119,-17.6758,145.2783,212
2009-11,ASN00027061,-14.5181,142.0389,258
2009-11,ASN00027063,-13.4381,142.9417,0
2009-11,ASN00027073,-13.7606,143.1183,2
2009-11,ASN00027075,-12.6167,142.0869,400
2009-11,ASN00028004,-16.0008,144.0758,148
2009-11,ASN00028008,-12.785,143.3047,68
2009-11,ASN00028013,-16.2217,144.7081,110
2009-11,ASN00028023,-14.9258,144.1994,428
2009-11,ASN00028031,-14.7317,143.5864,80
2009-11,ASN00031125,-17.3439,145.5028,854
2009-11,ASN00028035,-14.7117,143.7303,32
2009-11,ASN00029004,-17.7425,139.5475,300
2009-11,ASN00029008,-20.7089,140.5192,254
2009-11,ASN00029012,-18.2044,142.2447,156
2009-11,ASN00029030,-20.4247,141.4047,538
2009-11,ASN00029037,-17.3297,141.8797,20
2009-11,ASN00029038,-15.4818,141.7483,606
2009-11,ASN00029047,-19.6242,138.6386,50
2009-11,ASN00029058,-20.6672,141.7214,254
2009-11,ASN00029061,-18.9511,138.0531,100
2009-11,ASN00029000,-18.2952,139.2828,1536
2009-11,ASN00027054,-10.0511,143.0686,42
2009-11,ASN00027045,-12.6778,141.9208,360
2009-11,ASN00027044,-13.0658,142.4511,102
2009-11,ASN00026058,-36.6064,140.7118,442
2009-11,ASN00026026,-37.1628,139.756,330
2009-11,ASN00026062,-36.9229,140.5809,462
2009-11,ASN00026067,-37.9594,140.7703,698
2009-11,ASN00026086,-37.3797,140.3294,426
2009-11,ASN00026091,-37.2906,140.8254,196
2009-11,ASN00026095,-36.9655,139.7164,328
2009-11,ASN00026098,-37.5422,140.8137,210
2009-11,ASN00026099,-36.9813,140.727,482
2009-11,ASN00026100,-36.6539,140.5212,4
2009-11,ASN00026101,-37.4003,140.3351,440
2009-11,ASN00026103,-37.134,140.7273,534
2009-11,ASN00026104,-36.8465,140.5592,356
2009-11,ASN00026105,-37.1776,139.8054,390
2009-11,ASN00026107,-36.437,140.3356,464
2009-11,ASN00026109,-37.3818,139.9454,506
2009-11,ASN00026110,-36.7746,140.0222,422
2009-11,ASN00027000,-13.3539,141.7208,294
2009-11,ASN00027015,-12.4536,142.6389,40
2009-11,ASN00027038,-16.4231,143.1456,18
2009-11,ASN00027042,-12.6267,141.8836,502
2009-11,ASN00029063,-17.6872,141.0733,200
2009-11,ASN00029065,-18.7881,139.7119,120
2009-11,ASN00027058,-10.5844,142.29,488
2009-11,ASN00029077,-17.7483,139.5356,222
2009-11,ASN00030137,-19.6347,145.7886,16
2009-11,ASN00030149,-21.0442,144.0992,512
2009-11,ASN00030158,-18.4564,143.2986,44
2009-11,ASN00030161,-20.7017,143.1167,258
2009-11,ASN00031004,-17.3436,145.9217,4669
2009-11,ASN00031010,-16.9333,145.7833,2110
2009-11,ASN00031011,-16.8736,145.7458,2082
2009-11,ASN00031012,-16.0969,145.4575,2680
2009-11,ASN00031024,-17.535,145.4822,376
2009-11,ASN00030127,-20.9942,144.6433,50
2009-11,ASN00031032,-17.4311,145.2028,149
2009-11,ASN00031037,-16.3842,145.5592,1212
2009-11,ASN00031040,-17.0692,145.7742,2790
2009-11,ASN00031044,-16.4569,145.3775,2438
2009-11,ASN00031046,-17.677,145.115,343
2009-11,ASN00031051,-17.3442,144.9306,97
2009-11,ASN00031062,-16.3906,145.3511,3002
2009-11,ASN00031069,-17.6697,145.2414,326
2009-11,ASN00029069,-17.3383,138.2508,100
2009-11,ASN00031108,-17.1347,145.4281,244
2009-11,ASN00031036,-16.8178,145.6383,2450
2009-11,ASN00030124,-18.3039,143.5306,22
2009-11,ASN00031104,-17.1644,145.8783,4880
2009-11,ASN00030103,-18.2225,143.9697,0
2009-11,ASN00030115,-19.055,144.9594,606
2009-11,ASN00029100,-18.6419,139.2516,425
2009-11,ASN00029121,-20.5958,139.6939,400
2009-11,ASN00029126,-20.7361,139.4817,244
2009-11,ASN00029127,-20.6778,139.4875,332
2009-11,ASN00029129,-21.215,140.2333,360
2009-11,ASN00029131,-20.02,139.8433,175
2009-11,ASN00029132,-20.6556,142.1006,186
2009-11,ASN00029136,-21.3661,140.4986,420
2009-11,ASN00029139,-17.1142,139.5981,460
2009-11,ASN00029110,-15.6386,141.8228,332
2009-11,ASN00029150,-20.8422,141.4292,286
2009-11,ASN00029152,-18.7036,138.4839,72
2009-11,ASN00029154,-18.4306,141.2686,40
2009-11,ASN00029167,-18.7569,138.7056,200
2009-11,ASN00030019,-19.2647,143.6741,116
2009-11,ASN00030022,-20.8192,144.2333,180
2009-11,ASN00030048,-18.6242,144.5739,28
2009-11,ASN00030072,-20.0969,144.9875,250
2009-11,ASN00030088,-19.3769,144.1156,80
2009-11,ASN00030082,-19.7037,144.3775,60
2009-11,ASN00029141,-20.6664,140.505,306
2009-12,ASN00061346,-31.8626,151.4398,1586
2009-12,ASN00061339,-32.5584,151.8043,848
2009-12,ASN00061336,-33.1556,150.6847,920
2009-12,ASN00061324,-32.2451,150.513,622
2009-12,ASN00061329,-32.8323,151.3085,796
2009-12,ASN00061327,-32.8248,151.2613,865
2009-12,ASN00061309,-32.6881,150.9728,746
2009-12,ASN00061334,-33.0488,150.2325,726
2009-12,ASN00061349,-32.5667,151.6083,70
2009-12,ASN00061372,-31.8017,150.925,910
2009-12,ASN00061360,-32.05,150.8528,1105
2009-12,ASN00061363,-32.0335,150.8264,1302
2009-12,ASN00061366,-33.2815,151.5766,846
2009-12,ASN00061373,-31.9583,150.8567,1206
2009-12,ASN00061374,-32.2199,150.9193,368
2009-12,ASN00061375,-33.2894,151.2107,956
2009-12,ASN00061376,-33.0759,151.5382,764
2009-12,ASN00061306,-31.8988,150.658,936
2009-12,ASN00061377,-33.0933,151.6317,678
2009-12,ASN00061350,-32.1714,151.5942,2046
2009-12,ASN00061295,-32.8108,151.3396,936
2009-12,ASN00061205,-33.0297,151.1401,556
2009-12,ASN00061288,-32.3322,151.4595,692
2009-12,ASN00061130,-32.5113,150.7968,668
2009-12,ASN00061135,-32.1018,151.2333,1120
2009-12,ASN00061143,-32.654,151.021,682
2009-12,ASN00061151,-32.2426,151.683,2136
2009-12,ASN00061152,-32.9995,151.2908,520
2009-12,ASN00061162,-32.8446,150.8398,958
2009-12,ASN00061170,-32.2809,151.7948,1944
2009-12,ASN00061191,-32.6126,150.9761,794
2009-12,ASN00061192,-32.2092,150.7365,874
2009-12,ASN00061294,-33.4666,151.4126,1148
2009-12,ASN00061196,-31.7069,151.2131,978
2009-12,ASN00061209,-32.9597,150.675,966
2009-12,ASN00061211,-33.3588,150.7058,887
2009-12,ASN00061216,-33.4176,151.159,896
2009-12,ASN00061217,-33.2904,150.9708,1130
2009-12,ASN00061220,-33.2381,151.3003,618
2009-12,ASN00061226,-32.936,151.1393,534
2009-12,ASN00061250,-32.6296,151.5919,684
2009-12,ASN00061260,-32.7886,151.3377,750
2009-12,ASN00061287,-32.1852,150.1737,606
2009-12,ASN00061201,-33.0259,151.1882,488
2009-12,ASN00061381,-33.4036,151.3928,1110
2009-12,ASN00063234,-33.6708,148.8565,665
2009-12,ASN00061383,-33.2528,151.3164,890
2009-12,ASN00063039,-33.7122,150.3087,1158
2009-12,ASN00063043,-33.5343,150.6338,982
2009-12,ASN00063049,-33.6094,150.0856,1058
2009-12,ASN00063061,-33.8222,149.3244,904
2009-12,ASN00063063,-33.6774,149.8374,944
2009-12,ASN00063073,-33.6896,149.5633,948
2009-12,ASN00063076,-33.0807,149.6901,874
2009-12,ASN00063081,-33.6956,150.5408,850
2009-12,ASN00063093,-34.3093,149.9677,826
2009-12,ASN00063036,-33.8199,150.0227,1143
2009-12,ASN00063113,-33.5497,148.91,740
2009-12,ASN00063117,-33.6739,149.0471,941
2009-12,ASN00063118,-33.5156,150.4892,1214
2009-12,ASN00063119,-34.2347,149.265,1166
2009-12,ASN00063132,-33.3808,150.0818,920
2009-12,ASN00063142,-33.577,149.8591,920
2009-12,ASN00063146,-33.5544,150.0526,764
2009-12,ASN00063214,-33.3561,149.4058,1178
2009-12,ASN00063229,-33.6773,148.6115,154
2009-12,ASN00063245,-33.6492,149.0759,932
2009-12,ASN00063114,-33.3439,149.1617,1070
2009-12,ASN00061382,-33.1681,151.2181,670
2009-12,ASN00063035,-33.0362,149.4146,1270
2009-12,ASN00063028,-33.6929,150.5291,868
2009-12,ASN00061385,-33.0789,151.3403,750
2009-12,ASN00061387,-33.245,151.5119,812
2009-12,ASN00061392,-31.7416,150.7937,1034
2009-12,ASN00061394,-33.2177,151.1251,798
2009-12,ASN00061405,-32.6753,151.6219,632
2009-12,ASN00061406,-33.0831,151.6511,650
2009-12,ASN00062003,-32.6657,149.1016,1482
2009-12,ASN00062009,-31.9963,149.9856,1110
2009-12,ASN00062013,-32.3634,149.5329,1647
2009-12,ASN00063029,-33.744,149.1046,888
2009-12,ASN00062021,-32.5956,149.5956,1214
2009-12,ASN00062075,-32.4753,149.5151,477
2009-12,ASN00062089,-32.8936,149.3808,1088
2009-12,ASN00062093,-32.7236,149.7702,232
2009-12,ASN00062099,-32.8366,148.9963,1468
2009-12,ASN00062100,-32.7244,150.229,1112
2009-12,ASN00062101,-32.5628,149.6149,1544
2009-12,ASN00062102,-32.5204,150.0817,842
2009-12,ASN00063005,-33.4289,149.5559,1022
2009-12,ASN00063013,-33.5366,150.4413,1528
2009-12,ASN00062032,-32.3592,149.9484,860
2009-12,ASN00061119,-33.385,150.9856,150
2009-12,ASN00060017,-31.7004,152.5833,2670
2009-12,ASN00061106,-32.3564,151.8059,1430
2009-12,ASN00058214,-28.8343,153.2616,622
2009-12,ASN00058216,-28.6399,153.6358,1456
2009-12,ASN00058222,-29.7847,153.2639,1120
2009-12,ASN00059002,-30.65,152.8486,2239
2009-12,ASN00059006,-30.1619,153.0982,1656
2009-12,ASN00059007,-31.0711,152.7717,1536
2009-12,ASN00059009,-30.2358,153.0163,1777
2009-12,ASN00059019,-30.3641,152.4061,2188
2009-12,ASN00059030,-30.9225,153.087,1688
2009-12,ASN00058212,-29.183,153.3964,1430
2009-12,ASN00059040,-30.3107,153.1187,1360
2009-12,ASN00059070,-30.4508,152.6231,2190
2009-12,ASN00059107,-30.566,152.6528,3028
2009-12,ASN00059110,-30.6688,152.7638,1832
2009-12,ASN00059113,-30.3098,152.7636,2540
2009-12,ASN00059118,-30.2493,152.463,2608
2009-12,ASN00059122,-30.8217,152.5067,220
2009-12,ASN00059124,-29.9806,152.7222,1390
2009-12,ASN00059128,-30.9783,152.5106,1440
2009-12,ASN00059138,-30.6639,152.6528,3260
2009-12,ASN00059047,-31.1802,152.9681,1406
2009-12,ASN00059139,-30.1014,153.0009,2604
2009-12,ASN00058208,-28.8775,153.052,1648
2009-12,ASN00058204,-28.3217,153.3467,2540
2009-12,ASN00058102,-29.737,152.7852,1810
2009-12,ASN00063246,-33.5105,150.3711,1228
2009-12,ASN00058127,-28.7319,153.4065,1570
2009-12,ASN00058129,-28.4658,153.2632,1761
2009-12,ASN00058147,-28.6696,153.2789,1975
2009-12,ASN00058148,-28.5276,153.1519,2592
2009-12,ASN00058158,-28.3395,153.3809,1948
2009-12,ASN00058161,-29.7583,153.0297,1612
2009-12,ASN00058162,-28.7278,153.4622,1640
2009-12,ASN00058206,-28.7231,153.3614,1510
2009-12,ASN00058165,-28.6229,153.409,1206
2009-12,ASN00058171,-28.9263,153.4178,1150
2009-12,ASN00058180,-28.6069,153.2083,1910
2009-12,ASN00058186,-28.3283,153.4,1870
2009-12,ASN00058193,-28.3538,153.293,1700
2009-12,ASN00058194,-28.3811,152.7174,1680
2009-12,ASN00058198,-28.8353,153.5585,1042
2009-12,ASN00058199,-28.7364,153.1634,118
2009-12,ASN00058201,-28.7967,153.2386,1240
2009-12,ASN00058202,-28.7406,153.075,1880
2009-12,ASN00058167,-28.4147,153.3339,2030
2009-12,ASN00059140,-30.3442,152.7187,2346
2009-12,ASN00060002,-32.4129,152.2079,766
2009-12,ASN00060015,-32.0063,151.9597,762
2009-12,ASN00060146,-31.9572,152.585,36
2009-12,ASN00060147,-31.7361,152.3989,2358
2009-12,ASN00060148,-32.1625,152.2614,1250
2009-12,ASN00061007,-32.0332,150.5836,936
2009-12,ASN00061010,-32.5879,151.7813,810
2009-12,ASN00061012,-33.0853,151.4633,698
2009-12,ASN00061014,-32.6385,151.4173,868
2009-12,ASN00061017,-32.4022,151.7582,448
2009-12,ASN00061031,-32.7756,151.735,588
2009-12,ASN00060144,-32.3796,152.5062,816
2009-12,ASN00061041,-33.0955,151.5506,534
2009-12,ASN00061055,-32.9185,151.7985,490
2009-12,ASN00061071,-32.4027,151.9664,1420
2009-12,ASN00061078,-32.7932,151.8359,614
2009-12,ASN00061092,-32.5932,151.3335,854
2009-12,ASN00061093,-33.3653,151.3264,810
2009-12,ASN00061095,-32.1939,151.0932,906
2009-12,ASN00061096,-32.5997,151.618,838
2009-12,ASN00061097,-31.9201,151.2355,1410
2009-12,ASN00061100,-32.7667,151.0872,567
2009-12,ASN00061054,-32.7103,152.1612,855
2009-12,ASN00060141,-31.8896,152.512,1334
2009-12,ASN00060139,-31.4336,152.8655,1818
2009-12,ASN00060137,-31.7683,151.8889,1190
2009-12,ASN00060024,-31.7816,152.6684,1825
2009-12,ASN00060031,-31.3364,152.7852,2303
2009-12,ASN00060036,-31.862,152.3444,1492
2009-12,ASN00060042,-32.1532,151.9511,1798
2009-12,ASN00060046,-31.6877,152.2688,1690
2009-12,ASN00060065,-32.2942,152.3047,1210
2009-12,ASN00060075,-31.95,151.7923,2186
2009-12,ASN00060085,-31.3865,152.2482,4392
2009-12,ASN00060090,-31.3422,152.341,2776
2009-12,ASN00060095,-32.375,152.3808,1010
2009-12,ASN00060096,-32.2583,152.1208,2070
2009-12,ASN00060099,-32.4436,152.1561,1320
2009-12,ASN00060104,-31.4138,151.598,1574
2009-12,ASN00060106,-31.6647,152.0637,1162
2009-12,ASN00060112,-32.0525,151.9147,1808
2009-12,ASN00060116,-31.4367,152.4633,4106
2009-12,ASN00060118,-31.7753,152.0778,1350
2009-12,ASN00060121,-31.5667,152.2401,1894
2009-12,ASN00060122,-31.8922,152.2739,1880
2009-12,ASN00060128,-31.5833,151.3167,1400
2009-12,ASN00060130,-31.2936,152.3121,1869
2009-12,ASN00061110,-32.8736,150.7936,1000
2009-12,ASN00058113,-28.4738,153.0861,1672
2009-12,ASN00068088,-35.0938,150.6228,1150
2009-12,ASN00063271,-34.0417,149.3611,526
2009-12,ASN00069010,-35.4489,149.799,674
2009-12,ASN00069013,-36.7677,149.6951,48
2009-12,ASN00069014,-36.3881,149.8882,238
2009-12,ASN00069015,-37.0557,149.9053,145
2009-12,ASN00069017,-36.2519,150.2275,370
2009-12,ASN00069018,-35.9093,150.1532,509
2009-12,ASN00069019,-36.8402,149.5257,242
2009-12,ASN00069022,-36.2144,150.1358,452
2009-12,ASN00069023,-35.6488,150.1454,708
2009-12,ASN00069006,-35.7011,149.7896,660
2009-12,ASN00069029,-37.3623,149.6984,258
2009-12,ASN00069035,-35.7564,149.815,570
2009-12,ASN00069036,-36.0876,150.0508,690
2009-12,ASN00069041,-35.2514,149.9158,566
2009-12,ASN00069042,-35.7661,149.9416,364
2009-12,ASN00069048,-35.7581,149.8252,628
2009-12,ASN00069049,-35.1165,150.0847,794
2009-12,ASN00069050,-36.2967,149.843,690
2009-12,ASN00069052,-35.7343,150.0508,668
2009-12,ASN00069054,-36.2967,149.51,620
2009-12,ASN00069033,-35.9017,149.9611,710
2009-12,ASN00069062,-35.9446,149.5876,1080
2009-12,ASN00069003,-36.6278,149.5705,342
2009-12,ASN00068252,-34.6708,150.8497,1162
2009-12,ASN00068181,-34.7275,150.5208,1120
2009-12,ASN00068192,-34.0391,150.689,604
2009-12,ASN00068200,-34.2075,150.7095,592
2009-12,ASN00068202,-34.6033,150.5487,1536
2009-12,ASN00068213,-34.8667,150.605,1010
2009-12,ASN00068215,-34.4167,150.1967,720
2009-12,ASN00068216,-34.1194,150.7402,670
2009-12,ASN00068217,-34.6866,150.5253,1218
2009-12,ASN00068224,-34.5858,150.6264,400
2009-12,ASN00068255,-34.4875,150.4014,920
2009-12,ASN00068228,-34.3691,150.9291,760
2009-12,ASN00068233,-34.8517,150.3883,800
2009-12,ASN00068239,-34.5253,150.4217,840
2009-12,ASN00068241,-34.5638,150.79,704
2009-12,ASN00068243,-34.5776,150.5118,1272
2009-12,ASN00068245,-34.9528,150.7019,907
2009-12,ASN00068246,-34.5707,150.8383,738
2009-12,ASN00068247,-34.7679,150.562,1246
2009-12,ASN00068248,-34.6625,150.4333,1100
2009-12,ASN00068249,-34.9636,150.0967,670
2009-12,ASN00068229,-35.2439,150.5098,504
2009-12,ASN00069065,-36.5676,149.7511,378
2009-12,ASN00069066,-36.9296,149.646,240
2009-12,ASN00069068,-36.6036,149.9984,288
2009-12,ASN00070071,-34.6514,149.5024,460
2009-12,ASN00070077,-34.9031,149.67,998
2009-12,ASN00070080,-34.4048,149.8197,882
2009-12,ASN00070084,-36.9325,148.9393,368
2009-12,ASN00070106,-36.8439,149.3897,288
2009-12,ASN00070112,-34.7226,149.1816,118
2009-12,ASN00070117,-34.7169,149.1207,418
2009-12,ASN00070124,-34.3024,149.8767,968
2009-12,ASN00070131,-34.545,149.6245,938
2009-12,ASN00070061,-35.5646,149.7406,776
2009-12,ASN00070143,-34.6389,149.9541,442
2009-12,ASN00070147,-34.5604,149.7381,922
2009-12,ASN00070161,-36.425,149.1139,444
2009-12,ASN00070165,-36.3541,149.198,396
2009-12,ASN00070214,-35.6311,149.5,884
2009-12,ASN00070217,-36.2939,148.9725,356
2009-12,ASN00070231,-35.3266,149.0492,338
2009-12,ASN00070237,-36.5902,149.3824,258
2009-12,ASN00058099,-29.2822,152.9888,766
2009-12,ASN00070246,-35.3098,149.1269,749
2009-12,ASN00070144,-34.4084,149.8836,1258
2009-12,ASN00070060,-35.1559,149.7725,966
2009-12,ASN00070054,-36.2009,149.0602,408
2009-12,ASN00070045,-35.1548,149.057,862
2009-12,ASN00069088,-36.1935,149.4735,608
2009-12,ASN00069114,-36.5404,149.8229,332
2009-12,ASN00069121,-35.4411,150.2857,1110
2009-12,ASN00069127,-35.6864,149.8386,668
2009-12,ASN00069132,-35.4253,149.7835,804
2009-12,ASN00069133,-36.6631,149.5139,322
2009-12,ASN00069134,-35.7234,150.1872,471
2009-12,ASN00069137,-37.2622,150.0504,254
2009-12,ASN00069138,-35.3635,150.4827,1088
2009-12,ASN00069139,-36.6722,149.8191,202
2009-12,ASN00069140,-36.4948,149.7434,210
2009-12,ASN00069142,-35.924,150.0362,642
2009-12,ASN00069145,-35.9775,149.8611,960
2009-12,ASN00069147,-36.9077,149.8989,164
2009-12,ASN00069148,-35.9004,150.1437,460
2009-12,ASN00069150,-35.3785,150.0032,504
2009-12,ASN00070005,-36.9113,149.2379,470
2009-12,ASN00070016,-35.5889,149.4478,654
2009-12,ASN00070025,-34.4578,149.4693,108
2009-12,ASN00070032,-35.2274,148.9139,1028
2009-12,ASN00070043,-34.7823,149.2681,1188
2009-12,ASN00068160,-34.0542,150.8772,520
2009-12,ASN00063254,-33.3211,149.0828,1282
2009-12,ASN00068151,-35.0936,150.8049,1002
2009-12,ASN00068110,-34.4829,150.8555,716
2009-12,ASN00065010,-33.2869,148.7396,1040
2009-12,ASN00065013,-33.4278,148.3721,240
2009-12,ASN00065019,-33.6146,148.435,625
2009-12,ASN00065020,-33.183,148.6941,1110
2009-12,ASN00065022,-33.1628,148.5879,990
2009-12,ASN00065023,-33.0866,148.8598,1020
2009-12,ASN00065030,-32.5192,148.5187,1362
2009-12,ASN00065034,-32.5635,148.9503,1732
2009-12,ASN00065041,-33.0956,148.8692,944
2009-12,ASN00065000,-32.4975,148.7488,2208
2009-12,ASN00065051,-32.9283,148.7547,1174
2009-12,ASN00065070,-32.2206,148.5753,1888
2009-12,ASN00065084,-33.3711,148.5917,606
2009-12,ASN00065096,-33.2682,148.3945,432
2009-12,ASN00065098,-32.6833,148.9167,1460
2009-12,ASN00065099,-32.3778,148.8741,1084
2009-12,ASN00065103,-33.3627,147.9205,924
2009-12,ASN00065106,-32.0358,148.6552,1798
2009-12,ASN00065111,-33.8449,148.6497,580
2009-12,ASN00065112,-33.4818,148.2608,418
2009-12,ASN00065068,-33.1281,148.2428,466
2009-12,ASN00066011,-33.8,151.2,690
2009-12,ASN00064054,-31.7914,149.6705,870
2009-12,ASN00064029,-32.0156,149.3925,1290
2009-12,ASN00063283,-33.7,150.0278,1060
2009-12,ASN00063287,-33.4111,149.5861,850
2009-12,ASN00063290,-33.4983,150.5215,400
2009-12,ASN00063291,-33.412,149.654,1008
2009-12,ASN00063292,-33.6185,150.2741,934
2009-12,ASN00063293,-33.74,149.8822,940
2009-12,ASN00063295,-33.6297,150.2803,970
2009-12,ASN00063297,-33.5728,149.9128,690
2009-12,ASN00063298,-33.6144,149.6981,0
2009-12,ASN00064050,-31.646,149.6209,908
2009-12,ASN00063302,-33.8275,149.6033,900
2009-12,ASN00063304,-33.7181,149.5106,1070
2009-12,ASN00064008,-31.2712,149.2714,2144
2009-12,ASN00064009,-32.0159,149.3964,1490
2009-12,ASN00064010,-32.1141,149.0365,1378
2009-12,ASN00064015,-31.8227,149.1217,2072
2009-12,ASN00064017,-31.3304,149.2699,1696
2009-12,ASN00064024,-31.5622,148.9547,1768
2009-12,ASN00064025,-31.8231,149.72,796
2009-12,ASN00064027,-31.3125,149.2048,2024
2009-12,ASN00063303,-33.3813,149.127,1228
2009-12,ASN00066013,-33.8523,151.0985,424
2009-12,ASN00066034,-33.8507,151.1295,601
2009-12,ASN00066036,-33.9186,151.1402,540
2009-12,ASN00067033,-33.6022,150.7794,504
2009-12,ASN00067094,-33.4383,150.8917,698
2009-12,ASN00067104,-33.6617,150.9,600
2009-12,ASN00067105,-33.6004,150.7761,554
2009-12,ASN00067108,-33.8969,150.7281,516
2009-12,ASN00067109,-33.7678,150.9814,655
2009-12,ASN00067110,-33.7858,150.9236,565
2009-12,ASN00067111,-33.7931,151.0167,570
2009-12,ASN00067112,-33.7672,151.0186,955
2009-12,ASN00067027,-33.8902,150.5934,851
2009-12,ASN00067113,-33.7195,150.6783,314
2009-12,ASN00067119,-33.8511,150.8567,658
2009-12,ASN00068000,-34.5712,150.7761,174
2009-12,ASN00068007,-34.0254,150.6455,634
2009-12,ASN00068024,-34.2272,150.9111,802
2009-12,ASN00068035,-34.6642,150.7586,1066
2009-12,ASN00068044,-34.4474,150.4568,852
2009-12,ASN00068072,-34.9469,150.5353,1054
2009-12,ASN00068080,-34.9158,150.7312,1042
2009-12,ASN00068083,-34.9282,150.7484,1015
2009-12,ASN00067114,-33.8667,150.8611,590
2009-12,ASN00067026,-33.7704,150.9318,579
2009-12,ASN00067023,-33.4972,151.0931,806
2009-12,ASN00067021,-33.6165,150.7477,257
2009-12,ASN00066037,-33.9465,151.1731,598
2009-12,ASN00066048,-33.8483,151.1105,566
2009-12,ASN00066052,-33.9096,151.2419,636
2009-12,ASN00066058,-33.9942,151.1292,530
2009-12,ASN00066059,-33.6908,151.2253,782
2009-12,ASN00066073,-33.9105,151.2276,750
2009-12,ASN00066078,-34.0517,150.98,489
2009-12,ASN00066080,-33.7809,151.2044,825
2009-12,ASN00066098,-33.8809,151.2658,872
2009-12,ASN00066124,-33.7917,151.0181,642
2009-12,ASN00066128,-33.5965,151.3221,872
2009-12,ASN00066137,-33.9181,150.9864,300
2009-12,ASN00066142,-33.6761,151.1818,932
2009-12,ASN00066148,-33.97,151.0638,470
2009-12,ASN00066156,-33.7791,151.1121,657
2009-12,ASN00066176,-34.0658,151.0567,440
2009-12,ASN00066188,-33.7402,151.2173,882
2009-12,ASN00066194,-33.9057,151.1134,406
2009-12,ASN00066204,-34.0009,151.0738,430
2009-12,ASN00067002,-33.6667,150.6696,542
2009-12,ASN00067019,-33.8193,150.9127,633
2009-12,ASN00068125,-34.0904,150.5052,940
2009-12,ASN00070242,-35.2572,149.0742,866
2009-12,ASN00048079,-29.7029,144.1482,84
2009-12,ASN00058080,-29.87,153.2653,916
2009-12,ASN00043102,-26.49,147.9792,1240
2009-12,ASN00043105,-26.4083,148.7833,600
2009-12,ASN00043106,-26.5089,148.1314,1185
2009-12,ASN00043108,-25.96,148.3867,1036
2009-12,ASN00043109,-28.0489,148.5942,1782
2009-12,ASN00043112,-26.7997,148.5989,1360
2009-12,ASN00044010,-28.0336,147.4803,1766
2009-12,ASN00044021,-26.4139,146.2558,554
2009-12,ASN00044026,-28.0706,145.6808,1280
2009-12,ASN00043101,-27.3117,148.8267,1020
2009-12,ASN00044038,-27.02,147.1536,816
2009-12,ASN00044041,-25.9719,146.6189,1210
2009-12,ASN00044044,-26.3453,147.1258,760
2009-12,ASN00044045,-27.4133,147.4314,2025
2009-12,ASN00044047,-26.44,147.6942,1586
2009-12,ASN00044050,-26.4156,147.1131,1052
2009-12,ASN00044054,-28.8061,147.1194,1038
2009-12,ASN00044056,-26.4458,147.5453,1336
2009-12,ASN00044057,-25.4992,146.5442,664
2009-12,ASN00044070,-26.375,147.0394,1154
2009-12,ASN00044040,-26.1108,144.8728,748
2009-12,ASN00044075,-27.265,148.0814,1184
2009-12,ASN00043100,-27.7333,148.4667,1750
2009-12,ASN00043095,-27.3867,149.3878,690
2009-12,ASN00042100,-27.7644,150.0694,1040
2009-12,ASN00042104,-28.3839,149.6747,1020
2009-12,ASN00042112,-26.6569,150.1819,1048
2009-12,ASN00042116,-28.23,149.5617,774
2009-12,ASN00043015,-25.8428,148.5669,1124
2009-12,ASN00043020,-26.4888,147.9777,1310
2009-12,ASN00043035,-27.159,149.0703,1498
2009-12,ASN00043037,-26.2094,149.0894,1100
2009-12,ASN00043041,-28.1436,148.7089,1292
2009-12,ASN00043099,-26.82,148.0244,1043
2009-12,ASN00043043,-26.6133,149.3878,902
2009-12,ASN00043051,-26.2625,149.2389,1004
2009-12,ASN00043052,-27.0006,149.4969,1482
2009-12,ASN00043054,-25.8428,148.5669,1102
2009-12,ASN00043060,-26.0756,147.9044,536
2009-12,ASN00043061,-25.9847,148.5567,883
2009-12,ASN00043065,-27.7683,148.7147,1480
2009-12,ASN00043080,-27.2275,148.7411,1204
2009-12,ASN00043091,-26.5442,148.7778,996
2009-12,ASN00043093,-26.6064,148.5372,924
2009-12,ASN00043045,-28.0944,148.9731,1255
2009-12,ASN00042078,-26.9186,150.4722,584
2009-12,ASN00044111,-25.8517,146.1894,1346
2009-12,ASN00044142,-27.6844,147.6981,1850
2009-12,ASN00046129,-30.8517,143.0742,82
2009-12,ASN00047013,-32.9669,143.1071,184
2009-12,ASN00047016,-34.0398,141.2652,153
2009-12,ASN00047019,-32.3937,142.4173,70
2009-12,ASN00047022,-32.4757,143.9409,108
2009-12,ASN00047029,-33.3856,142.5696,158
2009-12,ASN00047033,-33.4268,142.5719,151
2009-12,ASN00047040,-33.9297,142.3572,32
2009-12,ASN00047046,-33.2552,141.7984,152
2009-12,ASN00046128,-31.0867,141.7017,266
2009-12,ASN00047048,-32.0012,141.4694,180
2009-12,ASN00047053,-34.1065,141.9189,124
2009-12,ASN00047056,-32.419,141.5525,120
2009-12,ASN00047058,-32.3902,142.4164,74
2009-12,ASN00047078,-33.2714,141.5962,136
2009-12,ASN00047093,-33.7492,142.2205,110
2009-12,ASN00047104,-32.804,141.5096,112
2009-12,ASN00047106,-32.9703,142.3855,118
2009-12,ASN00047107,-34.3206,142.3645,94
2009-12,ASN00048015,-29.9614,146.8651,1616
2009-12,ASN00047049,-32.0682,141.1097,150
2009-12,ASN00044137,-27.8717,148.0344,1000
2009-12,ASN00046126,-29.4448,142.0567,354
2009-12,ASN00046052,-29.4089,143.3808,116
2009-12,ASN00044153,-28.1631,145.0431,915
2009-12,ASN00044154,-28.3875,148.3111,522
2009-12,ASN00044174,-27.62,145.8281,386
2009-12,ASN00044181,-28.9972,144.4094,728
2009-12,ASN00044194,-28.3544,148.8217,434
2009-12,ASN00044208,-26.1394,145.6639,1118
2009-12,ASN00044211,-25.3353,147.3,482
2009-12,ASN00044223,-25.4536,147.3031,752
2009-12,ASN00045003,-26.9011,144.3386,492
2009-12,ASN00046124,-29.8718,142.434,218
2009-12,ASN00045007,-26.1133,144.1333,144
2009-12,ASN00045015,-26.6125,144.2578,250
2009-12,ASN00045025,-27.9867,143.815,421
2009-12,ASN00045029,-28.0722,141.5317,216
2009-12,ASN00046002,-29.7656,143.1142,448
2009-12,ASN00046006,-29.0885,141.2033,308
2009-12,ASN00046012,-31.5194,143.385,124
2009-12,ASN00046015,-31.4459,142.1352,164
2009-12,ASN00046022,-31.4469,143.6548,136
2009-12,ASN00046043,-31.5631,143.3747,98
2009-12,ASN00045009,-27.4008,141.8114,252
2009-12,ASN00042035,-26.6439,149.6278,1284
2009-12,ASN00042034,-27.1689,150.0019,466
2009-12,ASN00042025,-26.5519,150.6322,1130
2009-12,ASN00041191,-27.2627,151.3747,806
2009-12,ASN00041208,-28.3542,152.3392,990
2009-12,ASN00041229,-28.0775,152.2625,1169
2009-12,ASN00041230,-28.7208,151.1825,766
2009-12,ASN00041240,-27.1858,151.1419,610
2009-12,ASN00041250,-27.7894,151.4133,904
2009-12,ASN00041276,-27.9292,152.1606,876
2009-12,ASN00041277,-26.7675,151.2075,820
2009-12,ASN00041314,-27.7578,151.4483,1782
2009-12,ASN00041182,-27.1667,151.5697,725
2009-12,ASN00041323,-28.0187,152.2861,1168
2009-12,ASN00041339,-27.2131,151.1856,920
2009-12,ASN00041344,-28.2075,151.5608,670
2009-12,ASN00041348,-28.1667,150.6444,516
2009-12,ASN00041359,-27.4034,151.7413,596
2009-12,ASN00041365,-28.6514,151.6336,890
2009-12,ASN00041369,-27.5233,151.8819,542
2009-12,ASN00041370,-28.1236,150.5431,395
2009-12,ASN00041371,-28.4572,151.6817,614
2009-12,ASN00041388,-28.055,151.3297,868
2009-12,ASN00041338,-28.8,151.8433,880
2009-12,ASN00041391,-28.3611,151.1464,1150
2009-12,ASN00041175,-28.6217,151.9533,1040
2009-12,ASN00041166,-27.6764,151.6022,820
2009-12,ASN00070247,-35.2776,149.1095,128
2009-12,ASN00041056,-28.3344,152.2953,936
2009-12,ASN00041072,-27.4831,151.6003,626
2009-12,ASN00041082,-27.7156,151.6333,466
2009-12,ASN00041083,-28.0694,151.7797,348
2009-12,ASN00041085,-28.3253,152.3942,1450
2009-12,ASN00041086,-26.6653,151.3969,1136
2009-12,ASN00041091,-26.8086,151.0806,159
2009-12,ASN00041095,-28.6617,151.9339,1134
2009-12,ASN00041170,-27.5433,151.6383,772
2009-12,ASN00041096,-27.5094,151.9547,963
2009-12,ASN00041100,-28.8544,151.1681,2126
2009-12,ASN00041106,-27.9651,152.0752,700
2009-12,ASN00041112,-28.4033,150.0517,790
2009-12,ASN00041116,-28.9231,151.9306,364
2009-12,ASN00041120,-28.1897,152.2064,1392
2009-12,ASN00041128,-28.4997,150.5928,744
2009-12,ASN00041134,-28.3128,152.4025,1690
2009-12,ASN00041145,-26.8397,151.165,416
2009-12,ASN00041162,-28.2694,150.8106,1236
2009-12,ASN00041098,-28.2858,152.2425,962
2009-12,ASN00041397,-28.1422,150.1319,706
2009-12,ASN00041404,-27.9592,151.6664,384
2009-12,ASN00041405,-27.7952,151.7387,700
2009-12,ASN00041529,-27.5425,151.9134,476
2009-12,ASN00041530,-28.2006,152.2156,1100
2009-12,ASN00041531,-28.1167,152.0642,700
2009-12,ASN00041532,-28.3558,151.9967,420
2009-12,ASN00041533,-28.2292,152.2269,370
2009-12,ASN00041534,-28.2111,152.0275,600
2009-12,ASN00041535,-28.3731,152.14,660
2009-12,ASN00041536,-28.2883,152.1053,860
2009-12,ASN00041537,-28.3394,152.2944,670
2009-12,ASN00041528,-27.0481,151.6314,1138
2009-12,ASN00041540,-29.1694,151.3414,2004
2009-12,ASN00041545,-27.6539,150.9136,1664
2009-12,ASN00041546,-27.9803,150.515,684
2009-12,ASN00041547,-28.9236,151.9289,454
2009-12,ASN00041548,-28.8675,151.1611,1790
2009-12,ASN00041551,-26.9669,151.4847,760
2009-12,ASN00042002,-27.2067,150.2828,1048
2009-12,ASN00042016,-27.3411,150.0619,184
2009-12,ASN00042022,-27.3236,149.8828,678
2009-12,ASN00042023,-26.6581,150.1844,1374
2009-12,ASN00041543,-28.0719,151.1861,1054
2009-12,ASN00041525,-28.2061,152.1003,1054
2009-12,ASN00041522,-27.1605,151.2634,878
2009-12,ASN00041519,-28.5767,150.845,700
2009-12,ASN00041415,-28.2367,151.5347,894
2009-12,ASN00041445,-28.2144,151.9194,628
2009-12,ASN00041456,-28.0621,152.3675,342
2009-12,ASN00041457,-28.4225,151.2131,1190
2009-12,ASN00041464,-28.1553,152.33,1664
2009-12,ASN00041469,-27.0289,151.0947,276
2009-12,ASN00041473,-28.1022,151.8119,416
2009-12,ASN00041486,-26.9575,150.8633,330
2009-12,ASN00041489,-28.3011,150.2936,600
2009-12,ASN00041490,-26.9,150.7833,370
2009-12,ASN00041491,-28.4333,151.4667,870
2009-12,ASN00041493,-27.4967,150.4539,908
2009-12,ASN00041495,-28.4828,151.2831,2300
2009-12,ASN00041503,-28.2167,152.05,160
2009-12,ASN00041504,-27.7358,151.4117,1138
2009-12,ASN00041506,-28.6561,150.6653,960
2009-12,ASN00041507,-28.6656,150.445,678
2009-12,ASN00041508,-27.7267,150.6453,940
2009-12,ASN00041509,-27.6783,150.3483,880
2009-12,ASN00041510,-27.4722,151.9481,1052
2009-12,ASN00041512,-27.3825,151.9244,484
2009-12,ASN00048025,-29.3513,146.8126,1762
2009-12,ASN00048027,-31.484,145.8294,328
2009-12,ASN00048031,-29.5407,148.5818,876
2009-12,ASN00048047,-29.1509,148.6252,762
2009-12,ASN00055325,-31.0742,150.8362,1454
2009-12,ASN00055331,-30.7299,150.5784,684
2009-12,ASN00055335,-31.5347,151.1806,1478
2009-12,ASN00056001,-29.7183,151.355,1190
2009-12,ASN00056008,-29.4421,151.8483,710
2009-12,ASN00056010,-30.9406,151.7078,2378
2009-12,ASN00056013,-29.6953,151.6936,1566
2009-12,ASN00056018,-29.7752,151.0819,1272
2009-12,ASN00056023,-28.3933,152.4157,1782
2009-12,ASN00055322,-31.3908,151.4019,1090
2009-12,ASN00056028,-30.7338,151.5105,1976
2009-12,ASN00056034,-30.6437,151.4906,2093
2009-12,ASN00056037,-30.5264,151.6697,1490
2009-12,ASN00056052,-29.0988,151.7416,1336
2009-12,ASN00056057,-30.0867,151.3909,920
2009-12,ASN00056077,-31.0678,151.5022,586
2009-12,ASN00056094,-29.5488,151.9942,1750
2009-12,ASN00056098,-29.5817,151.9483,1606
2009-12,ASN00056100,-29.6315,151.5561,1320
2009-12,ASN00056111,-29.7799,151.3503,1447
2009-12,ASN00056032,-29.0479,152.0172,924
2009-12,ASN00056141,-28.8867,152.1144,1054
2009-12,ASN00055319,-30.6126,150.5862,548
2009-12,ASN00055311,-31.2171,150.8185,1206
2009-12,ASN00055066,-31.6218,150.8437,818
2009-12,ASN00055075,-31.1224,150.6957,1512
2009-12,ASN00055105,-30.7967,150.8647,748
2009-12,ASN00055122,-30.8415,150.9097,542
2009-12,ASN00055136,-30.9672,151.3451,1606
2009-12,ASN00055157,-31.0853,150.658,1728
2009-12,ASN00055164,-31.1805,151.3031,1670
2009-12,ASN00055176,-31.2573,151.0842,1158
2009-12,ASN00055181,-31.2547,151.1208,1399
2009-12,ASN00055313,-31.2717,150.9167,1130
2009-12,ASN00055183,-31.2962,150.8606,710
2009-12,ASN00055202,-30.9537,150.2494,1320
2009-12,ASN00055220,-30.9585,150.1505,1338
2009-12,ASN00055254,-30.7902,150.629,940
2009-12,ASN00055257,-31.2208,150.8213,1154
2009-12,ASN00055262,-31.3505,151.3177,918
2009-12,ASN00055276,-30.8828,150.4928,880
2009-12,ASN00055282,-31.4753,150.5439,898
2009-12,ASN00055303,-30.8098,150.7524,910
2009-12,ASN00055309,-31.1472,151.2306,1366
2009-12,ASN00055190,-31.3658,150.8357,1230
2009-12,ASN00056161,-30.1575,151.8774,2876
2009-12,ASN00056176,-30.1369,151.2581,691
2009-12,ASN00056202,-28.9776,152.1552,1266
2009-12,ASN00057123,-29.7603,152.2057,1478
2009-12,ASN00057124,-30.4833,152.398,2062
2009-12,ASN00057125,-30.3969,152.358,1907
2009-12,ASN00058005,-28.3981,153.1731,2260
2009-12,ASN00058007,-28.6369,153.588,1602
2009-12,ASN00058012,-29.4333,153.3633,1451
2009-12,ASN00058019,-28.5314,153.3151,2337
2009-12,ASN00058020,-28.2886,153.3651,2790
2009-12,ASN00058023,-28.7908,153.3958,1062
2009-12,ASN00057119,-30.889,151.8547,2068
2009-12,ASN00058027,-29.4227,153.2533,1390
2009-12,ASN00058040,-28.5451,153.4948,1500
2009-12,ASN00058044,-28.5966,153.2233,364
2009-12,ASN00058045,-29.9691,152.7265,628
2009-12,ASN00058056,-28.2025,153.5502,1354
2009-12,ASN00058059,-29.6309,153.0286,1808
2009-12,ASN00058068,-29.4133,153.0153,1444
2009-12,ASN00058070,-28.6384,153.4128,2354
2009-12,ASN00058077,-29.6224,152.9605,1194
2009-12,ASN00058079,-29.7619,153.1047,1326
2009-12,ASN00058036,-28.31,153.2228,2330
2009-12,ASN00057114,-29.1967,152.595,638
2009-12,ASN00057104,-31.2739,151.9655,1600
2009-12,ASN00057103,-30.0093,152.0101,1883
2009-12,ASN00056205,-29.8995,151.965,1980
2009-12,ASN00056207,-28.5417,151.9909,790
2009-12,ASN00056229,-30.2126,151.6787,1816
2009-12,ASN00056234,-30.9874,151.5855,1980
2009-12,ASN00056236,-31.0109,151.6246,1724
2009-12,ASN00056237,-29.8025,151.2726,1162
2009-12,ASN00056238,-30.5273,151.6158,1410
2009-12,ASN00056239,-28.7014,152.0974,1428
2009-12,ASN00056240,-30.3358,151.7367,1020
2009-12,ASN00056242,-29.7796,151.1121,1400
2009-12,ASN00056243,-29.678,151.694,1560
2009-12,ASN00057003,-28.737,152.6228,627
2009-12,ASN00057005,-28.9279,152.3759,2094
2009-12,ASN00057018,-28.8914,152.5663,2002
2009-12,ASN00057023,-30.2892,152.1701,1780
2009-12,ASN00057024,-28.3879,152.6083,1656
2009-12,ASN00057028,-30.5644,151.907,1664
2009-12,ASN00057035,-31.1333,152.1253,2055
2009-12,ASN00057091,-30.7167,151.8531,534
2009-12,ASN00057093,-29.5101,152.4897,2366
2009-12,ASN00057095,-28.7551,152.4507,2178
2009-12,ASN00055065,-31.166,150.5441,1202
2009-12,ASN00058097,-29.1514,153.2792,1620
2009-12,ASN00055057,-31.7731,150.2856,886
2009-12,ASN00055049,-31.5086,150.6792,848
2009-12,ASN00050110,-32.6358,148.058,636
2009-12,ASN00050117,-32.8952,148.2811,650
2009-12,ASN00050119,-32.9365,148.2452,708
2009-12,ASN00050137,-33.0682,147.2133,1066
2009-12,ASN00050139,-32.5613,148.3353,946
2009-12,ASN00050141,-33.055,147.4427,834
2009-12,ASN00051008,-32.4581,148.1491,1224
2009-12,ASN00051018,-31.7055,148.6625,2490
2009-12,ASN00051026,-31.5629,146.7181,452
2009-12,ASN00050108,-32.5724,147.2162,476
2009-12,ASN00051033,-31.8576,147.1343,568
2009-12,ASN00051042,-30.9252,147.869,1937
2009-12,ASN00051049,-31.9861,147.9489,1052
2009-12,ASN00051057,-30.6998,147.2232,1554
2009-12,ASN00051066,-31.9478,148.62,2015
2009-12,ASN00051122,-31.5558,148.5981,1769
2009-12,ASN00051133,-31.2294,148.8861,1458
2009-12,ASN00051160,-31.7069,148.6358,2034
2009-12,ASN00051161,-30.9776,148.3798,1616
2009-12,ASN00052016,-30.6088,148.972,190
2009-12,ASN00051034,-31.4986,147.6865,840
2009-12,ASN00052020,-28.9786,148.9899,884
2009-12,ASN00050052,-33.0664,147.2283,906
2009-12,ASN00050037,-32.6309,147.5659,0
2009-12,ASN00048115,-31.424,145.2539,390
2009-12,ASN00048168,-29.1173,147.8993,1126
2009-12,ASN00048237,-31.5389,145.7964,304
2009-12,ASN00048238,-30.1749,146.9724,2216
2009-12,ASN00048243,-29.431,147.9722,268
2009-12,ASN00048245,-30.0362,145.9521,604
2009-12,ASN00049000,-32.8831,144.3088,102
2009-12,ASN00049002,-34.6398,143.561,118
2009-12,ASN00049023,-34.4523,142.9109,90
2009-12,ASN00050045,-33.8486,146.8261,804
2009-12,ASN00049045,-34.5594,143.0754,100
2009-12,ASN00049061,-32.3884,144.7456,40
2009-12,ASN00049063,-33.052,144.1444,100
2009-12,ASN00049092,-33.6959,144.2757,156
2009-12,ASN00049105,-32.5187,146.2819,492
2009-12,ASN00049132,-33.1898,145.3067,346
2009-12,ASN00049133,-33.516,144.7651,210
2009-12,ASN00050010,-33.5159,147.2541,1940
2009-12,ASN00050017,-33.9382,147.1962,1104
2009-12,ASN00050031,-32.7235,148.1902,793
2009-12,ASN00049055,-34.1953,143.7916,94
2009-12,ASN00052023,-30.3515,148.8843,1756
2009-12,ASN00052067,-29.8136,148.9104,1070
2009-12,ASN00052088,-30.0372,148.1223,1278
2009-12,ASN00054082,-29.6382,151.4055,1258
2009-12,ASN00054102,-30.3735,150.6723,440
2009-12,ASN00054104,-29.3899,151.2448,1490
2009-12,ASN00054114,-30.0977,151.0089,486
2009-12,ASN00054117,-30.2244,150.723,670
2009-12,ASN00054124,-29.2743,150.2658,934
2009-12,ASN00054125,-30.1312,150.1462,816
2009-12,ASN00054128,-29.8866,150.8951,535
2009-12,ASN00054141,-29.5833,150.37,1015
2009-12,ASN00054078,-29.6754,151.1527,1380
2009-12,ASN00054146,-29.2333,151.3833,1770
2009-12,ASN00054151,-30.2838,150.1666,1612
2009-12,ASN00054160,-29.1199,151.2942,540
2009-12,ASN00055000,-30.9113,150.8579,914
2009-12,ASN00055002,-31.2342,149.8345,1250
2009-12,ASN00055006,-31.6405,150.2356,906
2009-12,ASN00055007,-30.7056,150.0458,1195
2009-12,ASN00055016,-30.9963,151.2292,1228
2009-12,ASN00055041,-31.4605,151.1275,444
2009-12,ASN00055046,-31.5271,150.4296,868
2009-12,ASN00054149,-30.1872,149.8642,1040
2009-12,ASN00054076,-29.64,151.4297,1232
2009-12,ASN00054074,-29.6613,151.0196,1414
2009-12,ASN00054073,-29.6448,151.2362,1120
2009-12,ASN00053002,-30.9469,149.0654,80
2009-12,ASN00053003,-29.9182,149.7919,738
2009-12,ASN00053018,-28.9917,150.017,590
2009-12,ASN00053033,-29.4748,150.1359,878
2009-12,ASN00053034,-30.1187,149.3232,1096
2009-12,ASN00053035,-29.8401,149.3207,830
2009-12,ASN00053041,-28.8697,150.0903,753
2009-12,ASN00053044,-30.2257,149.4452,1927
2009-12,ASN00053073,-30.7632,149.0008,1406
2009-12,ASN00053081,-30.8043,149.1246,358
2009-12,ASN00053085,-28.9665,149.6721,698
2009-12,ASN00053115,-29.4914,149.8458,1232
2009-12,ASN00054003,-30.3781,150.6096,735
2009-12,ASN00054004,-29.8673,150.5715,672
2009-12,ASN00054013,-29.654,150.8291,924
2009-12,ASN00054023,-30.2948,150.8103,732
2009-12,ASN00054027,-29.5581,150.8871,1166
2009-12,ASN00054029,-29.5416,150.5754,931
2009-12,ASN00054038,-30.3154,149.8302,1300
2009-12,ASN00054046,-29.3992,151.4107,1512
2009-12,ASN00054049,-29.405,150.9012,2458
2009-12,ASN00055053,-31.346,149.8285,1290
2009-12,ASN00070261,-35.6904,149.5869,740
2009-12,ASN00085296,-37.7481,147.1428,526
2009-12,ASN00070269,-34.6653,149.9888,856
2009-12,ASN00089033,-37.6901,142.7253,344
2009-12,ASN00089034,-37.5483,142.7393,316
2009-12,ASN00089043,-37.3909,141.9194,326
2009-12,ASN00089048,-37.517,143.9275,446
2009-12,ASN00089068,-37.9324,143.7864,142
2009-12,ASN00089074,-37.9477,143.2222,490
2009-12,ASN00089084,-37.9333,143.8667,336
2009-12,ASN00089085,-37.2775,142.9811,358
2009-12,ASN00089103,-37.9708,143.2189,462
2009-12,ASN00089025,-37.6854,143.3654,315
2009-12,ASN00089106,-37.4152,143.6718,428
2009-12,ASN00089109,-37.3598,143.1961,436
2009-12,ASN00089111,-37.5174,143.7791,314
2009-12,ASN00089112,-37.7067,142.9378,372
2009-12,ASN00090001,-38.7481,143.6635,636
2009-12,ASN00090005,-38.1954,143.6399,528
2009-12,ASN00090008,-38.3372,143.7844,442
2009-12,ASN00090010,-37.8595,141.7708,348
2009-12,ASN00090013,-38.3215,141.406,416
2009-12,ASN00090015,-38.8556,143.5128,402
2009-12,ASN00089107,-37.3494,143.2956,484
2009-12,ASN00090021,-38.3291,143.0779,516
2009-12,ASN00089022,-37.6472,142.2309,402
2009-12,ASN00089018,-37.9543,143.3437,418
2009-12,ASN00088103,-37.4958,145.7475,454
2009-12,ASN00088108,-37.1566,144.2079,374
2009-12,ASN00088109,-36.8886,145.1859,206
2009-12,ASN00088110,-37.0809,144.2392,350
2009-12,ASN00088113,-37.3387,143.9861,350
2009-12,ASN00088119,-37.3167,145.7167,258
2009-12,ASN00088121,-37.1425,144.9264,154
2009-12,ASN00088123,-37.25,144.4378,390
2009-12,ASN00088126,-37.0213,145.1091,206
2009-12,ASN00089019,-37.4043,142.3843,390
2009-12,ASN00088130,-37.4234,145.7085,380
2009-12,ASN00088138,-37.2348,144.9962,196
2009-12,ASN00088162,-37.3807,144.9654,362
2009-12,ASN00088164,-37.2091,145.8423,278
2009-12,ASN00089002,-37.5127,143.7911,320
2009-12,ASN00089003,-37.2472,141.8415,268
2009-12,ASN00089009,-37.5267,142.0414,374
2009-12,ASN00089010,-38.0297,143.6331,404
2009-12,ASN00089011,-37.6467,142.3419,398
2009-12,ASN00089016,-37.711,142.8395,278
2009-12,ASN00088137,-37.1644,143.5532,188
2009-12,ASN00088071,-37.4181,144.2133,422
2009-12,ASN00090022,-38.2798,143.6613,476
2009-12,ASN00090026,-37.3443,141.6861,250
2009-12,ASN00090182,-37.583,141.3339,408
2009-12,ASN00090183,-38.6286,143.7306,526
2009-12,ASN00090184,-38.4306,141.5437,430
2009-12,ASN00090185,-38.5497,143.8594,522
2009-12,ASN00090186,-38.2867,142.4522,464
2009-12,ASN00090187,-38.4115,143.9771,642
2009-12,ASN00090188,-38.4831,143.9142,604
2009-12,ASN00091000,-41.5211,146.7158,166
2009-12,ASN00091001,-41.2025,146.8156,266
2009-12,ASN00090181,-38.241,143.1393,544
2009-12,ASN00091011,-40.6842,144.7181,393
2009-12,ASN00091029,-41.4978,146.535,546
2009-12,ASN00091032,-41.7244,147.3208,278
2009-12,ASN00091034,-40.8842,145.2161,436
2009-12,ASN00091039,-41.1839,146.4817,214
2009-12,ASN00091041,-41.2383,146.9953,240
2009-12,ASN00091053,-41.25,147.2169,254
2009-12,ASN00091055,-41.5406,146.1364,324
2009-12,ASN00091060,-40.905,145.3492,440
2009-12,ASN00091072,-41.4678,147.1628,234
2009-12,ASN00091019,-41.8142,147.0922,242
2009-12,ASN00090024,-37.6044,141.6853,365
2009-12,ASN00090180,-38.4583,144.0883,484
2009-12,ASN00090175,-38.3906,142.2347,420
2009-12,ASN00090033,-37.3563,141.2103,366
2009-12,ASN00090035,-38.2333,143.7925,518
2009-12,ASN00090036,-37.9695,141.3077,460
2009-12,ASN00090045,-38.1059,142.3216,470
2009-12,ASN00090055,-38.0339,141.9998,374
2009-12,ASN00090060,-38.4699,142.7502,476
2009-12,ASN00090061,-38.421,143.8348,446
2009-12,ASN00090062,-37.8824,142.4235,406
2009-12,ASN00090063,-37.875,142.2895,430
2009-12,ASN00090176,-38.0737,142.7744,462
2009-12,ASN00090070,-38.3846,141.6074,466
2009-12,ASN00090077,-38.2362,142.9166,544
2009-12,ASN00090093,-38.7553,143.5103,646
2009-12,ASN00090105,-37.7417,141.0657,320
2009-12,ASN00090147,-38.3427,143.5848,40
2009-12,ASN00090153,-38.255,143.1256,344
2009-12,ASN00090165,-38.5582,143.1663,546
2009-12,ASN00090167,-38.243,143.9887,396
2009-12,ASN00090171,-38.3148,141.4705,428
2009-12,ASN00090173,-37.6486,142.0636,396
2009-12,ASN00090076,-38.6771,143.6826,664
2009-12,ASN00088067,-37.2177,145.4211,184
2009-12,ASN00088064,-37.1225,144.8561,58
2009-12,ASN00088061,-37.3449,144.5365,404
2009-12,ASN00086223,-38.3391,145.0288,456
2009-12,ASN00086224,-37.9785,145.2235,454
2009-12,ASN00086232,-37.8303,144.9767,432
2009-12,ASN00086265,-38.3142,145.1756,410
2009-12,ASN00086281,-38.3343,145.6696,618
2009-12,ASN00086282,-37.6655,144.8321,374
2009-12,ASN00086299,-38.0222,145.3561,518
2009-12,ASN00086303,-37.8886,145.1928,438
2009-12,ASN00086305,-37.6369,144.9072,426
2009-12,ASN00086213,-38.3781,144.8997,458
2009-12,ASN00086314,-38.1992,145.4933,384
2009-12,ASN00086361,-38.3646,145.1785,438
2009-12,ASN00086364,-37.6594,145.4457,886
2009-12,ASN00086369,-37.9535,145.1655,394
2009-12,ASN00086373,-38.4612,145.3101,506
2009-12,ASN00086374,-37.4652,145.2637,664
2009-12,ASN00086377,-37.4225,145.0752,428
2009-12,ASN00086383,-37.7239,145.4094,532
2009-12,ASN00086393,-38.4617,144.9019,462
2009-12,ASN00087006,-37.6018,144.2295,512
2009-12,ASN00086350,-37.4187,144.977,384
2009-12,ASN00087007,-37.743,144.1406,345
2009-12,ASN00086210,-38.0651,145.1294,364
2009-12,ASN00086127,-38.6078,145.5965,592
2009-12,ASN00085304,-37.4967,146.8575,968
2009-12,ASN00085305,-37.8758,146.0833,878
2009-12,ASN00086020,-37.9551,145.0782,260
2009-12,ASN00086035,-37.7011,145.1547,468
2009-12,ASN00086038,-37.7276,144.9066,388
2009-12,ASN00086039,-37.7915,144.9067,400
2009-12,ASN00086063,-38.2656,145.5692,388
2009-12,ASN00086068,-37.7408,145.0972,450
2009-12,ASN00086074,-37.8219,145.1906,552
2009-12,ASN00086131,-37.5552,145.1259,596
2009-12,ASN00086076,-37.8019,145.3675,508
2009-12,ASN00086079,-38.2358,145.0667,281
2009-12,ASN00086088,-37.9142,145.0935,411
2009-12,ASN00086090,-37.7089,145.7855,812
2009-12,ASN00086096,-37.7214,145.0059,402
2009-12,ASN00086104,-37.871,145.2561,538
2009-12,ASN00086105,-38.4282,145.0412,686
2009-12,ASN00086111,-37.9445,145.1764,481
2009-12,ASN00086117,-37.477,145.1513,562
2009-12,ASN00086119,-38.4836,145.1766,542
2009-12,ASN00086077,-37.98,145.0964,344
2009-12,ASN00087014,-37.5512,143.9322,442
2009-12,ASN00087016,-37.7654,144.1048,112
2009-12,ASN00087017,-37.4701,144.3069,458
2009-12,ASN00087175,-37.2732,144.5974,334
2009-12,ASN00087176,-37.7569,144.7511,320
2009-12,ASN00087178,-38.2504,144.5104,628
2009-12,ASN00088002,-36.893,145.2316,260
2009-12,ASN00088009,-36.9886,143.9747,250
2009-12,ASN00088010,-37.2531,144.8614,244
2009-12,ASN00088015,-37.3049,143.7776,302
2009-12,ASN00088020,-37.3432,144.1575,462
2009-12,ASN00088021,-37.1995,144.0141,376
2009-12,ASN00087173,-37.294,144.7066,348
2009-12,ASN00088023,-37.2313,145.9124,278
2009-12,ASN00088031,-37.0695,145.4177,390
2009-12,ASN00088032,-37.0856,143.9977,314
2009-12,ASN00088037,-37.2535,144.3825,436
2009-12,ASN00088042,-37.1965,144.3742,398
2009-12,ASN00088043,-37.056,143.732,339
2009-12,ASN00088048,-37.105,144.0638,340
2009-12,ASN00088051,-37.0194,144.5203,222
2009-12,ASN00088056,-37.1714,143.701,314
2009-12,ASN00088060,-37.4475,145.2143,714
2009-12,ASN00088029,-36.9579,144.6935,210
2009-12,ASN00087171,-37.5223,144.4779,406
2009-12,ASN00087168,-37.9075,144.1303,280
2009-12,ASN00087162,-38.1435,144.1872,328
2009-12,ASN00087021,-37.8233,144.2078,432
2009-12,ASN00087029,-37.2698,144.723,306
2009-12,ASN00087031,-37.8565,144.7566,324
2009-12,ASN00087033,-37.991,144.4943,426
2009-12,ASN00087036,-37.4155,144.5569,714
2009-12,ASN00087040,-37.7451,144.5687,334
2009-12,ASN00087042,-37.8539,144.11,348
2009-12,ASN00087043,-37.8197,144.1492,584
2009-12,ASN00087046,-37.6719,143.94,426
2009-12,ASN00087048,-37.8958,144.4387,339
2009-12,ASN00087068,-37.645,144.0411,368
2009-12,ASN00087075,-37.4964,144.5028,9
2009-12,ASN00087095,-37.6111,144.3,462
2009-12,ASN00087113,-38.0287,144.4783,300
2009-12,ASN00087118,-37.3508,144.6067,378
2009-12,ASN00087119,-38.3687,144.0843,438
2009-12,ASN00087121,-37.6831,144.6664,373
2009-12,ASN00087124,-38.2504,144.0854,356
2009-12,ASN00087130,-37.3495,144.7494,398
2009-12,ASN00087135,-38.2832,144.4784,324
2009-12,ASN00087161,-37.6292,144.5026,304
2009-12,ASN00091077,-41.575,147.4508,354
2009-12,ASN00085303,-37.5325,147.0053,960
2009-12,ASN00091086,-41.2439,147.7353,440
2009-12,ASN00091100,-40.4472,144.84,404
2009-12,ASN00094179,-43.0,146.928,376
2009-12,ASN00094182,-42.5572,147.4033,560
2009-12,ASN00094185,-43.0336,147.2128,544
2009-12,ASN00094191,-43.2006,146.7683,804
2009-12,ASN00094192,-43.4086,146.9567,486
2009-12,ASN00094195,-42.4544,147.4614,384
2009-12,ASN00094198,-43.4886,147.1444,360
2009-12,ASN00094204,-42.6525,147.3578,534
2009-12,ASN00094212,-42.6867,147.4258,556
2009-12,ASN00094177,-42.7572,147.3817,578
2009-12,ASN00094214,-42.7033,147.1261,60
2009-12,ASN00094220,-42.9858,147.0742,556
2009-12,ASN00094221,-42.8514,147.6211,514
2009-12,ASN00094222,-42.9742,147.295,494
2009-12,ASN00094223,-42.97,147.3303,486
2009-12,ASN00094231,-42.9639,147.2022,552
2009-12,ASN00094232,-42.8367,147.1931,534
2009-12,ASN00094233,-42.6933,147.2617,500
2009-12,ASN00094236,-43.3692,147.3442,451
2009-12,ASN00094237,-42.9372,147.1378,506
2009-12,ASN00094219,-43.1547,147.0539,452
2009-12,ASN00094239,-42.9639,147.2428,574
2009-12,ASN00094175,-42.9725,147.0342,514
2009-12,ASN00094169,-43.0433,147.8667,312
2009-12,ASN00094027,-43.4144,146.8731,262
2009-12,ASN00094029,-42.8897,147.3278,586
2009-12,ASN00094030,-42.8667,147.3322,569
2009-12,ASN00094039,-43.3583,147.2342,360
2009-12,ASN00094040,-43.1983,147.0658,416
2009-12,ASN00094041,-43.6578,146.2711,828
2009-12,ASN00094043,-43.2319,147.2547,532
2009-12,ASN00094048,-42.9981,147.4056,536
2009-12,ASN00094061,-42.9264,147.5203,162
2009-12,ASN00094172,-42.6531,147.3589,518
2009-12,ASN00094064,-42.7619,147.6197,662
2009-12,ASN00094071,-43.0153,147.9117,584
2009-12,ASN00094082,-42.8569,147.4386,648
2009-12,ASN00094087,-42.8967,147.235,630
2009-12,ASN00094097,-42.5436,147.5664,552
2009-12,ASN00094111,-42.9519,147.3496,590
2009-12,ASN00094125,-43.0239,147.255,486
2009-12,ASN00094130,-42.7469,147.5511,658
2009-12,ASN00094151,-42.9742,147.1692,666
2009-12,ASN00094155,-43.2397,148.0025,682
2009-12,ASN00094068,-43.1547,147.2386,534
2009-12,ASN00094025,-42.8494,147.2547,580
2009-12,ASN00095001,-42.3883,147.0061,272
2009-12,ASN00095012,-42.4814,146.7114,216
2009-12,ASN00097072,-42.155,145.2908,1234
2009-12,ASN00097080,-42.985,145.5022,944
2009-12,ASN00097083,-43.0425,146.2722,1396
2009-12,ASN00097085,-41.8444,145.5419,3780
2009-12,ASN00097091,-42.0961,145.5456,2310
2009-12,ASN00098000,-40.0092,144.1111,422
2009-12,ASN00098004,-39.9097,144.0986,462
2009-12,ASN00098011,-39.9283,143.8525,340
2009-12,ASN00098017,-39.88,143.8831,374
2009-12,ASN00097061,-42.7428,145.9811,956
2009-12,ASN00098023,-39.9647,144.0772,380
2009-12,ASN00099005,-40.0911,148.0024,247
2009-12,ASN00099014,-40.0194,148.1825,364
2009-12,ASN00099021,-40.1558,148.1853,360
2009-12,ASN00099023,-40.1883,148.1178,430
2009-12,ASN00099025,-40.2319,148.19,294
2009-12,ASN00109501,-32.938,116.024,0
2009-12,ASN00109505,-33.5958,115.8186,6
2009-12,ASN00109507,-33.444,115.8536,18
2009-12,ASN00041053,-27.3675,151.5897,910
2009-12,ASN00099000,-40.3706,148.0231,304
2009-12,ASN00095003,-42.7097,146.8983,302
2009-12,ASN00097054,-41.8822,145.3358,1500
2009-12,ASN00097024,-43.0609,146.704,1184
2009-12,ASN00095016,-42.3367,146.7475,298
2009-12,ASN00095046,-42.3811,147.0036,246
2009-12,ASN00095047,-42.3961,146.4897,436
2009-12,ASN00095048,-42.4842,146.7106,216
2009-12,ASN00095069,-42.8069,147.1144,594
2009-12,ASN00095072,-42.8033,146.9878,416
2009-12,ASN00095074,-42.7414,147.0489,434
2009-12,ASN00095077,-42.6894,146.7122,301
2009-12,ASN00095079,-42.8458,147.0294,424
2009-12,ASN00097047,-41.4892,145.2083,1276
2009-12,ASN00096002,-42.1419,146.4931,360
2009-12,ASN00096038,-42.0572,147.286,380
2009-12,ASN00096046,-41.9822,146.7228,204
2009-12,ASN00096069,-42.1289,146.2156,846
2009-12,ASN00096070,-42.2558,146.8753,222
2009-12,ASN00096071,-42.1178,146.1772,1162
2009-12,ASN00096077,-41.5958,145.9311,1359
2009-12,ASN00097000,-42.1986,145.17,848
2009-12,ASN00097006,-41.9933,145.5725,0
2009-12,ASN00097020,-42.0056,145.5419,562
2009-12,ASN00096033,-41.8997,146.6694,208
2009-12,ASN00094022,-43.0431,147.4133,446
2009-12,ASN00094020,-43.3167,147.0075,286
2009-12,ASN00094010,-43.4892,147.1453,430
2009-12,ASN00091266,-41.3972,146.4953,336
2009-12,ASN00091267,-41.6494,146.6154,352
2009-12,ASN00091271,-41.3959,147.3006,352
2009-12,ASN00091286,-41.1208,146.8275,232
2009-12,ASN00091288,-41.6706,146.7278,143
2009-12,ASN00091290,-41.6308,146.7,284
2009-12,ASN00091291,-41.3886,146.3219,362
2009-12,ASN00091292,-40.8347,145.0847,354
2009-12,ASN00091293,-41.0556,146.7856,228
2009-12,ASN00091263,-41.4889,147.2326,238
2009-12,ASN00091299,-41.2431,147.4436,474
2009-12,ASN00091305,-41.3144,147.3803,408
2009-12,ASN00091306,-41.7256,147.0794,268
2009-12,ASN00091311,-41.5492,147.2144,234
2009-12,ASN00091312,-41.4406,146.1228,394
2009-12,ASN00091315,-41.51,147.0511,156
2009-12,ASN00091317,-41.5136,147.2028,238
2009-12,ASN00091321,-41.3961,145.9342,532
2009-12,ASN00091325,-41.7292,147.2358,278
2009-12,ASN00091332,-41.3528,146.4164,294
2009-12,ASN00091304,-41.1164,145.8619,0
2009-12,ASN00091340,-41.3592,147.01,196
2009-12,ASN00091262,-41.1333,146.8461,180
2009-12,ASN00091259,-41.1492,145.1517,820
2009-12,ASN00091107,-40.9972,145.7292,140
2009-12,ASN00091109,-41.1428,145.7058,454
2009-12,ASN00091118,-41.5664,147.2444,258
2009-12,ASN00091121,-40.9431,147.5922,222
2009-12,ASN00091126,-41.1708,146.4267,202
2009-12,ASN00091150,-41.6419,146.5244,374
2009-12,ASN00091153,-41.3356,146.2797,394
2009-12,ASN00091156,-41.4717,146.6456,414
2009-12,ASN00091161,-41.3886,146.5861,190
2009-12,ASN00091260,-41.4883,146.9047,192
2009-12,ASN00091171,-41.2708,146.5481,232
2009-12,ASN00091197,-41.4864,147.4386,328
2009-12,ASN00091198,-41.3917,147.4242,664
2009-12,ASN00091219,-41.1708,147.4883,368
2009-12,ASN00091223,-40.9089,144.7094,460
2009-12,ASN00091227,-41.5267,146.6583,494
2009-12,ASN00091236,-41.5128,146.8303,240
2009-12,ASN00091237,-41.4194,147.1222,231
2009-12,ASN00091245,-40.6828,144.69,400
2009-12,ASN00091255,-41.2339,146.9294,256
2009-12,ASN00091186,-41.2039,146.265,156
2009-12,ASN00091341,-41.3428,146.8964,254
2009-12,ASN00091346,-41.2336,147.2064,278
2009-12,ASN00092001,-41.9525,148.1839,744
2009-12,ASN00092120,-41.3381,148.2792,308
2009-12,ASN00092123,-40.7292,148.125,256
2009-12,ASN00092124,-42.6619,148.0181,572
2009-12,ASN00092129,-41.0458,148.2592,334
2009-12,ASN00092134,-41.1256,147.8617,346
2009-12,ASN00093002,-42.3958,147.3042,32
2009-12,ASN00093007,-42.2664,147.5281,380
2009-12,ASN00093014,-42.3006,147.3711,262
2009-12,ASN00093033,-41.9347,147.4931,446
2009-12,ASN00092114,-41.9953,148.2794,504
2009-12,ASN00093040,-42.3075,147.1672,302
2009-12,ASN00093046,-42.305,147.5708,386
2009-12,ASN00093051,-42.0317,147.4907,426
2009-12,ASN00093052,-42.163,147.5805,524
2009-12,ASN00093053,-42.025,147.4953,450
2009-12,ASN00093055,-41.8658,147.4494,512
2009-12,ASN00093059,-41.9311,147.4256,598
2009-12,ASN00094001,-42.4158,147.1347,350
2009-12,ASN00094005,-42.7433,147.2372,424
2009-12,ASN00094008,-42.8339,147.5033,590
2009-12,ASN00093044,-41.8172,147.5664,296
2009-12,ASN00092113,-41.4136,148.2744,312
2009-12,ASN00092111,-41.4342,147.7192,646
2009-12,ASN00092109,-41.4622,147.57,494
2009-12,ASN00092002,-41.7792,147.7225,386
2009-12,ASN00092003,-41.8739,148.3036,567
2009-12,ASN00092005,-42.8122,147.8289,260
2009-12,ASN00092008,-42.0117,148.0747,602
2009-12,ASN00092010,-42.5844,148.0636,586
2009-12,ASN00092011,-40.9589,148.0086,272
2009-12,ASN00092014,-41.5308,148.1969,498
2009-12,ASN00092017,-42.7856,147.8086,622
2009-12,ASN00092019,-42.0067,147.7975,578
2009-12,ASN00092020,-41.82,147.9551,470
2009-12,ASN00092024,-41.4703,147.8919,274
2009-12,ASN00092027,-42.5519,147.8753,738
2009-12,ASN00092028,-42.5853,147.9142,618
2009-12,ASN00092030,-41.0825,147.9353,92
2009-12,ASN00092045,-40.9928,148.3467,234
2009-12,ASN00092047,-42.2708,147.6942,466
2009-12,ASN00092051,-41.27,147.9492,319
2009-12,ASN00092064,-41.5633,148.1414,304
2009-12,ASN00092067,-40.8586,148.0178,182
2009-12,ASN00092079,-42.2133,147.7831,678
2009-12,ASN00092099,-42.7153,147.7525,676
2009-12,ASN00091090,-41.4475,146.8744,240
2009-12,ASN00085298,-38.1072,147.1317,402
2009-12,ASN00085297,-37.9722,146.9856,348
2009-12,ASN00085293,-38.8957,145.9355,540
2009-12,ASN00075072,-33.9376,146.6062,600
2009-12,ASN00075079,-34.2502,146.1897,786
2009-12,ASN00075140,-34.1533,145.1409,350
2009-12,ASN00075142,-33.9247,145.5205,302
2009-12,ASN00075163,-33.3476,145.8703,450
2009-12,ASN00076000,-34.85,142.7811,128
2009-12,ASN00076012,-35.1702,143.0001,130
2009-12,ASN00076017,-35.1945,143.04,122
2009-12,ASN00076018,-35.1136,142.9194,80
2009-12,ASN00075071,-35.2119,144.816,186
2009-12,ASN00076031,-34.2358,142.0867,132
2009-12,ASN00076038,-35.2628,141.1789,336
2009-12,ASN00076043,-34.9272,142.1765,160
2009-12,ASN00076044,-35.1759,143.37,80
2009-12,ASN00076046,-35.167,143.2781,112
2009-12,ASN00076047,-35.0694,142.3158,184
2009-12,ASN00076050,-35.2555,143.3683,130
2009-12,ASN00076051,-34.362,141.9038,136
2009-12,ASN00076064,-35.1201,142.004,34
2009-12,ASN00076067,-34.3883,141.5954,144
2009-12,ASN00076037,-34.1928,141.5996,134
2009-12,ASN00076103,-35.189,142.3725,144
2009-12,ASN00075062,-34.8096,144.1654,124
2009-12,ASN00075049,-34.4456,144.1728,131
2009-12,ASN00074217,-34.7565,147.3482,548
2009-12,ASN00074234,-35.0371,147.1933,626
2009-12,ASN00074249,-34.8016,145.8904,246
2009-12,ASN00074258,-35.5575,144.9458,96
2009-12,ASN00074261,-34.531,146.9806,458
2009-12,ASN00074262,-35.7861,144.6002,86
2009-12,ASN00074264,-35.4091,147.2479,400
2009-12,ASN00074267,-33.9956,146.7683,50
2009-12,ASN00075004,-35.2847,144.5334,112
2009-12,ASN00075054,-35.2849,145.2098,132
2009-12,ASN00075007,-33.8436,144.9073,207
2009-12,ASN00075016,-33.9871,145.3904,278
2009-12,ASN00075017,-33.17,146.642,870
2009-12,ASN00075026,-34.442,145.5612,292
2009-12,ASN00075032,-33.4915,145.5249,440
2009-12,ASN00075039,-33.2833,146.3707,599
2009-12,ASN00075041,-34.2487,146.0695,776
2009-12,ASN00075042,-34.476,144.3013,248
2009-12,ASN00075044,-33.8192,145.6235,621
2009-12,ASN00075046,-35.0885,144.0349,86
2009-12,ASN00075012,-35.4201,144.6002,120
2009-12,ASN00074208,-35.6074,145.2012,72
2009-12,ASN00076105,-34.7164,143.1506,122
2009-12,ASN00076107,-35.2848,141.4949,276
2009-12,ASN00078040,-36.2882,141.7347,274
2009-12,ASN00078072,-36.3697,142.9709,302
2009-12,ASN00078086,-36.14,141.9878,304
2009-12,ASN00079002,-36.9532,143.1976,276
2009-12,ASN00079008,-36.9389,141.8714,218
2009-12,ASN00079016,-36.7281,142.7303,312
2009-12,ASN00079017,-36.7181,141.4729,202
2009-12,ASN00079019,-37.1847,142.8553,311
2009-12,ASN00079028,-36.6722,142.2991,328
2009-12,ASN00078038,-36.2705,142.2165,256
2009-12,ASN00079031,-36.9865,143.2727,326
2009-12,ASN00079036,-36.7416,141.9429,298
2009-12,ASN00079037,-36.9,143.1137,326
2009-12,ASN00079039,-36.9065,143.3384,300
2009-12,ASN00079040,-36.6189,143.2631,218
2009-12,ASN00079046,-37.0936,142.4344,358
2009-12,ASN00079050,-37.3162,142.6975,250
2009-12,ASN00079074,-37.1394,142.5196,392
2009-12,ASN00079075,-36.6287,142.6321,270
2009-12,ASN00079078,-37.0607,141.9882,268
2009-12,ASN00079032,-36.8612,142.9332,248
2009-12,ASN00076106,-35.2484,141.0808,370
2009-12,ASN00078015,-36.3092,141.6486,256
2009-12,ASN00078010,-36.4644,142.0327,284
2009-12,ASN00076109,-35.3678,141.0625,336
2009-12,ASN00076133,-34.1051,141.0166,140
2009-12,ASN00077001,-35.9809,143.6479,128
2009-12,ASN00077005,-35.6367,142.995,128
2009-12,ASN00077008,-35.9244,142.851,186
2009-12,ASN00077009,-35.5504,142.9207,200
2009-12,ASN00077010,-35.7151,142.3569,286
2009-12,ASN00077014,-35.717,143.1074,104
2009-12,ASN00077015,-35.5574,142.5432,68
2009-12,ASN00078013,-36.3986,141.8797,292
2009-12,ASN00077025,-35.4609,143.6286,76
2009-12,ASN00077033,-35.3833,142.1869,194
2009-12,ASN00077034,-35.9296,143.4992,110
2009-12,ASN00077039,-35.5046,142.8493,128
2009-12,ASN00077040,-35.5254,142.7267,154
2009-12,ASN00077052,-35.6803,142.6664,188
2009-12,ASN00077079,-36.0086,143.3719,160
2009-12,ASN00077082,-35.9338,142.2805,328
2009-12,ASN00077088,-35.987,142.915,282
2009-12,ASN00077094,-35.3766,143.5416,86
2009-12,ASN00077028,-35.7955,142.8768,180
2009-12,ASN00074205,-35.162,147.0274,356
2009-12,ASN00074202,-34.8504,146.9778,602
2009-12,ASN00074188,-35.6724,147.0361,302
2009-12,ASN00072043,-35.778,148.0141,928
2009-12,ASN00072044,-35.3194,148.2341,614
2009-12,ASN00072050,-36.0355,147.2707,338
2009-12,ASN00072053,-35.7542,147.8445,664
2009-12,ASN00072056,-35.3947,148.247,518
2009-12,ASN00072078,-35.6767,147.5178,432
2009-12,ASN00072080,-35.7226,147.9291,708
2009-12,ASN00072082,-35.5528,147.9827,750
2009-12,ASN00072089,-35.9784,148.0855,608
2009-12,ASN00072042,-35.2765,147.7362,450
2009-12,ASN00072091,-35.9383,148.3842,510
2009-12,ASN00072101,-35.7112,147.4859,392
2009-12,ASN00072141,-35.725,148.4915,290
2009-12,ASN00072142,-35.72,147.3103,322
2009-12,ASN00072146,-36.0692,146.9534,135
2009-12,ASN00072150,-35.1583,147.4573,664
2009-12,ASN00072152,-35.317,148.433,1022
2009-12,ASN00072156,-35.9333,147.7167,38
2009-12,ASN00072159,-35.3019,147.9402,674
2009-12,ASN00072160,-36.069,146.9509,150
2009-12,ASN00072098,-35.3448,148.3837,192
2009-12,ASN00072161,-35.9371,148.3779,482
2009-12,ASN00072023,-36.1039,147.0329,172
2009-12,ASN00071041,-36.5031,148.304,1356
2009-12,ASN00070278,-36.2318,149.1243,314
2009-12,ASN00070299,-36.1827,149.3467,396
2009-12,ASN00070307,-35.2459,149.1068,876
2009-12,ASN00070308,-35.3757,149.087,834
2009-12,ASN00070309,-36.9131,149.0372,432
2009-12,ASN00070326,-37.1475,149.1496,630
2009-12,ASN00070328,-37.0016,149.2336,476
2009-12,ASN00070330,-34.8085,149.7312,858
2009-12,ASN00070334,-35.1138,149.9624,1014
2009-12,ASN00072004,-35.5203,148.1453,746
2009-12,ASN00070335,-35.2,149.955,650
2009-12,ASN00070340,-35.1837,149.1122,846
2009-12,ASN00070346,-35.1889,149.251,904
2009-12,ASN00070348,-35.8618,149.1321,706
2009-12,ASN00070349,-35.5293,148.7721,1114
2009-12,ASN00071000,-35.9962,148.7693,516
2009-12,ASN00071005,-36.5029,148.835,344
2009-12,ASN00071019,-36.5067,148.8281,318
2009-12,ASN00071021,-36.4818,148.5873,480
2009-12,ASN00071032,-36.4917,148.2859,1080
2009-12,ASN00070339,-35.4184,149.0937,984
2009-12,ASN00072162,-36.2304,148.1405,518
2009-12,ASN00072163,-35.899,148.1821,818
2009-12,ASN00072169,-35.7108,148.0026,924
2009-12,ASN00074000,-34.3567,146.9032,865
2009-12,ASN00074002,-34.3479,147.2208,732
2009-12,ASN00074005,-34.2849,146.5714,524
2009-12,ASN00074034,-35.9887,146.3574,196
2009-12,ASN00074037,-34.6223,146.4328,574
2009-12,ASN00074040,-34.8814,145.7595,190
2009-12,ASN00074042,-35.6408,145.5762,144
2009-12,ASN00074050,-34.738,146.7825,103
2009-12,ASN00074053,-35.5168,147.0344,90
2009-12,ASN00073151,-34.4292,147.5111,436
2009-12,ASN00074055,-35.3475,145.7257,284
2009-12,ASN00074088,-35.5579,146.1653,220
2009-12,ASN00074104,-35.2683,147.1142,478
2009-12,ASN00074106,-35.817,145.6004,82
2009-12,ASN00074110,-35.3305,146.2652,154
2009-12,ASN00074118,-34.5139,146.1848,368
2009-12,ASN00074126,-35.385,147.0558,334
2009-12,ASN00074127,-35.1069,147.3636,790
2009-12,ASN00074129,-35.7228,144.7865,82
2009-12,ASN00074162,-34.9349,146.3031,298
2009-12,ASN00074087,-35.3342,146.0342,240
2009-12,ASN00073142,-34.6299,148.0364,780
2009-12,ASN00073141,-35.0479,148.1075,670
2009-12,ASN00073138,-34.2493,148.2475,1284
2009-12,ASN00073000,-34.1442,147.386,940
2009-12,ASN00073007,-34.9997,148.5984,1088
2009-12,ASN00073014,-33.9029,148.1718,1310
2009-12,ASN00073017,-34.0824,148.365,776
2009-12,ASN00073019,-34.8456,147.5714,564
2009-12,ASN00073021,-34.0391,148.5552,1221
2009-12,ASN00073022,-34.6479,148.1606,970
2009-12,ASN00073025,-34.791,147.5592,486
2009-12,ASN00073029,-34.5495,148.3493,1160
2009-12,ASN00073032,-34.0112,147.7937,1022
2009-12,ASN00073037,-34.444,147.533,534
2009-12,ASN00073043,-34.4918,148.1266,1563
2009-12,ASN00073044,-35.0581,147.753,519
2009-12,ASN00073051,-34.2054,148.5533,1118
2009-12,ASN00073054,-33.9262,147.2418,1288
2009-12,ASN00073100,-33.9119,148.4383,1450
2009-12,ASN00073109,-34.425,148.5408,1242
2009-12,ASN00073110,-33.9462,148.0775,614
2009-12,ASN00073113,-34.1985,148.0047,1057
2009-12,ASN00073115,-35.1687,148.2311,805
2009-12,ASN00073129,-34.1567,148.6857,1422
2009-12,ASN00079079,-36.7913,143.1207,298
2009-12,ASN00079097,-37.1169,141.8031,276
2009-12,ASN00079099,-37.0222,141.2657,272
2009-12,ASN00079100,-36.6697,142.1731,266
2009-12,ASN00083091,-37.3016,146.1489,344
2009-12,ASN00084002,-37.1712,148.7228,592
2009-12,ASN00084003,-37.7073,147.8314,386
2009-12,ASN00084014,-37.106,148.6862,364
2009-12,ASN00084015,-37.3757,147.8373,480
2009-12,ASN00084016,-37.5679,149.9158,234
2009-12,ASN00084025,-37.8507,147.7664,446
2009-12,ASN00084035,-37.2618,147.7229,434
2009-12,ASN00084039,-37.0707,148.5906,320
2009-12,ASN00083090,-37.1017,147.6008,330
2009-12,ASN00084044,-37.0071,148.2666,476
2009-12,ASN00084084,-37.5976,149.7289,320
2009-12,ASN00084093,-37.7132,148.3954,526
2009-12,ASN00084096,-37.5455,148.1357,600
2009-12,ASN00084100,-37.8333,147.6206,474
2009-12,ASN00084107,-37.0826,148.2791,498
2009-12,ASN00084109,-37.5006,148.2717,442
2009-12,ASN00084118,-37.49,147.1658,552
2009-12,ASN00084122,-37.4772,149.6386,250
2009-12,ASN00084128,-37.3564,149.2058,590
2009-12,ASN00084045,-37.8526,148.0638,368
2009-12,ASN00084134,-37.3397,148.712,536
2009-12,ASN00083085,-36.9767,147.1342,664
2009-12,ASN00083083,-36.7396,146.4671,240
2009-12,ASN00082165,-36.9502,146.0095,220
2009-12,ASN00082166,-36.4186,146.5572,210
2009-12,ASN00082167,-36.5344,146.2181,180
2009-12,ASN00082169,-36.1828,147.8938,338
2009-12,ASN00083000,-36.9064,146.2389,456
2009-12,ASN00083003,-36.9456,147.7407,360
2009-12,ASN00083010,-36.6344,146.8628,290
2009-12,ASN00083019,-37.0525,146.0872,224
2009-12,ASN00083024,-37.145,146.4394,1142
2009-12,ASN00083084,-36.8708,147.2755,578
2009-12,ASN00083032,-36.8473,146.3225,354
2009-12,ASN00083035,-36.9257,147.423,388
2009-12,ASN00083038,-36.6566,147.1283,310
2009-12,ASN00083043,-36.8756,147.2886,648
2009-12,ASN00083057,-36.6074,146.7888,600
2009-12,ASN00083058,-36.8547,146.8581,238
2009-12,ASN00083064,-36.941,147.7779,368
2009-12,ASN00083067,-36.7313,146.9614,263
2009-12,ASN00083077,-37.0322,146.3508,622
2009-12,ASN00083079,-36.7132,146.6717,308
2009-12,ASN00083033,-37.5696,146.2541,624
2009-12,ASN00084140,-37.7962,147.7559,434
2009-12,ASN00084142,-37.22,148.2625,624
2009-12,ASN00084143,-37.3417,149.0228,618
2009-12,ASN00085160,-38.4191,146.9656,399
2009-12,ASN00085163,-38.7915,146.1799,454
2009-12,ASN00085166,-37.9582,147.0843,324
2009-12,ASN00085167,-38.0229,147.3511,359
2009-12,ASN00085168,-37.8345,147.0819,262
2009-12,ASN00085179,-38.1033,145.9718,603
2009-12,ASN00085195,-38.0654,146.1689,576
2009-12,ASN00085200,-38.4323,145.7919,692
2009-12,ASN00085227,-38.5215,146.2041,746
2009-12,ASN00085137,-38.7205,145.9011,532
2009-12,ASN00085238,-37.9532,146.3898,744
2009-12,ASN00085276,-37.8039,146.8842,80
2009-12,ASN00085277,-37.9039,145.9719,652
2009-12,ASN00085279,-37.8817,147.5669,502
2009-12,ASN00085280,-38.2094,146.4747,562
2009-12,ASN00085281,-38.3245,146.5301,552
2009-12,ASN00085288,-37.4667,146.6883,512
2009-12,ASN00085289,-37.8514,146.555,552
2009-12,ASN00085291,-37.8383,146.2747,1004
2009-12,ASN00085292,-37.8897,145.9958,806
2009-12,ASN00085270,-37.7647,147.3744,712
2009-12,ASN00085096,-39.1297,146.4244,602
2009-12,ASN00085085,-38.2181,146.1658,694
2009-12,ASN00085073,-38.3183,147.1752,546
2009-12,ASN00084144,-37.6924,148.0908,604
2009-12,ASN00084145,-37.6922,148.4667,580
2009-12,ASN00084147,-37.8164,147.5714,486
2009-12,ASN00084148,-37.8385,147.8312,458
2009-12,ASN00085007,-38.4307,146.5398,688
2009-12,ASN00085009,-38.1951,146.5293,506
2009-12,ASN00085021,-37.7,146.5167,762
2009-12,ASN00085023,-38.1383,145.86,628
2009-12,ASN00085028,-38.72,146.0633,650
2009-12,ASN00085029,-38.652,146.1997,548
2009-12,ASN00085030,-38.4455,146.2699,732
2009-12,ASN00085033,-38.4228,147.0864,364
2009-12,ASN00085034,-37.9085,146.8046,248
2009-12,ASN00085040,-38.6911,146.1486,680
2009-12,ASN00085042,-38.022,145.8884,798
2009-12,ASN00085045,-38.435,145.8178,700
2009-12,ASN00085049,-38.4842,145.9329,631
2009-12,ASN00085053,-38.506,146.5187,500
2009-12,ASN00085058,-37.5277,146.5458,332
2009-12,ASN00085063,-38.6079,146.3185,704
2009-12,ASN00085072,-38.1156,147.1322,370
2009-12,ASN00082163,-36.6364,146.5547,222
2009-12,ASN00070263,-34.7495,149.7034,924
2009-12,ASN00082162,-36.5775,146.8203,326
2009-12,ASN00082156,-36.7903,146.28,254
2009-12,ASN00081007,-36.4565,145.6569,120
2009-12,ASN00081008,-36.5421,144.7751,172
2009-12,ASN00081016,-36.4963,144.6096,167
2009-12,ASN00081019,-36.718,145.1731,162
2009-12,ASN00081020,-36.5753,143.8695,210
2009-12,ASN00081033,-36.6436,145.4197,118
2009-12,ASN00081034,-36.3989,145.3448,118
2009-12,ASN00081035,-36.6146,145.2143,116
2009-12,ASN00081041,-36.534,144.208,158
2009-12,ASN00081000,-37.0887,143.4747,248
2009-12,ASN00081046,-36.4436,144.9828,112
2009-12,ASN00081063,-37.0833,143.4833,212
2009-12,ASN00081083,-36.8465,144.5273,192
2009-12,ASN00081085,-36.8589,143.7297,246
2009-12,ASN00081087,-36.2567,146.0433,128
2009-12,ASN00081090,-36.7446,143.6788,222
2009-12,ASN00081100,-36.7682,143.9866,192
2009-12,ASN00081115,-36.6284,144.8726,202
2009-12,ASN00081118,-36.8093,144.6203,174
2009-12,ASN00081120,-36.5886,145.0198,30
2009-12,ASN00081049,-36.4378,145.2672,126
2009-12,ASN00081123,-36.7395,144.3266,190
2009-12,ASN00080128,-36.2847,143.3341,302
2009-12,ASN00080125,-35.8876,145.3879,42
2009-12,ASN00079103,-37.295,142.6039,482
2009-12,ASN00079105,-37.068,142.7412,278
2009-12,ASN00079107,-36.8132,141.2599,208
2009-12,ASN00080002,-36.116,143.7229,144
2009-12,ASN00080004,-35.9741,143.8525,74
2009-12,ASN00080015,-36.1647,144.7642,110
2009-12,ASN00080017,-36.0407,143.9403,108
2009-12,ASN00080020,-35.9661,144.3712,84
2009-12,ASN00080023,-35.7236,143.9197,84
2009-12,ASN00080126,-35.7175,143.9111,76
2009-12,ASN00080024,-35.8674,143.8007,114
2009-12,ASN00080036,-35.9681,144.1073,122
2009-12,ASN00080044,-35.9977,144.4244,86
2009-12,ASN00080049,-36.3613,144.7108,124
2009-12,ASN00080056,-36.2497,144.9531,84
2009-12,ASN00080067,-36.2717,143.3453,274
2009-12,ASN00080091,-36.335,145.0638,92
2009-12,ASN00080101,-36.0918,145.4531,124
2009-12,ASN00080103,-36.3794,144.2299,154
2009-12,ASN00080109,-35.9119,145.6447,64
2009-12,ASN00080027,-36.3203,143.735,196
2009-12,ASN00081124,-36.0294,146.0306,88
2009-12,ASN00081125,-36.4289,145.3947,108
2009-12,ASN00081127,-36.8867,143.5022,228
2009-12,ASN00082109,-36.6133,146.1131,180
2009-12,ASN00082112,-36.6533,146.8567,328
2009-12,ASN00082116,-36.6083,146.3583,174
2009-12,ASN00082128,-36.5131,146.4483,152
2009-12,ASN00082134,-36.6936,145.8785,212
2009-12,ASN00082138,-36.4206,146.3056,126
2009-12,ASN00082139,-36.2136,147.5394,412
2009-12,ASN00082140,-36.8542,145.9381,232
2009-12,ASN00082142,-36.9461,146.2197,430
2009-12,ASN00082105,-36.8314,146.3982,300
2009-12,ASN00082143,-36.7861,145.6581,290
2009-12,ASN00082145,-36.8753,145.5783,170
2009-12,ASN00082146,-36.9322,145.5842,192
2009-12,ASN00082147,-36.9217,145.6769,232
2009-12,ASN00082148,-36.8278,145.8494,36
2009-12,ASN00082149,-36.7858,145.5683,98
2009-12,ASN00082151,-36.8628,145.7333,248
2009-12,ASN00082153,-36.8206,145.705,304
2009-12,ASN00082154,-36.8892,145.6814,356
2009-12,ASN00082155,-36.8211,146.1278,200
2009-12,ASN00082144,-36.8167,145.64,100
2009-12,ASN00082103,-36.0243,147.5475,354
2009-12,ASN00082096,-36.9005,145.5228,220
2009-12,ASN00082090,-36.4793,147.0297,155
2009-12,ASN00082001,-36.3702,146.7132,324
2009-12,ASN00082009,-36.6085,146.5371,202
2009-12,ASN00082010,-36.1491,146.6106,77
2009-12,ASN00082015,-36.3084,146.5229,205
2009-12,ASN00082016,-36.7545,145.5727,310
2009-12,ASN00082018,-36.7691,147.6956,336
2009-12,ASN00082021,-36.0964,146.6008,127
2009-12,ASN00082029,-36.456,146.4299,128
2009-12,ASN00082033,-36.6975,146.2852,236
2009-12,ASN00082039,-36.1047,146.5094,160
2009-12,ASN00082041,-36.1859,146.4694,142
2009-12,ASN00082042,-36.8472,145.7308,302
2009-12,ASN00082043,-36.7872,145.8225,264
2009-12,ASN00082049,-36.6425,145.7234,154
2009-12,ASN00082052,-35.9645,147.7374,402
2009-12,ASN00082057,-36.3025,146.7299,220
2009-12,ASN00082058,-36.3111,146.8381,223
2009-12,ASN00082068,-36.5293,147.3749,216
2009-12,ASN00082076,-36.5353,147.4984,286
2009-12,ASN00082083,-36.804,145.418,176
2009-12,ASN00082084,-36.7136,145.7603,236
2009-12,ASN00082158,-36.7478,146.5362,270
2009-12,ASN00041052,-26.6928,151.0964,548
2009-12,ASN00093049,-42.3696,147.4631,318
2009-12,ASN00041047,-28.4147,151.0828,983
2009-12,ASN00014932,-14.5229,132.3826,1546
2009-12,ASN00014947,-14.0106,132.2084,1382
2009-12,ASN00014948,-14.2495,129.5282,1126
2009-12,ASN00014949,-15.7442,131.9182,1308
2009-12,ASN00014950,-14.1243,132.6378,1884
2009-12,ASN00014954,-14.9408,130.8092,2166
2009-12,ASN00014955,-14.3202,132.4226,4509
2009-12,ASN00014956,-13.9487,131.3191,1813
2009-12,ASN00014962,-14.254,132.7357,2832
2009-12,ASN00014927,-14.3731,132.1566,2912
2009-12,ASN00014965,-14.1882,132.3961,184
2009-12,ASN00014967,-14.3055,132.0772,2408
2009-12,ASN00015085,-18.637,135.945,1338
2009-12,ASN00015088,-19.0579,136.7066,780
2009-12,ASN00015123,-18.8689,134.4991,16
2009-12,ASN00015131,-17.5521,133.5407,1206
2009-12,ASN00015135,-19.6423,134.1833,582
2009-12,ASN00015139,-19.933,134.3548,279
2009-12,ASN00015501,-23.1273,133.836,0
2009-12,ASN00015511,-25.3139,131.7571,145
2009-12,ASN00014966,-14.3148,132.4248,3734
2009-12,ASN00015521,-23.2837,134.4229,192
2009-12,ASN00014925,-13.7352,131.0437,600
2009-12,ASN00014902,-14.4589,132.2572,680
2009-12,ASN00014704,-16.4423,136.076,574
2009-12,ASN00014719,-15.5789,135.4271,834
2009-12,ASN00014723,-16.0757,136.3041,276
2009-12,ASN00014729,-15.6293,136.3881,580
2009-12,ASN00014730,-14.1055,133.3422,1472
2009-12,ASN00014803,-15.2085,129.4502,1130
2009-12,ASN00014816,-15.7372,131.5345,1758
2009-12,ASN00014821,-16.4583,129.0058,743
2009-12,ASN00014824,-16.1196,130.4282,330
2009-12,ASN00014909,-13.3275,133.0861,2760
2009-12,ASN00014825,-16.403,131.0145,650
2009-12,ASN00014840,-17.3871,131.1166,2092
2009-12,ASN00014847,-16.1176,130.9558,834
2009-12,ASN00014853,-15.97,129.0407,1102
2009-12,ASN00014856,-18.3902,129.4299,850
2009-12,ASN00014857,-19.2798,129.9422,1646
2009-12,ASN00014864,-16.3541,131.5147,1202
2009-12,ASN00014866,-17.6129,130.0713,1320
2009-12,ASN00014868,-16.8525,131.1597,2470
2009-12,ASN00014901,-13.8345,131.1872,1768
2009-12,ASN00014829,-18.3325,130.6358,800
2009-12,ASN00014703,-15.7426,136.8192,710
2009-12,ASN00015537,-20.5003,134.662,344
2009-12,ASN00015585,-21.7498,135.2382,330
2009-12,ASN00016021,-31.2609,135.2374,0
2009-12,ASN00016028,-30.0047,136.0445,100
2009-12,ASN00016030,-30.1809,135.6629,150
2009-12,ASN00016031,-30.2406,133.9885,110
2009-12,ASN00016032,-32.5226,136.4926,26
2009-12,ASN00016034,-32.1572,135.0722,33
2009-12,ASN00016035,-30.4027,136.392,112
2009-12,ASN00016055,-32.3792,135.5247,26
2009-12,ASN00016056,-32.1232,137.1505,14
2009-12,ASN00016006,-29.9434,134.1506,100
2009-12,ASN00016065,-30.449,137.1692,84
2009-12,ASN00016090,-29.0347,134.7222,188
2009-12,ASN00016095,-26.2085,133.8545,550
2009-12,ASN00016096,-30.4829,136.8772,166
2009-12,ASN00016097,-26.2635,132.1771,776
2009-12,ASN00016098,-30.7051,134.5786,48
2009-12,ASN00017014,-31.0939,138.6786,96
2009-12,ASN00017024,-30.066,138.2739,134
2009-12,ASN00017032,-30.9904,138.5787,272
2009-12,ASN00017037,-29.239,137.9058,308
2009-12,ASN00016086,-31.7646,135.6494,6
2009-12,ASN00015548,-20.1883,130.0161,800
2009-12,ASN00016005,-32.3997,137.225,8
2009-12,ASN00015673,-23.5312,134.3743,98
2009-12,ASN00015590,-23.7951,133.889,110
2009-12,ASN00015594,-23.4564,134.6849,254
2009-12,ASN00015602,-22.9494,136.1442,324
2009-12,ASN00015607,-22.1305,132.0812,184
2009-12,ASN00015611,-22.7228,131.1685,482
2009-12,ASN00015617,-24.1313,134.3737,30
2009-12,ASN00015618,-22.2747,137.9733,396
2009-12,ASN00015623,-23.6938,134.0354,46
2009-12,ASN00015626,-22.3961,134.2335,142
2009-12,ASN00016001,-31.1558,136.8054,58
2009-12,ASN00015633,-24.0636,132.7444,106
2009-12,ASN00015643,-22.4518,133.6377,280
2009-12,ASN00015652,-24.2914,131.5488,260
2009-12,ASN00015653,-22.9689,134.2415,222
2009-12,ASN00015660,-25.3602,131.0196,510
2009-12,ASN00015661,-22.2109,134.1182,52
2009-12,ASN00015664,-23.27,129.38,0
2009-12,ASN00015666,-20.1824,130.0148,798
2009-12,ASN00015667,-23.6338,132.7311,257
2009-12,ASN00015669,-21.5142,133.9933,455
2009-12,ASN00015635,-25.1896,130.9737,398
2009-12,ASN00014654,-14.3295,133.1176,3146
2009-12,ASN00014652,-14.5264,132.8006,2254
2009-12,ASN00014651,-13.8269,133.3277,1592
2009-12,ASN00012141,-30.0242,119.28,64
2009-12,ASN00012152,-31.2617,120.0219,16
2009-12,ASN00012223,-33.2242,121.3544,82
2009-12,ASN00012239,-28.4967,119.7436,139
2009-12,ASN00012305,-28.6133,122.4236,14
2009-12,ASN00012306,-33.5239,122.9469,170
2009-12,ASN00012308,-33.3356,122.0697,0
2009-12,ASN00012314,-27.8386,120.7031,132
2009-12,ASN00012320,-31.2353,119.3564,70
2009-12,ASN00012117,-31.2186,121.6181,188
2009-12,ASN00013005,-26.2225,121.5561,58
2009-12,ASN00013011,-26.1317,126.5839,192
2009-12,ASN00013015,-25.7964,122.9753,79
2009-12,ASN00013017,-25.0341,128.301,370
2009-12,ASN00013018,-26.1208,121.9403,0
2009-12,ASN00013024,-26.5172,122.8078,102
2009-12,ASN00013030,-21.7125,122.2281,816
2009-12,ASN00013032,-25.6361,121.3533,44
2009-12,ASN00013035,-27.0336,122.4439,94
2009-12,ASN00014013,-12.81,130.4576,4212
2009-12,ASN00013006,-26.4006,120.9539,76
2009-12,ASN00014015,-12.4239,130.8925,4572
2009-12,ASN00012107,-33.4225,121.9894,82
2009-12,ASN00012083,-31.3011,118.6922,80
2009-12,ASN00011003,-31.6797,128.8792,2
2009-12,ASN00011008,-31.8433,127.8572,210
2009-12,ASN00011017,-32.4569,123.8653,98
2009-12,ASN00011019,-32.2464,126.3008,240
2009-12,ASN00011022,-31.7117,128.8867,2
2009-12,ASN00011052,-30.8453,128.1092,256
2009-12,ASN00011053,-32.2028,127.5297,198
2009-12,ASN00012009,-32.2147,121.7547,68
2009-12,ASN00012011,-30.9869,119.1142,164
2009-12,ASN00012092,-28.5606,119.0161,52
2009-12,ASN00012025,-27.9331,120.0575,294
2009-12,ASN00012038,-30.7847,121.4533,10
2009-12,ASN00012043,-29.3361,121.4944,96
2009-12,ASN00012044,-33.5547,120.6997,104
2009-12,ASN00012045,-28.6306,122.4072,18
2009-12,ASN00012064,-31.3356,118.98,56
2009-12,ASN00012071,-32.9869,121.6239,54
2009-12,ASN00012072,-27.9875,119.2961,320
2009-12,ASN00012077,-32.8606,121.7081,66
2009-12,ASN00012079,-31.0381,119.3064,122
2009-12,ASN00012029,-32.0339,122.8017,179
2009-12,ASN00014040,-12.4227,130.8844,4523
2009-12,ASN00014041,-12.605,131.2988,3618
2009-12,ASN00014055,-13.481,131.1173,4266
2009-12,ASN00014274,-11.0468,132.9791,2332
2009-12,ASN00014275,-12.7164,131.8206,2786
2009-12,ASN00014277,-12.635,130.3725,4190
2009-12,ASN00014285,-12.3551,130.8857,1198
2009-12,ASN00014401,-11.6502,133.3796,2516
2009-12,ASN00014404,-12.0931,134.8919,660
2009-12,ASN00014405,-12.0569,134.2339,1504
2009-12,ASN00014508,-12.2741,136.8203,528
2009-12,ASN00014515,-12.5013,135.8001,2568
2009-12,ASN00014272,-13.0545,131.0252,5762
2009-12,ASN00014517,-11.9971,135.5726,612
2009-12,ASN00014602,-14.1394,134.4742,2123
2009-12,ASN00014612,-15.5748,133.2138,2474
2009-12,ASN00014621,-15.8087,134.1477,592
2009-12,ASN00014626,-16.2636,133.3782,1284
2009-12,ASN00014627,-13.6714,134.3414,1904
2009-12,ASN00014639,-15.9179,132.3831,2244
2009-12,ASN00014647,-15.2712,132.9127,4586
2009-12,ASN00014648,-14.134,133.1094,1434
2009-12,ASN00014650,-14.9147,133.127,2981
2009-12,ASN00014518,-13.9747,136.4631,2744
2009-12,ASN00014265,-12.4126,130.9202,1634
2009-12,ASN00014264,-12.7121,130.9889,5388
2009-12,ASN00014260,-12.4819,130.8978,1372
2009-12,ASN00014059,-14.0829,131.8099,2668
2009-12,ASN00014062,-14.1435,132.1925,2350
2009-12,ASN00014092,-13.2373,131.1042,5830
2009-12,ASN00014112,-12.3786,130.8469,5440
2009-12,ASN00014116,-12.4429,130.9325,3544
2009-12,ASN00014142,-11.4022,130.4217,6178
2009-12,ASN00014143,-12.8003,131.0507,4543
2009-12,ASN00014144,-12.3962,130.8785,2086
2009-12,ASN00014149,-12.4558,131.0505,3331
2009-12,ASN00014153,-11.1538,132.143,2393
2009-12,ASN00014163,-12.4396,130.8376,4669
2009-12,ASN00014183,-12.8324,130.9713,6623
2009-12,ASN00014198,-12.6594,132.8939,2460
2009-12,ASN00014204,-13.7578,131.574,2904
2009-12,ASN00014219,-12.5491,131.0794,3960
2009-12,ASN00014222,-12.6374,131.0763,5011
2009-12,ASN00014226,-12.5764,131.0829,5160
2009-12,ASN00014227,-12.3887,130.9248,4852
2009-12,ASN00014238,-12.4346,130.7491,3345
2009-12,ASN00014246,-12.3784,130.9057,3978
2009-12,ASN00014253,-13.1672,130.1225,5287
2009-12,ASN00017041,-30.9372,138.8919,142
2009-12,ASN00010917,-32.6722,116.6706,30
2009-12,ASN00017043,-27.5553,135.4456,412
2009-12,ASN00017089,-27.7205,138.2548,112
2009-12,ASN00021013,-33.1851,138.4968,126
2009-12,ASN00021015,-33.7045,138.2927,202
2009-12,ASN00021016,-33.353,138.2057,126
2009-12,ASN00021019,-33.8315,138.7917,166
2009-12,ASN00021020,-33.359,138.393,111
2009-12,ASN00021021,-33.2705,138.357,106
2009-12,ASN00021022,-33.4669,138.4424,138
2009-12,ASN00021024,-33.4595,138.7475,150
2009-12,ASN00021025,-33.8347,138.6532,236
2009-12,ASN00021012,-33.8682,138.01,178
2009-12,ASN00021027,-33.2036,138.6059,150
2009-12,ASN00021031,-33.1851,138.3001,158
2009-12,ASN00021033,-33.9136,138.7195,248
2009-12,ASN00021034,-33.5592,138.903,120
2009-12,ASN00021036,-33.5946,138.0832,180
2009-12,ASN00021042,-33.6029,137.9348,108
2009-12,ASN00021044,-34.1848,138.1478,218
2009-12,ASN00021045,-33.5407,138.2244,162
2009-12,ASN00021055,-33.2296,138.8844,56
2009-12,ASN00021057,-33.5707,138.4503,146
2009-12,ASN00021029,-33.5867,138.3343,184
2009-12,ASN00021060,-33.2025,138.6024,136
2009-12,ASN00021010,-33.7459,138.5628,214
2009-12,ASN00021004,-33.5643,138.7595,127
2009-12,ASN00019115,-33.0188,138.6153,78
2009-12,ASN00020000,-32.0498,140.162,90
2009-12,ASN00020001,-31.9695,140.5436,174
2009-12,ASN00020002,-32.076,140.9969,108
2009-12,ASN00020004,-31.6516,139.5491,88
2009-12,ASN00020013,-32.4292,139.9887,100
2009-12,ASN00020017,-32.4467,140.9233,36
2009-12,ASN00020020,-32.6416,139.6496,148
2009-12,ASN00020022,-33.2458,140.0345,128
2009-12,ASN00021007,-33.6947,138.4057,218
2009-12,ASN00020025,-33.5009,139.5154,172
2009-12,ASN00020043,-33.1873,139.6209,62
2009-12,ASN00020049,-31.6382,140.513,168
2009-12,ASN00020053,-32.1698,140.7959,114
2009-12,ASN00020055,-31.7484,140.3426,138
2009-12,ASN00020059,-31.6619,140.6289,150
2009-12,ASN00020062,-32.5707,139.5645,116
2009-12,ASN00021001,-34.026,138.6846,260
2009-12,ASN00021002,-34.1424,138.4225,216
2009-12,ASN00021003,-33.845,138.4901,220
2009-12,ASN00020028,-33.7622,140.1251,136
2009-12,ASN00019114,-32.4295,138.8922,134
2009-12,ASN00021062,-33.3041,138.7553,160
2009-12,ASN00021072,-33.3265,138.3172,150
2009-12,ASN00022023,-35.0203,137.6064,208
2009-12,ASN00022031,-34.748,137.5276,158
2009-12,ASN00022033,-34.4724,137.885,104
2009-12,ASN00022036,-34.7477,137.6309,148
2009-12,ASN00022044,-34.239,137.9883,164
2009-12,ASN00022046,-35.1121,137.7395,156
2009-12,ASN00022049,-35.2795,136.9392,154
2009-12,ASN00022050,-33.9703,137.6628,138
2009-12,ASN00022054,-34.5552,137.8581,164
2009-12,ASN00022022,-34.1447,138.0146,192
2009-12,ASN00022055,-34.6492,137.7272,162
2009-12,ASN00022803,-35.8426,138.1327,246
2009-12,ASN00022811,-35.5989,137.4386,162
2009-12,ASN00022823,-35.7549,136.5959,126
2009-12,ASN00022835,-35.734,137.1212,180
2009-12,ASN00022836,-35.8096,137.792,274
2009-12,ASN00022839,-35.9609,137.091,190
2009-12,ASN00022841,-35.7114,137.5231,206
2009-12,ASN00023005,-34.9464,138.6519,180
2009-12,ASN00023011,-34.9167,138.5956,200
2009-12,ASN00022056,-34.402,137.7185,84
2009-12,ASN00021063,-34.1564,138.1827,208
2009-12,ASN00022020,-33.9323,137.6282,166
2009-12,ASN00022017,-34.9122,137.7977,130
2009-12,ASN00021075,-33.7464,138.6058,186
2009-12,ASN00021076,-33.9309,138.814,194
2009-12,ASN00021077,-33.6781,138.9371,158
2009-12,ASN00021102,-33.35,138.102,142
2009-12,ASN00021104,-33.9943,138.4539,242
2009-12,ASN00021106,-33.953,138.3903,210
2009-12,ASN00021110,-33.7876,137.7068,176
2009-12,ASN00021120,-33.2549,138.7867,144
2009-12,ASN00021127,-33.8828,138.6389,268
2009-12,ASN00022018,-34.9906,137.3995,209
2009-12,ASN00021130,-34.1002,138.631,238
2009-12,ASN00021133,-33.7676,138.2182,170
2009-12,ASN00022003,-34.6981,137.7116,143
2009-12,ASN00022008,-34.3745,137.6733,142
2009-12,ASN00022009,-34.7708,137.5952,116
2009-12,ASN00022011,-34.0672,137.5925,132
2009-12,ASN00022012,-34.0402,137.9004,170
2009-12,ASN00022013,-34.4951,137.4836,90
2009-12,ASN00022014,-34.7785,137.8579,140
2009-12,ASN00022015,-34.2971,138.0014,154
2009-12,ASN00021131,-33.8226,138.5933,266
2009-12,ASN00019113,-31.448,138.4531,118
2009-12,ASN00019112,-33.023,138.0698,110
2009-12,ASN00019111,-31.4763,139.1134,152
2009-12,ASN00018077,-32.3752,133.9353,80
2009-12,ASN00018079,-32.7963,134.2116,20
2009-12,ASN00018083,-33.043,135.4519,56
2009-12,ASN00018086,-34.3756,136.1026,114
2009-12,ASN00018091,-34.2617,136.2092,128
2009-12,ASN00018094,-32.4035,134.5323,52
2009-12,ASN00018096,-33.6824,136.6831,110
2009-12,ASN00018098,-32.9475,135.2754,0
2009-12,ASN00018106,-31.4492,130.8976,152
2009-12,ASN00018069,-33.6501,134.888,75
2009-12,ASN00018107,-34.5911,135.7572,136
2009-12,ASN00018113,-33.965,136.2472,94
2009-12,ASN00018114,-30.1591,131.579,166
2009-12,ASN00018115,-35.3365,136.1174,44
2009-12,ASN00018116,-33.7081,136.5026,176
2009-12,ASN00018120,-33.0539,137.5205,146
2009-12,ASN00018144,-34.5424,135.6997,108
2009-12,ASN00018164,-33.6993,135.9238,98
2009-12,ASN00018165,-33.5733,135.602,51
2009-12,ASN00018166,-32.2811,134.4714,24
2009-12,ASN00018110,-30.6143,130.4136,244
2009-12,ASN00018171,-34.1361,135.3319,112
2009-12,ASN00018060,-31.7782,132.2038,78
2009-12,ASN00018046,-33.5679,135.7571,44
2009-12,ASN00017098,-31.1881,138.2785,144
2009-12,ASN00017099,-30.311,139.3357,120
2009-12,ASN00017110,-30.5963,138.4219,114
2009-12,ASN00017115,-29.1266,140.9018,230
2009-12,ASN00017119,-30.8406,138.3224,126
2009-12,ASN00017123,-28.0997,140.1956,308
2009-12,ASN00017126,-29.6587,138.0684,206
2009-12,ASN00017130,-29.7138,137.9017,202
2009-12,ASN00017131,-29.9062,139.7345,230
2009-12,ASN00018047,-32.0723,133.9401,22
2009-12,ASN00018001,-33.9118,136.5697,36
2009-12,ASN00018014,-33.7011,136.4937,196
2009-12,ASN00018019,-34.3853,135.4697,148
2009-12,ASN00018022,-33.6772,136.9116,155
2009-12,ASN00018023,-34.2644,135.7266,148
2009-12,ASN00018024,-33.4678,136.2113,140
2009-12,ASN00018034,-32.7324,137.1505,93
2009-12,ASN00018040,-33.1414,136.4125,40
2009-12,ASN00018043,-34.4139,135.8224,187
2009-12,ASN00018044,-33.1332,135.5552,72
2009-12,ASN00018012,-32.1297,133.6976,36
2009-12,ASN00018172,-32.921,135.9996,39
2009-12,ASN00018174,-33.7234,136.1511,46
2009-12,ASN00018176,-33.3416,136.7518,86
2009-12,ASN00019017,-31.8846,138.435,82
2009-12,ASN00019024,-32.8294,138.1907,62
2009-12,ASN00019031,-32.8776,139.0578,94
2009-12,ASN00019032,-32.7335,138.6135,20
2009-12,ASN00019034,-32.9737,138.8375,34
2009-12,ASN00019037,-33.0216,138.0002,79
2009-12,ASN00019038,-32.3538,138.0371,44
2009-12,ASN00019042,-32.8454,138.2116,48
2009-12,ASN00019043,-32.9495,138.5174,92
2009-12,ASN00019013,-32.5373,138.5626,64
2009-12,ASN00019046,-31.775,138.6529,94
2009-12,ASN00019048,-32.6521,138.1003,20
2009-12,ASN00019052,-33.0338,138.2686,123
2009-12,ASN00019053,-33.0856,138.2211,130
2009-12,ASN00019057,-32.552,138.8688,85
2009-12,ASN00019061,-32.0545,138.6427,100
2009-12,ASN00019062,-33.0287,138.7489,46
2009-12,ASN00019070,-31.5286,138.6093,82
2009-12,ASN00019078,-32.5172,137.8425,26
2009-12,ASN00019106,-32.627,139.1923,144
2009-12,ASN00019047,-32.6923,138.3247,20
2009-12,ASN00019010,-32.0695,138.4948,56
2009-12,ASN00019009,-32.4244,138.5304,16
2009-12,ASN00019008,-32.4618,138.2004,28
2009-12,ASN00018182,-31.9661,133.3316,70
2009-12,ASN00018184,-33.6125,136.3722,207
2009-12,ASN00018186,-32.5534,136.7123,0
2009-12,ASN00018188,-34.6252,135.4725,90
2009-12,ASN00018189,-33.7516,135.1863,114
2009-12,ASN00018190,-32.9004,136.1858,30
2009-12,ASN00018192,-34.5993,135.8784,100
2009-12,ASN00018193,-33.0267,136.3171,38
2009-12,ASN00018195,-32.8427,135.1515,34
2009-12,ASN00018198,-33.4138,136.5989,116
2009-12,ASN00018201,-32.5091,137.7144,60
2009-12,ASN00018203,-34.344,136.0471,146
2009-12,ASN00018204,-33.5879,134.8859,8
2009-12,ASN00018205,-34.7405,135.845,98
2009-12,ASN00018209,-33.8189,135.4857,70
2009-12,ASN00018213,-33.7412,135.0804,72
2009-12,ASN00018214,-32.9232,136.4778,76
2009-12,ASN00019001,-33.0524,138.4277,140
2009-12,ASN00019002,-32.2507,137.9776,28
2009-12,ASN00019005,-32.8247,138.6907,28
2009-12,ASN00019006,-32.881,138.3519,67
2009-12,ASN00017054,-31.1278,138.9618,152
2009-12,ASN00010916,-33.6856,117.6064,4
2009-12,ASN00010912,-32.5878,117.6408,52
2009-12,ASN00010911,-33.1006,118.4647,2
2009-12,ASN00008121,-29.5339,115.7628,0
2009-12,ASN00008137,-30.8917,116.7186,84
2009-12,ASN00008143,-29.2872,115.6331,0
2009-12,ASN00008157,-28.8978,115.8628,82
2009-12,ASN00008200,-28.6936,115.0408,66
2009-12,ASN00008202,-30.6219,116.3794,36
2009-12,ASN00008237,-28.6857,115.2806,60
2009-12,ASN00008240,-28.8939,115.4539,20
2009-12,ASN00008251,-27.7119,114.165,0
2009-12,ASN00008107,-29.4417,116.2875,0
2009-12,ASN00008254,-30.7092,116.7744,50
2009-12,ASN00008283,-30.1453,116.3844,126
2009-12,ASN00008285,-28.3181,114.7614,60
2009-12,ASN00008286,-28.275,114.6761,64
2009-12,ASN00008290,-28.3008,113.5936,0
2009-12,ASN00008294,-28.2094,115.285,60
2009-12,ASN00008296,-29.2039,116.0247,32
2009-12,ASN00008297,-30.2761,116.6714,296
2009-12,ASN00008298,-28.7597,114.937,166
2009-12,ASN00008299,-29.1103,115.3173,132
2009-12,ASN00008271,-28.8114,115.9675,92
2009-12,ASN00008300,-29.0692,115.0915,16
2009-12,ASN00008100,-28.3456,114.6367,20
2009-12,ASN00008077,-29.6006,115.9392,50
2009-12,ASN00007185,-23.1725,117.7494,50
2009-12,ASN00007197,-28.2817,118.3111,118
2009-12,ASN00007600,-28.1156,117.8425,88
2009-12,ASN00008002,-30.5967,116.7714,92
2009-12,ASN00008005,-30.7294,116.02,0
2009-12,ASN00041050,-26.7797,151.1111,308
2009-12,ASN00008008,-30.5831,116.135,134
2009-12,ASN00008013,-29.3303,116.1433,233
2009-12,ASN00008014,-30.2192,116.7783,48
2009-12,ASN00008095,-28.5367,115.5142,74
2009-12,ASN00008022,-30.2911,116.3306,134
2009-12,ASN00008028,-28.5008,114.7897,0
2009-12,ASN00008050,-28.7769,114.605,0
2009-12,ASN00008051,-28.7953,114.6975,4
2009-12,ASN00008052,-28.17,114.7614,58
2009-12,ASN00008057,-29.5486,115.0689,0
2009-12,ASN00008060,-29.0364,115.5536,0
2009-12,ASN00008064,-30.6719,116.3078,80
2009-12,ASN00008066,-30.7008,117.0608,84
2009-12,ASN00008072,-29.7586,116.4444,96
2009-12,ASN00008025,-29.6889,115.8869,16
2009-12,ASN00007180,-25.0386,120.0064,0
2009-12,ASN00008304,-28.9571,114.9492,22
2009-12,ASN00008308,-28.8,115.76,124
2009-12,ASN00009215,-31.9558,115.7619,0
2009-12,ASN00009225,-31.9192,115.8728,0
2009-12,ASN00009240,-32.0056,116.1364,0
2009-12,ASN00009242,-32.3956,115.9744,0
2009-12,ASN00009248,-31.332,115.9513,10
2009-12,ASN00009252,-31.7683,116.2475,38
2009-12,ASN00009256,-32.2433,115.6839,8
2009-12,ASN00009257,-32.1569,115.9275,2
2009-12,ASN00009258,-32.2156,115.8758,0
2009-12,ASN00009207,-32.0208,116.1167,0
2009-12,ASN00009260,-32.4697,116.2143,14
2009-12,ASN00009264,-31.7078,115.7242,0
2009-12,ASN00009500,-35.0289,117.8808,50
2009-12,ASN00009506,-34.4678,116.9169,34
2009-12,ASN00009507,-32.6836,116.5194,42
2009-12,ASN00009513,-33.2136,115.85,6
2009-12,ASN00009515,-33.6611,115.3456,0
2009-12,ASN00009518,-34.3728,115.1358,46
2009-12,ASN00009519,-33.5372,115.0189,6
2009-12,ASN00009527,-33.3969,115.7833,18
2009-12,ASN00009263,-31.8372,115.95,0
2009-12,ASN00008307,-28.89,115.4397,32
2009-12,ASN00009193,-32.0069,115.5022,0
2009-12,ASN00009172,-32.1011,115.8794,0
2009-12,ASN00008309,-29.3,115.6597,36
2009-12,ASN00008310,-29.0291,115.5548,52
2009-12,ASN00009009,-31.605,116.1114,2
2009-12,ASN00009015,-32.0892,116.125,0
2009-12,ASN00009018,-31.3461,115.9031,0
2009-12,ASN00009021,-31.9275,115.9764,0
2009-12,ASN00009024,-31.5608,116.0842,30
2009-12,ASN00009030,-31.8972,116.1575,2
2009-12,ASN00009033,-30.9719,116.2089,32
2009-12,ASN00009178,-31.4628,115.8642,8
2009-12,ASN00009037,-30.3381,115.5394,2
2009-12,ASN00009040,-31.1428,116.0539,26
2009-12,ASN00009053,-31.6669,116.0189,0
2009-12,ASN00009066,-31.7908,116.1975,0
2009-12,ASN00009106,-32.0486,115.9839,0
2009-12,ASN00009111,-32.44,116.0744,0
2009-12,ASN00009112,-31.3928,116.0875,4
2009-12,ASN00009113,-32.1108,116.0953,0
2009-12,ASN00009131,-30.3081,115.0311,0
2009-12,ASN00009168,-32.1189,116.1206,0
2009-12,ASN00009039,-32.3536,116.005,20
2009-12,ASN00007177,-23.6042,117.6892,0
2009-12,ASN00007176,-23.4169,119.7989,18
2009-12,ASN00007139,-29.2708,117.6836,22
2009-12,ASN00002069,-16.4433,127.7836,954
2009-12,ASN00003001,-17.2767,122.5711,2552
2009-12,ASN00003003,-17.9475,122.2353,1794
2009-12,ASN00003009,-18.355,125.3033,1110
2009-12,ASN00003019,-17.3306,124.8167,5782
2009-12,ASN00003027,-18.1386,125.7764,870
2009-12,ASN00003028,-19.2536,121.4861,2169
2009-12,ASN00003030,-18.6844,121.7803,1636
2009-12,ASN00003032,-17.3706,123.6611,2334
2009-12,ASN00002067,-15.9816,128.9991,916
2009-12,ASN00003040,-17.9903,124.1922,1792
2009-12,ASN00003051,-16.7372,125.9086,738
2009-12,ASN00003052,-16.8206,124.9158,3530
2009-12,ASN00003057,-16.4514,123.0086,906
2009-12,ASN00003059,-19.0861,121.6764,2090
2009-12,ASN00003066,-18.5175,121.8072,2026
2009-12,ASN00003068,-18.5075,123.4561,990
2009-12,ASN00003073,-16.6872,123.8375,2342
2009-12,ASN00003080,-17.5736,123.8217,2546
2009-12,ASN00003084,-17.3436,123.6781,2670
2009-12,ASN00003048,-18.9158,125.5264,556
2009-12,ASN00003093,-18.1814,125.5619,1064
2009-12,ASN00002056,-15.7814,128.71,922
2009-12,ASN00002044,-16.1119,128.7414,405
2009-12,ASN00001006,-15.51,128.1503,1482
2009-12,ASN00001007,-13.7542,126.1485,7172
2009-12,ASN00001010,-14.7883,126.4964,6321
2009-12,ASN00001018,-16.4181,126.1025,1403
2009-12,ASN00001019,-14.2964,126.6453,4602
2009-12,ASN00001020,-14.09,126.3867,6412
2009-12,ASN00001023,-16.0086,127.9806,1289
2009-12,ASN00001025,-15.3797,126.3114,3239
2009-12,ASN00001026,-15.7025,126.3786,1925
2009-12,ASN00002049,-18.1947,127.8147,522
2009-12,ASN00001027,-15.6394,128.0803,1024
2009-12,ASN00001035,-15.5969,128.2781,1737
2009-12,ASN00002009,-16.4203,126.4411,470
2009-12,ASN00002012,-18.2292,127.6636,464
2009-12,ASN00002021,-18.3869,126.9892,528
2009-12,ASN00002022,-18.016,126.3033,774
2009-12,ASN00002026,-18.5958,127.6419,1474
2009-12,ASN00002029,-19.1625,128.1633,1275
2009-12,ASN00002032,-17.0156,128.2175,848
2009-12,ASN00002043,-18.3368,126.1243,604
2009-12,ASN00001031,-13.96,127.1964,3994
2009-12,ASN00003098,-17.0549,125.7108,794
2009-12,ASN00003100,-17.9503,124.2653,1038
2009-12,ASN00004006,-22.1828,119.935,215
2009-12,ASN00006011,-24.8878,113.67,0
2009-12,ASN00006022,-25.0544,115.21,15
2009-12,ASN00006034,-25.3656,114.3594,0
2009-12,ASN00006044,-25.9261,113.5319,0
2009-12,ASN00006072,-23.0314,115.0414,1
2009-12,ASN00006097,-26.1203,113.3975,0
2009-12,ASN00006099,-26.8936,115.9561,101
2009-12,ASN00006105,-25.8925,113.5772,2
2009-12,ASN00007017,-27.4233,117.8994,65
2009-12,ASN00006008,-25.0481,114.0294,0
2009-12,ASN00007023,-25.6864,119.2258,270
2009-12,ASN00007045,-26.6136,118.5372,14
2009-12,ASN00007059,-24.2297,118.2408,58
2009-12,ASN00007064,-27.3636,116.4261,156
2009-12,ASN00007068,-29.425,117.2906,70
2009-12,ASN00007081,-28.8928,117.1333,86
2009-12,ASN00007083,-23.6239,118.6561,60
2009-12,ASN00007090,-28.8439,117.8317,0
2009-12,ASN00007101,-26.2822,118.6933,112
2009-12,ASN00007103,-25.48,119.6492,20
2009-12,ASN00007030,-26.1142,117.5047,340
2009-12,ASN00005095,-22.9367,116.9731,320
2009-12,ASN00005094,-20.875,115.4056,0
2009-12,ASN00005084,-21.4606,115.0197,2
2009-12,ASN00004008,-20.6392,119.2431,630
2009-12,ASN00004019,-19.7419,120.8436,2918
2009-12,ASN00004032,-20.3725,118.6317,0
2009-12,ASN00004038,-20.7483,118.8172,0
2009-12,ASN00004039,-20.9469,117.3733,538
2009-12,ASN00004041,-20.8503,120.695,2785
2009-12,ASN00004046,-20.6739,120.2044,1700
2009-12,ASN00004068,-19.7789,120.6417,1395
2009-12,ASN00004083,-20.7097,116.7742,0
2009-12,ASN00004090,-20.7594,117.1583,302
2009-12,ASN00004106,-21.1756,119.7497,612
2009-12,ASN00005001,-21.8047,117.8056,16
2009-12,ASN00005007,-22.2406,114.0967,0
2009-12,ASN00005008,-21.1906,115.9797,26
2009-12,ASN00005014,-21.7869,117.8647,0
2009-12,ASN00005017,-21.6689,115.1092,0
2009-12,ASN00005022,-21.975,116.0653,70
2009-12,ASN00005029,-21.6767,116.3928,0
2009-12,ASN00005036,-22.9367,115.9825,162
2009-12,ASN00005061,-20.7278,116.7483,158
2009-12,ASN00005069,-21.6392,116.3308,66
2009-12,ASN00009531,-34.9617,117.3567,76
2009-12,ASN00009532,-34.9528,117.3733,94
2009-12,ASN00009534,-33.5719,115.8247,8
2009-12,ASN00009538,-32.7103,116.0594,12
2009-12,ASN00010143,-31.415,117.2664,70
2009-12,ASN00010145,-31.3756,117.5853,40
2009-12,ASN00010149,-31.3361,117.8164,98
2009-12,ASN00010150,-31.6358,116.7961,0
2009-12,ASN00010151,-31.5317,118.0986,52
2009-12,ASN00010155,-30.7686,117.1361,0
2009-12,ASN00010160,-31.4533,117.1194,50
2009-12,ASN00010163,-31.7711,117.1433,32
2009-12,ASN00010192,-30.5539,118.2828,110
2009-12,ASN00010138,-31.814,116.341,62
2009-12,ASN00010286,-31.6219,117.2217,30
2009-12,ASN00010304,-31.485,116.5383,32
2009-12,ASN00010307,-31.7936,116.6278,48
2009-12,ASN00010308,-31.55,116.4867,2
2009-12,ASN00010310,-31.7647,116.3464,28
2009-12,ASN00010311,-31.8997,116.765,62
2009-12,ASN00010502,-34.2553,118.2214,15
2009-12,ASN00010503,-32.0311,118.0947,60
2009-12,ASN00010508,-33.6361,117.9278,0
2009-12,ASN00010513,-32.3869,118.2622,18
2009-12,ASN00010294,-31.5736,117.5097,113
2009-12,ASN00010515,-32.1083,116.9247,120
2009-12,ASN00010136,-30.5892,118.1489,40
2009-12,ASN00010134,-31.3119,116.515,108
2009-12,ASN00010053,-31.7233,118.4372,100
2009-12,ASN00010058,-31.2994,116.8269,28
2009-12,ASN00010060,-31.9886,118.5106,50
2009-12,ASN00010061,-31.1417,116.9558,108
2009-12,ASN00010064,-31.2747,116.5075,80
2009-12,ASN00010070,-30.3686,117.1133,60
2009-12,ASN00010073,-31.6183,117.7217,40
2009-12,ASN00010082,-31.1125,117.9186,44
2009-12,ASN00010084,-30.1056,117.3597,22
2009-12,ASN00010135,-30.4869,118.1258,72
2009-12,ASN00010091,-31.6322,117.0081,0
2009-12,ASN00010095,-31.5936,118.2347,52
2009-12,ASN00010097,-30.6569,117.2625,50
2009-12,ASN00010111,-31.6508,116.6586,12
2009-12,ASN00010112,-31.1842,118.1006,57
2009-12,ASN00010118,-31.9917,118.0264,26
2009-12,ASN00010119,-31.795,118.3947,52
2009-12,ASN00010121,-31.6431,117.4872,90
2009-12,ASN00010124,-31.5136,118.1753,58
2009-12,ASN00010126,-31.1153,117.7942,80
2009-12,ASN00010092,-31.4756,118.2789,81
2009-12,ASN00010518,-32.4006,118.6058,52
2009-12,ASN00010520,-33.6614,117.0539,0
2009-12,ASN00010524,-32.3725,117.0072,16
2009-12,ASN00010641,-33.375,116.9053,0
2009-12,ASN00010647,-33.3075,117.3403,0
2009-12,ASN00010692,-33.1131,118.84,16
2009-12,ASN00010702,-32.1003,118.8058,80
2009-12,ASN00010704,-33.3281,117.5628,0
2009-12,ASN00010705,-32.3344,118.8492,78
2009-12,ASN00010729,-34.3439,118.6306,22
2009-12,ASN00010792,-34.1692,118.9444,34
2009-12,ASN00010799,-32.6339,118.0103,24
2009-12,ASN00010635,-33.7853,116.9064,0
2009-12,ASN00010802,-33.4661,118.6361,4
2009-12,ASN00010866,-33.9317,117.3258,20
2009-12,ASN00010869,-33.5942,120.1833,17
2009-12,ASN00010872,-33.1722,118.2475,10
2009-12,ASN00010878,-33.5381,119.6564,36
2009-12,ASN00010893,-34.3078,117.4347,66
2009-12,ASN00010897,-34.2206,118.5042,74
2009-12,ASN00010904,-32.1717,118.6136,44
2009-12,ASN00010905,-33.8878,119.1092,50
2009-12,ASN00010908,-32.0294,116.8742,46
2009-12,ASN00010831,-33.4836,117.61,0
2009-12,ASN00010633,-33.5803,120.0458,49
2009-12,ASN00010628,-32.0094,117.4014,30
2009-12,ASN00010626,-32.5336,117.0831,6
2009-12,ASN00010527,-32.3756,117.5128,60
2009-12,ASN00010530,-33.9144,117.0994,18
2009-12,ASN00010531,-33.7069,117.2411,0
2009-12,ASN00010534,-32.4825,117.5647,105
2009-12,ASN00010536,-32.3292,117.8733,14
2009-12,ASN00010537,-34.2961,117.5533,20
2009-12,ASN00010541,-33.8594,118.8158,34
2009-12,ASN00010546,-33.3142,117.74,0
2009-12,ASN00010556,-32.4797,116.8167,18
2009-12,ASN00010558,-33.9372,118.0075,0
2009-12,ASN00010560,-32.5403,119.1122,20
2009-12,ASN00010565,-32.6744,119.4144,5
2009-12,ASN00010568,-32.4419,118.8983,40
2009-12,ASN00010571,-32.3789,116.8258,6
2009-12,ASN00010582,-33.83,117.159,14
2009-12,ASN00010584,-32.6719,118.1547,2
2009-12,ASN00010603,-32.4231,118.2003,0
2009-12,ASN00010611,-33.2761,119.7753,30
2009-12,ASN00010612,-32.0656,118.3956,139
2009-12,ASN00010614,-32.9342,117.1797,0
2009-12,ASN00010622,-33.9644,118.4889,22
2009-12,ASN00010043,-31.7661,116.9167,22
2009-12,ASN00023013,-34.7977,138.6281,136
2009-12,ASN00010042,-31.1936,117.0311,150
2009-12,ASN00010040,-31.6089,117.8775,88
2009-12,ASN00009642,-33.1336,115.8808,0
2009-12,ASN00009647,-34.9506,117.2769,136
2009-12,ASN00009654,-34.3986,119.3778,0
2009-12,ASN00009678,-34.8772,117.6725,82
2009-12,ASN00009692,-34.2258,115.7622,64
2009-12,ASN00009738,-33.4531,116.3025,0
2009-12,ASN00009739,-33.6789,122.3311,88
2009-12,ASN00009741,-34.9414,117.8022,90
2009-12,ASN00009752,-34.7233,117.3494,66
2009-12,ASN00009636,-33.8358,115.0747,30
2009-12,ASN00009754,-34.5961,118.5519,59
2009-12,ASN00009769,-32.5698,116.4385,26
2009-12,ASN00009771,-33.7411,115.4697,4
2009-12,ASN00009772,-33.7608,121.2156,44
2009-12,ASN00009776,-33.7931,115.3189,4
2009-12,ASN00009784,-34.9319,117.1606,86
2009-12,ASN00009789,-33.83,121.8925,42
2009-12,ASN00009801,-34.1597,115.1892,84
2009-12,ASN00009803,-33.7831,115.3447,10
2009-12,ASN00009804,-33.8811,122.2167,58
2009-12,ASN00009766,-35.0597,117.8658,64
2009-12,ASN00009805,-34.9769,116.7286,40
2009-12,ASN00009633,-34.8644,118.1122,134
2009-12,ASN00009626,-33.7106,121.5619,44
2009-12,ASN00009542,-33.6825,121.8275,58
2009-12,ASN00009547,-34.0717,115.0986,64
2009-12,ASN00009556,-33.9781,116.3336,8
2009-12,ASN00009573,-34.2508,116.145,46
2009-12,ASN00009574,-33.9592,115.0642,11
2009-12,ASN00009575,-32.8556,116.45,18
2009-12,ASN00009579,-33.7633,122.0675,66
2009-12,ASN00009584,-33.7422,121.995,50
2009-12,ASN00009587,-33.9967,116.4253,26
2009-12,ASN00009628,-33.36,116.1467,0
2009-12,ASN00009589,-34.9919,116.8206,40
2009-12,ASN00009592,-34.4478,116.0433,78
2009-12,ASN00009594,-34.435,119.3628,103
2009-12,ASN00009600,-33.9525,115.1969,32
2009-12,ASN00009603,-33.6858,115.4008,4
2009-12,ASN00009611,-34.9761,116.7328,44
2009-12,ASN00009613,-34.1436,115.2261,64
2009-12,ASN00009615,-34.715,118.4692,26
2009-12,ASN00009616,-34.0911,116.6628,29
2009-12,ASN00009617,-33.9486,116.1311,4
2009-12,ASN00009590,-34.6339,116.1236,144
2009-12,ASN00009815,-33.8819,122.5661,72
2009-12,ASN00009822,-33.7753,121.555,96
2009-12,ASN00009842,-33.7964,115.6658,8
2009-12,ASN00009977,-32.5219,115.7119,28
2009-12,ASN00009978,-33.7563,115.2096,10
2009-12,ASN00009982,-33.3878,115.8538,12
2009-12,ASN00009987,-33.6414,115.7028,0
2009-12,ASN00009988,-33.6808,115.6242,2
2009-12,ASN00009989,-33.6458,115.9553,18
2009-12,ASN00009990,-33.4775,115.7393,16
2009-12,ASN00009991,-33.5711,115.8383,4
2009-12,ASN00009992,-33.5435,115.5509,2
2009-12,ASN00009971,-33.7844,115.4075,14
2009-12,ASN00009994,-33.3608,116.1717,34
2009-12,ASN00009998,-34.9469,116.7222,40
2009-12,ASN00010000,-31.1675,117.0736,186
2009-12,ASN00010007,-30.8081,117.8603,58
2009-12,ASN00010009,-31.2744,116.5092,76
2009-12,ASN00010012,-31.5278,117.4361,58
2009-12,ASN00010019,-31.3958,118.4808,60
2009-12,ASN00010026,-30.0606,117.1417,92
2009-12,ASN00010031,-31.3742,117.5861,100
2009-12,ASN00010032,-30.9964,117.3953,46
2009-12,ASN00009997,-33.7647,115.8431,2
2009-12,ASN00009968,-34.5683,116.3367,80
2009-12,ASN00009967,-34.7772,117.6508,54
2009-12,ASN00009965,-33.3567,115.6447,2
2009-12,ASN00009843,-34.4417,116.9944,26
2009-12,ASN00009848,-34.7719,118.1317,104
2009-12,ASN00009850,-34.5378,117.7197,69
2009-12,ASN00009852,-34.8883,118.3958,82
2009-12,ASN00009868,-33.7078,120.8653,78
2009-12,ASN00009871,-34.8361,116.0308,46
2009-12,ASN00009877,-33.6033,115.4983,2
2009-12,ASN00009894,-32.9183,115.9217,0
2009-12,ASN00009897,-33.8536,123.0069,62
2009-12,ASN00009899,-34.8883,118.0789,96
2009-12,ASN00009908,-34.2292,115.9294,66
2009-12,ASN00009912,-33.445,115.8508,18
2009-12,ASN00009914,-33.3197,116.6464,0
2009-12,ASN00009917,-33.7058,115.7878,2
2009-12,ASN00009927,-33.6028,116.0128,22
2009-12,ASN00009928,-34.8389,116.7211,78
2009-12,ASN00009936,-32.6239,116.0603,0
2009-12,ASN00009957,-35.0367,116.9247,24
2009-12,ASN00009958,-34.6625,117.8394,155
2009-12,ASN00009961,-33.9306,120.1283,16
2009-12,ASN00009964,-34.5714,117.0106,40
2009-12,ASN00010041,-31.6192,117.4372,60
2009-12,ASN00023023,-34.7674,138.6434,164
2009-12,ASN00002064,-16.6381,128.4517,864
2009-12,ASN00023031,-34.9697,138.6331,143
2009-12,ASN00039035,-23.1375,149.9726,779
2009-12,ASN00039036,-25.3706,151.1222,606
2009-12,ASN00039040,-24.9933,151.9606,1704
2009-12,ASN00039043,-23.5255,150.5078,1778
2009-12,ASN00039054,-24.1967,150.3714,740
2009-12,ASN00039059,-24.1116,152.7161,1162
2009-12,ASN00039066,-25.6167,151.6156,934
2009-12,ASN00039067,-23.5798,150.4044,2686
2009-12,ASN00039068,-23.8104,150.9783,816
2009-12,ASN00039018,-24.0222,151.7642,1606
2009-12,ASN00039070,-25.1694,151.6375,1268
2009-12,ASN00039073,-25.5908,151.2986,916
2009-12,ASN00039083,-23.3753,150.4775,1954
2009-12,ASN00039085,-24.7298,153.2089,1148
2009-12,ASN00039089,-24.4935,150.5709,1040
2009-12,ASN00039092,-24.6792,152.1881,1812
2009-12,ASN00039095,-24.6342,152.0228,2400
2009-12,ASN00039097,-24.7158,152.0075,2890
2009-12,ASN00039102,-23.9078,150.1953,1885
2009-12,ASN00039104,-24.8642,151.1247,1289
2009-12,ASN00039071,-24.5722,149.9694,744
2009-12,ASN00039106,-24.4081,150.7258,934
2009-12,ASN00039009,-24.8408,152.2414,1532
2009-12,ASN00038063,-25.1494,142.9833,970
2009-12,ASN00037036,-21.84,140.8925,506
2009-12,ASN00037039,-22.3617,143.0836,518
2009-12,ASN00037046,-22.2903,142.4731,692
2009-12,ASN00037056,-22.2628,143.7447,510
2009-12,ASN00037112,-23.9686,143.3031,481
2009-12,ASN00037120,-21.8958,143.0967,846
2009-12,ASN00038000,-24.3597,139.4714,46
2009-12,ASN00038003,-22.9117,139.9039,299
2009-12,ASN00038004,-24.8522,143.6672,306
2009-12,ASN00039000,-25.1333,151.1292,606
2009-12,ASN00038009,-24.7856,139.5919,244
2009-12,ASN00038012,-24.8303,143.9331,328
2009-12,ASN00038014,-23.365,139.6556,320
2009-12,ASN00038020,-25.79,139.5856,318
2009-12,ASN00038024,-25.4228,142.6564,650
2009-12,ASN00038026,-25.8975,139.3472,44
2009-12,ASN00038035,-25.5903,143.8917,480
2009-12,ASN00038056,-25.6653,142.1086,228
2009-12,ASN00038060,-25.1806,142.6817,961
2009-12,ASN00038062,-24.6947,143.1275,194
2009-12,ASN00038010,-22.9144,138.8036,200
2009-12,ASN00037034,-21.8125,139.9267,612
2009-12,ASN00039123,-23.8553,151.2628,1256
2009-12,ASN00039129,-24.6156,151.105,732
2009-12,ASN00039334,-24.0213,150.9603,1244
2009-12,ASN00039338,-24.9822,152.0731,1258
2009-12,ASN00039339,-25.1475,151.6286,1418
2009-12,ASN00039340,-25.62,151.59,1008
2009-12,ASN00039341,-25.5247,151.76,1170
2009-12,ASN00039343,-25.5378,151.32,1120
2009-12,ASN00039346,-25.695,151.3325,772
2009-12,ASN00039349,-23.6211,150.1567,732
2009-12,ASN00040004,-27.6297,152.7111,66
2009-12,ASN00039332,-24.41,149.8356,726
2009-12,ASN00040020,-26.8848,152.1006,1132
2009-12,ASN00040028,-25.6006,152.2614,608
2009-12,ASN00040042,-28.0142,153.1664,1406
2009-12,ASN00040043,-27.0314,153.4661,586
2009-12,ASN00040051,-26.7297,152.7169,1378
2009-12,ASN00040056,-27.3914,152.5014,1262
2009-12,ASN00040057,-26.1842,152.9136,746
2009-12,ASN00040068,-25.9319,153.1906,716
2009-12,ASN00040071,-26.3828,151.1922,366
2009-12,ASN00040075,-27.2397,152.4219,1399
2009-12,ASN00040026,-25.5997,152.5925,1462
2009-12,ASN00039128,-24.8885,152.3235,950
2009-12,ASN00039326,-23.8697,151.2214,1200
2009-12,ASN00039319,-25.1303,151.1297,590
2009-12,ASN00039142,-24.8139,149.9892,456
2009-12,ASN00039151,-24.8075,150.2197,260
2009-12,ASN00039158,-24.9472,150.0789,782
2009-12,ASN00039168,-25.1025,152.5603,1235
2009-12,ASN00039175,-24.4167,151.2119,746
2009-12,ASN00039186,-24.9297,152.1983,1184
2009-12,ASN00039201,-24.3278,149.8556,798
2009-12,ASN00039220,-24.6544,151.6311,1864
2009-12,ASN00039241,-23.7583,151.3097,266
2009-12,ASN00039321,-25.4,151.1,840
2009-12,ASN00039242,-23.4009,150.6238,2238
2009-12,ASN00039251,-24.7275,151.4308,1412
2009-12,ASN00039252,-24.2122,151.4219,2424
2009-12,ASN00039255,-24.1664,151.5128,2818
2009-12,ASN00039256,-25.1475,151.6286,1480
2009-12,ASN00039278,-24.8394,150.7444,406
2009-12,ASN00039290,-24.4131,150.5208,486
2009-12,ASN00039303,-25.2558,152.2819,1240
2009-12,ASN00039313,-25.1367,151.98,920
2009-12,ASN00039314,-24.1542,151.8875,1194
2009-12,ASN00039248,-24.9389,150.8033,728
2009-12,ASN00037030,-21.8886,143.6019,1560
2009-12,ASN00037025,-21.55,143.8031,622
2009-12,ASN00037010,-19.9225,138.1214,1682
2009-12,ASN00034015,-22.0656,147.7219,431
2009-12,ASN00034024,-22.0236,147.4158,426
2009-12,ASN00034027,-22.7744,148.81,896
2009-12,ASN00034044,-21.0767,146.5133,780
2009-12,ASN00034061,-22.9372,149.1386,525
2009-12,ASN00034084,-20.0464,146.2708,624
2009-12,ASN00034094,-20.9994,146.4272,310
2009-12,ASN00034097,-20.6467,147.1372,230
2009-12,ASN00034100,-22.2411,148.43,656
2009-12,ASN00034010,-20.4328,146.0131,464
2009-12,ASN00035001,-23.5522,147.7461,460
2009-12,ASN00035015,-25.4025,149.1044,1142
2009-12,ASN00035016,-23.0856,148.0236,530
2009-12,ASN00035039,-26.3564,150.0464,972
2009-12,ASN00035040,-25.5811,148.4811,734
2009-12,ASN00035049,-24.5608,145.7869,1596
2009-12,ASN00035053,-23.1864,147.3539,430
2009-12,ASN00035063,-24.2111,148.7403,357
2009-12,ASN00035064,-24.4481,147.8986,1070
2009-12,ASN00035065,-24.123,148.0856,1380
2009-12,ASN00035014,-26.1206,149.9614,1310
2009-12,ASN00035068,-25.6103,148.9444,706
2009-12,ASN00034007,-20.7019,147.0175,150
2009-12,ASN00033310,-23.2,150.3978,1548
2009-12,ASN00033280,-19.6333,147.1103,340
2009-12,ASN00033285,-23.0883,150.11,950
2009-12,ASN00033286,-19.7586,147.2436,40
2009-12,ASN00033287,-19.9717,147.2508,830
2009-12,ASN00033288,-19.6433,147.3972,420
2009-12,ASN00033289,-20.1425,147.5631,130
2009-12,ASN00033290,-20.2897,147.9019,330
2009-12,ASN00033291,-20.3089,147.2961,420
2009-12,ASN00033292,-20.5819,147.5981,460
2009-12,ASN00033312,-23.2233,150.605,1850
2009-12,ASN00033294,-23.1364,150.7506,1204
2009-12,ASN00033299,-21.2725,148.8203,1700
2009-12,ASN00033300,-21.1439,149.0753,680
2009-12,ASN00033301,-21.3228,148.835,1130
2009-12,ASN00033302,-21.1772,148.8311,2490
2009-12,ASN00033303,-21.1397,149.1883,1360
2009-12,ASN00033304,-21.1792,148.7458,1550
2009-12,ASN00033306,-20.4103,148.2306,530
2009-12,ASN00033307,-19.4167,146.5364,1702
2009-12,ASN00033308,-22.7433,150.6578,2136
2009-12,ASN00033295,-19.4569,147.4833,198
2009-12,ASN00035069,-24.8819,146.2564,1345
2009-12,ASN00035070,-25.6408,149.7958,779
2009-12,ASN00035072,-24.8856,146.2781,1076
2009-12,ASN00036007,-23.5544,145.2883,1726
2009-12,ASN00036011,-22.2067,145.0083,846
2009-12,ASN00036023,-21.5119,144.6339,692
2009-12,ASN00036026,-24.2591,144.4406,1024
2009-12,ASN00036028,-22.1769,144.0486,656
2009-12,ASN00036031,-23.4372,144.2769,1038
2009-12,ASN00036034,-24.4303,145.4306,1698
2009-12,ASN00036036,-23.6239,145.6892,1509
2009-12,ASN00036037,-22.595,144.5469,2776
2009-12,ASN00036006,-21.7117,144.3928,406
2009-12,ASN00036046,-21.6292,145.1167,1480
2009-12,ASN00036074,-22.3022,145.99,140
2009-12,ASN00036094,-24.4464,144.1094,1094
2009-12,ASN00036127,-24.6017,143.8314,405
2009-12,ASN00036143,-24.4214,145.4672,1669
2009-12,ASN00036160,-22.2717,147.0903,680
2009-12,ASN00036168,-24.9553,145.2489,1630
2009-12,ASN00036172,-21.9667,144.3333,674
2009-12,ASN00037000,-22.1542,142.49,290
2009-12,ASN00037003,-20.4661,138.4683,0
2009-12,ASN00036050,-22.0231,145.9831,458
2009-12,ASN00036004,-22.9717,145.245,1766
2009-12,ASN00035282,-25.6333,149.7833,790
2009-12,ASN00035274,-23.8467,148.1083,1580
2009-12,ASN00035073,-25.3167,146.0194,1140
2009-12,ASN00035077,-24.9214,148.6006,378
2009-12,ASN00035079,-24.6217,147.4064,840
2009-12,ASN00035081,-26.2853,149.8283,1386
2009-12,ASN00035088,-24.3339,147.9425,1142
2009-12,ASN00035090,-24.9588,148.3743,1372
2009-12,ASN00035094,-22.4831,147.5172,40
2009-12,ASN00035109,-22.8181,148.49,202
2009-12,ASN00035117,-25.3864,149.7842,614
2009-12,ASN00035131,-23.1331,148.5267,836
2009-12,ASN00035132,-23.4292,148.9272,650
2009-12,ASN00035135,-25.7583,149.4067,1246
2009-12,ASN00035151,-25.2797,148.85,498
2009-12,ASN00035165,-24.0717,146.6139,540
2009-12,ASN00035182,-25.6753,149.6331,1154
2009-12,ASN00035207,-24.2236,148.0958,1254
2009-12,ASN00035211,-22.6217,147.6589,610
2009-12,ASN00035221,-23.3039,148.1056,490
2009-12,ASN00035225,-24.2897,148.1053,1336
2009-12,ASN00035242,-25.8986,150.1297,1182
2009-12,ASN00035264,-23.5694,148.1756,772
2009-12,ASN00040078,-26.4769,152.945,720
2009-12,ASN00033277,-21.1789,148.8297,2180
2009-12,ASN00040079,-27.5831,152.3806,491
2009-12,ASN00040083,-27.5428,152.2817,540
2009-12,ASN00040842,-27.3917,153.1292,2212
2009-12,ASN00040844,-28.135,153.1883,1640
2009-12,ASN00040845,-28.2006,153.1872,3100
2009-12,ASN00040846,-28.0017,153.3083,590
2009-12,ASN00040849,-27.9136,153.3657,1304
2009-12,ASN00040854,-27.6839,153.1947,1643
2009-12,ASN00040856,-25.9007,153.0891,543
2009-12,ASN00040861,-26.6006,153.0903,480
2009-12,ASN00040867,-27.9406,152.6236,1044
2009-12,ASN00040841,-28.1481,152.57,1240
2009-12,ASN00040868,-25.7417,152.2353,1412
2009-12,ASN00040878,-27.6947,153.1364,1680
2009-12,ASN00040881,-27.9561,153.4233,890
2009-12,ASN00040882,-28.1653,153.2161,2360
2009-12,ASN00040889,-26.4472,152.4869,1454
2009-12,ASN00040891,-25.6022,152.2603,1474
2009-12,ASN00040892,-25.9586,152.5753,2296
2009-12,ASN00040893,-26.0642,152.7728,856
2009-12,ASN00040896,-25.6517,152.6633,1470
2009-12,ASN00040902,-25.4969,152.3836,1430
2009-12,ASN00040876,-28.2372,152.4867,3510
2009-12,ASN00040903,-25.2386,152.5319,1770
2009-12,ASN00040836,-27.6272,152.7461,820
2009-12,ASN00040832,-28.2033,152.77,1080
2009-12,ASN00040763,-27.395,152.6097,1080
2009-12,ASN00040764,-27.939,153.4283,1078
2009-12,ASN00040770,-27.5152,153.2492,990
2009-12,ASN00040778,-26.3583,152.6283,2490
2009-12,ASN00040782,-26.3297,152.8136,1410
2009-12,ASN00040784,-27.615,153.0444,1850
2009-12,ASN00040785,-27.6017,152.9511,1490
2009-12,ASN00040786,-27.7456,152.9081,1300
2009-12,ASN00040793,-27.7633,152.8367,1838
2009-12,ASN00040833,-25.7683,152.525,2050
2009-12,ASN00040794,-27.6956,152.9333,50
2009-12,ASN00040808,-27.2641,152.1959,1612
2009-12,ASN00040811,-26.0833,152.2167,1970
2009-12,ASN00040814,-26.5256,152.7428,1830
2009-12,ASN00040816,-27.6658,152.6989,930
2009-12,ASN00040823,-27.1381,152.3294,400
2009-12,ASN00040824,-26.1711,152.5994,2130
2009-12,ASN00040825,-25.9,152.3497,1300
2009-12,ASN00040829,-27.5439,152.1133,1110
2009-12,ASN00040830,-26.6278,152.7042,760
2009-12,ASN00040801,-26.3878,152.6842,1806
2009-12,ASN00040762,-27.8336,152.9878,580
2009-12,ASN00040904,-25.2756,152.5089,2010
2009-12,ASN00040906,-25.4019,152.5317,940
2009-12,ASN00040949,-28.0033,152.6875,1130
2009-12,ASN00040958,-27.2169,153.0922,702
2009-12,ASN00040964,-27.6696,153.0442,1610
2009-12,ASN00040965,-27.2442,153.0867,1416
2009-12,ASN00040969,-27.0717,153.1058,624
2009-12,ASN00040973,-27.7472,153.1919,2373
2009-12,ASN00040976,-27.4753,152.9753,2106
2009-12,ASN00040979,-27.1247,152.9356,1150
2009-12,ASN00040980,-27.1822,153.0186,930
2009-12,ASN00040948,-28.1461,152.7358,1140
2009-12,ASN00041012,-26.6764,150.8992,820
2009-12,ASN00041014,-28.3539,151.6281,382
2009-12,ASN00041016,-27.5331,151.2025,417
2009-12,ASN00041018,-27.9317,151.9058,540
2009-12,ASN00041022,-28.5,151.9722,1135
2009-12,ASN00041024,-27.2067,151.8467,1282
2009-12,ASN00041025,-27.5742,151.0839,365
2009-12,ASN00041034,-28.4039,151.4703,877
2009-12,ASN00041037,-27.3072,151.8506,902
2009-12,ASN00023024,-34.8978,138.5092,190
2009-12,ASN00041013,-28.2264,152.0661,610
2009-12,ASN00040905,-25.2928,152.4097,1320
2009-12,ASN00040947,-28.1481,152.57,1400
2009-12,ASN00040945,-28.0708,152.9272,1660
2009-12,ASN00040907,-25.3289,152.5619,2180
2009-12,ASN00040908,-26.3911,153.0403,586
2009-12,ASN00040913,-27.4808,153.0389,1722
2009-12,ASN00040914,-27.4942,152.4972,1128
2009-12,ASN00040922,-26.5737,151.8398,1876
2009-12,ASN00040924,-26.9028,152.7664,928
2009-12,ASN00040928,-27.5639,152.8208,1352
2009-12,ASN00040931,-28.2314,153.1356,2600
2009-12,ASN00040932,-28.2608,153.0917,1370
2009-12,ASN00040946,-28.2153,152.8681,1430
2009-12,ASN00040933,-28.27,153.0264,1230
2009-12,ASN00040936,-28.0614,153.0408,630
2009-12,ASN00040937,-27.9978,153.1575,1380
2009-12,ASN00040938,-27.9108,153.1047,1790
2009-12,ASN00040939,-27.9681,152.9861,1240
2009-12,ASN00040940,-27.8336,152.9878,1808
2009-12,ASN00040941,-28.0708,152.8558,1140
2009-12,ASN00040942,-28.3222,152.7697,1470
2009-12,ASN00040943,-28.2453,152.8908,1450
2009-12,ASN00040944,-28.1692,152.9833,1000
2009-12,ASN00040935,-27.7864,153.0161,2310
2009-12,ASN00040761,-27.7828,153.1889,50
2009-12,ASN00040754,-28.2153,152.8681,1190
2009-12,ASN00040738,-27.9114,153.1056,1510
2009-12,ASN00040199,-26.7433,151.8439,1470
2009-12,ASN00040206,-26.325,152.7869,1780
2009-12,ASN00040209,-27.4361,153.5456,1512
2009-12,ASN00040211,-27.5717,153.0078,1826
2009-12,ASN00040223,-27.4178,153.1142,1969
2009-12,ASN00040224,-27.4193,153.0024,1884
2009-12,ASN00040231,-27.4565,153.18,612
2009-12,ASN00040246,-26.5539,151.4156,886
2009-12,ASN00040247,-26.8422,152.5803,754
2009-12,ASN00040197,-27.9695,153.1952,1944
2009-12,ASN00040255,-26.41,151.815,780
2009-12,ASN00040259,-26.8933,151.8975,1066
2009-12,ASN00040269,-27.6374,153.3735,1356
2009-12,ASN00040284,-26.9586,152.9619,1766
2009-12,ASN00040289,-27.1136,151.8517,1200
2009-12,ASN00040290,-28.1725,152.72,1054
2009-12,ASN00040301,-27.1882,151.9634,1048
2009-12,ASN00040307,-26.9664,151.7086,992
2009-12,ASN00040312,-27.7354,152.9443,1776
2009-12,ASN00040320,-27.4174,153.1552,1804
2009-12,ASN00040258,-26.8408,151.9806,784
2009-12,ASN00040334,-25.5097,152.0456,2072
2009-12,ASN00040196,-28.14,153.4293,2107
2009-12,ASN00040184,-27.6322,152.5944,1455
2009-12,ASN00040089,-26.0564,152.7889,995
2009-12,ASN00040093,-26.1831,152.6414,1658
2009-12,ASN00040094,-27.8117,152.6675,1100
2009-12,ASN00040104,-27.949,152.6235,1137
2009-12,ASN00040106,-26.5956,152.7281,1578
2009-12,ASN00040118,-26.6234,152.684,1137
2009-12,ASN00040120,-27.4617,152.5747,1278
2009-12,ASN00040123,-26.6225,152.8656,1074
2009-12,ASN00040126,-25.5161,152.7156,756
2009-12,ASN00040189,-27.1147,152.555,722
2009-12,ASN00040139,-28.0708,152.6119,1220
2009-12,ASN00040141,-27.6163,153.2039,1914
2009-12,ASN00040144,-25.7411,152.2364,1560
2009-12,ASN00040145,-27.0625,152.7789,2463
2009-12,ASN00040151,-25.605,152.5892,1370
2009-12,ASN00040162,-28.1634,153.2126,1238
2009-12,ASN00040167,-28.326,152.7696,1783
2009-12,ASN00040169,-26.8425,152.8819,1259
2009-12,ASN00040170,-27.3042,152.0542,873
2009-12,ASN00040177,-26.1639,151.6014,1078
2009-12,ASN00040140,-27.1492,152.5781,512
2009-12,ASN00040335,-27.9694,153.2133,1890
2009-12,ASN00040343,-27.0397,152.8678,1566
2009-12,ASN00040345,-27.8064,153.2072,2380
2009-12,ASN00040517,-27.1953,152.7539,1298
2009-12,ASN00040534,-28.1629,153.2641,2720
2009-12,ASN00040537,-27.4973,153.4078,69
2009-12,ASN00040550,-28.2452,153.2369,3230
2009-12,ASN00040607,-28.2031,153.2719,3272
2009-12,ASN00040609,-28.1178,153.4457,2112
2009-12,ASN00040635,-26.8369,152.4914,810
2009-12,ASN00040659,-27.6956,152.9408,2026
2009-12,ASN00040671,-26.2839,151.1897,460
2009-12,ASN00040516,-27.8429,153.3502,1180
2009-12,ASN00040672,-27.5486,152.0236,1374
2009-12,ASN00040686,-26.1842,152.8208,1392
2009-12,ASN00040688,-25.9575,152.4919,1822
2009-12,ASN00040693,-27.3786,152.8164,1896
2009-12,ASN00040695,-26.6842,152.9589,1647
2009-12,ASN00040708,-26.0336,151.0603,648
2009-12,ASN00040714,-28.0708,152.9272,1330
2009-12,ASN00040715,-27.6473,153.1718,2170
2009-12,ASN00040717,-28.1681,153.5053,1286
2009-12,ASN00040722,-26.0942,151.4417,584
2009-12,ASN00040677,-28.1752,152.6557,2173
2009-12,ASN00040503,-27.6075,152.58,1600
2009-12,ASN00040500,-26.6403,151.9431,948
2009-12,ASN00040493,-27.78,152.5346,1270
2009-12,ASN00040385,-26.5539,151.6678,1766
2009-12,ASN00040388,-27.6342,152.2206,520
2009-12,ASN00040390,-25.65,152.6647,1692
2009-12,ASN00040394,-28.2321,152.7829,1000
2009-12,ASN00040395,-27.7183,152.1211,558
2009-12,ASN00040396,-26.7778,152.8033,1914
2009-12,ASN00040405,-25.322,152.8817,1738
2009-12,ASN00040407,-28.0557,153.033,812
2009-12,ASN00040412,-25.2483,152.6636,1098
2009-12,ASN00040416,-28.0017,153.3083,1730
2009-12,ASN00040417,-28.0686,153.4241,402
2009-12,ASN00040424,-27.755,152.0814,1356
2009-12,ASN00040430,-25.2825,152.8994,2050
2009-12,ASN00040449,-27.5572,152.2308,490
2009-12,ASN00040455,-25.85,151.3667,1090
2009-12,ASN00040458,-27.5314,153.1825,1444
2009-12,ASN00040463,-27.5797,152.9875,1576
2009-12,ASN00040469,-25.8694,152.3172,2880
2009-12,ASN00040480,-27.2883,152.1239,1378
2009-12,ASN00040485,-28.249,152.5232,1976
2009-12,ASN00040490,-28.2086,152.5389,1838
2009-12,ASN00040082,-27.5436,152.3375,574
2009-12,ASN00033270,-20.525,148.2125,140
2009-12,ASN00040978,-27.0797,153.1803,990
2009-12,ASN00033267,-20.2197,148.1217,290
2009-12,ASN00024518,-35.6902,139.3375,246
2009-12,ASN00024519,-35.4068,138.9701,266
2009-12,ASN00024521,-35.1234,139.2592,155
2009-12,ASN00024525,-34.853,139.1607,172
2009-12,ASN00024528,-33.9888,139.08,154
2009-12,ASN00024531,-34.5719,139.2961,168
2009-12,ASN00024536,-35.2546,139.4542,171
2009-12,ASN00024537,-35.619,139.4378,202
2009-12,ASN00024551,-35.1093,139.0806,174
2009-12,ASN00024515,-35.2959,139.0328,192
2009-12,ASN00024554,-35.1978,139.5871,220
2009-12,ASN00024564,-34.3515,139.6153,206
2009-12,ASN00024572,-35.2828,139.2031,230
2009-12,ASN00024573,-34.4085,139.1274,258
2009-12,ASN00024575,-34.5444,139.193,196
2009-12,ASN00024576,-35.348,138.9771,208
2009-12,ASN00024577,-35.7344,139.2675,202
2009-12,ASN00024578,-34.0647,139.6605,182
2009-12,ASN00024579,-34.8788,138.974,170
2009-12,ASN00024580,-35.2836,138.8934,184
2009-12,ASN00024555,-34.2571,139.0923,225
2009-12,ASN00024582,-35.1016,139.1426,135
2009-12,ASN00024511,-34.1754,139.0847,190
2009-12,ASN00024508,-35.125,139.0433,178
2009-12,ASN00023887,-35.1712,138.6783,214
2009-12,ASN00023890,-35.0012,138.62,228
2009-12,ASN00023891,-34.9847,138.7404,334
2009-12,ASN00023892,-34.8856,138.7562,192
2009-12,ASN00023894,-35.5194,138.8177,250
2009-12,ASN00023896,-34.8757,138.7103,174
2009-12,ASN00023897,-35.3159,138.6218,230
2009-12,ASN00023905,-34.9695,138.741,266
2009-12,ASN00024001,-34.2591,140.4708,140
2009-12,ASN00024509,-34.3515,139.1289,250
2009-12,ASN00024003,-34.1658,140.7541,180
2009-12,ASN00024010,-34.2918,140.3632,212
2009-12,ASN00024013,-34.4442,140.4958,216
2009-12,ASN00024024,-34.439,140.5978,222
2009-12,ASN00024025,-34.2717,140.5964,30
2009-12,ASN00024031,-34.17,139.817,180
2009-12,ASN00024048,-34.1983,140.6766,192
2009-12,ASN00024501,-34.0954,139.1543,142
2009-12,ASN00024502,-34.6923,139.4396,264
2009-12,ASN00024504,-34.1233,139.3509,192
2009-12,ASN00024008,-34.2579,140.6478,184
2009-12,ASN00023885,-35.1586,138.5057,140
2009-12,ASN00024584,-35.065,139.2273,134
2009-12,ASN00025002,-34.8276,139.6673,266
2009-12,ASN00025562,-35.3778,140.5378,230
2009-12,ASN00026000,-37.4861,140.0115,240
2009-12,ASN00026007,-36.7124,140.9552,210
2009-12,ASN00026012,-36.8309,139.8526,220
2009-12,ASN00026016,-36.9731,140.3664,258
2009-12,ASN00026017,-36.501,140.3835,204
2009-12,ASN00026018,-37.5872,140.3426,268
2009-12,ASN00026020,-37.8333,140.7833,335
2009-12,ASN00026021,-37.7473,140.7739,342
2009-12,ASN00025561,-36.3994,140.8424,208
2009-12,ASN00026025,-37.3803,140.8379,348
2009-12,ASN00026058,-36.6064,140.7118,244
2009-12,ASN00026062,-36.9229,140.5809,256
2009-12,ASN00026067,-37.9594,140.7703,378
2009-12,ASN00026086,-37.3797,140.3294,322
2009-12,ASN00026091,-37.2906,140.8254,342
2009-12,ASN00026095,-36.9655,139.7164,230
2009-12,ASN00026098,-37.5422,140.8137,311
2009-12,ASN00026099,-36.9813,140.727,256
2009-12,ASN00026100,-36.6539,140.5212,226
2009-12,ASN00026026,-37.1628,139.756,318
2009-12,ASN00025000,-34.7314,140.5036,280
2009-12,ASN00025560,-36.3098,140.74,176
2009-12,ASN00025557,-36.1058,140.3273,220
2009-12,ASN00025006,-35.09,139.8972,219
2009-12,ASN00025013,-35.2977,140.6667,332
2009-12,ASN00025014,-34.7169,140.7352,182
2009-12,ASN00025015,-35.268,140.9075,362
2009-12,ASN00025018,-34.7884,140.5003,304
2009-12,ASN00025036,-35.1524,140.288,258
2009-12,ASN00025039,-35.0393,139.9844,202
2009-12,ASN00025042,-35.244,139.8261,234
2009-12,ASN00025046,-35.0662,140.856,320
2009-12,ASN00025558,-35.4696,139.9461,193
2009-12,ASN00025050,-34.6345,140.2432,268
2009-12,ASN00025502,-35.379,139.5617,164
2009-12,ASN00025504,-35.6984,139.8633,188
2009-12,ASN00025506,-35.38,140.1588,200
2009-12,ASN00025507,-36.098,140.3556,247
2009-12,ASN00025512,-35.3805,140.2519,222
2009-12,ASN00025513,-35.3627,139.9503,218
2009-12,ASN00025514,-35.8806,140.0594,44
2009-12,ASN00025519,-36.3654,140.9096,228
2009-12,ASN00025523,-35.8597,139.5599,276
2009-12,ASN00025051,-34.5876,140.0791,318
2009-12,ASN00023882,-34.8713,138.9058,210
2009-12,ASN00023881,-34.7742,139.0062,238
2009-12,ASN00023880,-34.7595,138.9341,250
2009-12,ASN00023319,-34.2778,138.7725,218
2009-12,ASN00023348,-34.5103,138.835,200
2009-12,ASN00023349,-34.0936,138.7952,196
2009-12,ASN00023355,-34.207,138.7886,198
2009-12,ASN00023357,-34.4709,138.9991,250
2009-12,ASN00023365,-34.2318,138.6952,262
2009-12,ASN00023369,-34.4557,138.9222,270
2009-12,ASN00023370,-34.3143,138.7293,260
2009-12,ASN00023372,-34.4534,139.0638,214
2009-12,ASN00023318,-34.5169,138.9598,252
2009-12,ASN00023373,-34.4761,139.0056,210
2009-12,ASN00023704,-35.0077,138.6498,250
2009-12,ASN00023705,-34.8148,138.9474,56
2009-12,ASN00023707,-35.0102,138.7602,330
2009-12,ASN00023709,-35.0611,138.6585,290
2009-12,ASN00023710,-35.1087,138.6256,235
2009-12,ASN00023714,-35.3736,138.806,226
2009-12,ASN00023718,-35.4987,138.7638,94
2009-12,ASN00023720,-35.0303,138.8148,272
2009-12,ASN00023721,-35.0608,138.5647,226
2009-12,ASN00023374,-34.2523,139.0183,174
2009-12,ASN00023722,-34.9303,139.014,222
2009-12,ASN00023314,-34.158,138.7483,270
2009-12,ASN00023307,-34.3412,138.9155,250
2009-12,ASN00023034,-34.9524,138.5204,148
2009-12,ASN00033269,-20.3078,148.2181,350
2009-12,ASN00023042,-34.9387,138.6607,176
2009-12,ASN00023043,-34.7607,138.6311,160
2009-12,ASN00023055,-34.9552,138.5356,132
2009-12,ASN00023076,-34.432,138.2587,178
2009-12,ASN00023083,-34.7111,138.6222,206
2009-12,ASN00023085,-34.9222,138.6805,214
2009-12,ASN00023096,-34.8564,138.6844,170
2009-12,ASN00023310,-34.005,138.8142,246
2009-12,ASN00023101,-34.8925,138.6422,178
2009-12,ASN00023107,-34.601,138.7359,130
2009-12,ASN00023108,-35.0495,138.7259,278
2009-12,ASN00023114,-34.9542,138.6586,162
2009-12,ASN00023115,-34.9473,138.5827,158
2009-12,ASN00023122,-34.5106,138.6763,20
2009-12,ASN00023128,-34.2015,138.597,212
2009-12,ASN00023129,-34.4611,138.5581,222
2009-12,ASN00023305,-34.4577,138.9277,210
2009-12,ASN00023306,-34.1697,138.8095,286
2009-12,ASN00023105,-34.9808,138.621,152
2009-12,ASN00023723,-35.4935,138.4575,234
2009-12,ASN00023725,-34.5569,139.1338,192
2009-12,ASN00023726,-34.9044,138.8742,189
2009-12,ASN00023806,-34.8067,138.7552,142
2009-12,ASN00023817,-35.0221,138.7344,366
2009-12,ASN00023820,-34.6805,138.8561,210
2009-12,ASN00023822,-35.1802,139.0239,174
2009-12,ASN00023825,-35.5288,138.8067,292
2009-12,ASN00023839,-35.0216,138.6097,222
2009-12,ASN00023842,-34.9784,138.7088,302
2009-12,ASN00023846,-35.0028,138.6635,184
2009-12,ASN00023858,-34.763,138.7765,196
2009-12,ASN00023804,-35.5544,138.5997,310
2009-12,ASN00023860,-34.9499,138.6866,194
2009-12,ASN00023866,-35.0068,138.8033,262
2009-12,ASN00023867,-34.9342,138.7467,320
2009-12,ASN00023871,-35.3175,138.4636,194
2009-12,ASN00023873,-34.9913,138.6937,242
2009-12,ASN00023875,-35.5695,138.2864,316
2009-12,ASN00023876,-35.2276,138.5366,228
2009-12,ASN00023877,-34.7863,138.8651,208
2009-12,ASN00023878,-34.7253,138.9273,216
2009-12,ASN00023879,-34.8476,138.8751,206
2009-12,ASN00023865,-34.8944,138.8099,188
2009-12,ASN00023803,-34.9423,138.727,274
2009-12,ASN00023801,-34.9482,138.8071,260
2009-12,ASN00023799,-35.2183,138.7342,256
2009-12,ASN00023727,-35.0484,138.7354,296
2009-12,ASN00023731,-34.8331,138.8215,156
2009-12,ASN00023732,-35.1351,138.5274,158
2009-12,ASN00023733,-35.0639,138.8509,234
2009-12,ASN00023734,-35.1213,138.6769,256
2009-12,ASN00023735,-35.3497,138.6223,252
2009-12,ASN00023737,-34.7735,139.0501,212
2009-12,ASN00023738,-35.39,138.4652,300
2009-12,ASN00023739,-35.0369,138.913,205
2009-12,ASN00023741,-35.4519,138.3227,178
2009-12,ASN00023742,-35.5299,138.6896,310
2009-12,ASN00023747,-35.256,138.8901,188
2009-12,ASN00023750,-34.9563,138.7443,308
2009-12,ASN00023752,-34.6717,138.8885,224
2009-12,ASN00023753,-35.2705,138.5591,126
2009-12,ASN00023754,-35.458,138.35,124
2009-12,ASN00023756,-34.6603,138.9262,190
2009-12,ASN00023758,-34.7398,138.8715,230
2009-12,ASN00023786,-34.8269,139.0086,214
2009-12,ASN00023787,-35.0247,138.8578,294
2009-12,ASN00023788,-34.9838,138.7179,334
2009-12,ASN00026103,-37.134,140.7273,328
2009-12,ASN00026104,-36.8465,140.5592,242
2009-12,ASN00023087,-34.5371,138.6049,168
2009-12,ASN00026107,-36.437,140.3356,80
2009-12,ASN00032037,-17.6053,145.9972,858
2009-12,ASN00032040,-19.2483,146.7661,2686
2009-12,ASN00032042,-17.9364,145.9253,846
2009-12,ASN00032043,-18.7218,145.9237,864
2009-12,ASN00032045,-18.6508,146.2047,670
2009-12,ASN00032050,-19.2033,146.6131,2606
2009-12,ASN00032064,-19.0074,146.2057,1312
2009-12,ASN00032078,-18.6494,146.1769,987
2009-12,ASN00032094,-18.6156,146.1811,850
2009-12,ASN00032033,-17.4608,145.8822,957
2009-12,ASN00032098,-19.0506,146.4058,1118
2009-12,ASN00032109,-18.1069,145.8053,1080
2009-12,ASN00032117,-18.6867,146.2969,805
2009-12,ASN00032152,-17.5475,145.9292,580
2009-12,ASN00032155,-17.6094,145.9786,240
2009-12,ASN00032160,-17.6089,145.9792,750
2009-12,ASN00032161,-17.5967,145.9014,620
2009-12,ASN00032162,-17.615,145.8011,620
2009-12,ASN00032163,-17.5236,146.0325,690
2009-12,ASN00032164,-17.6808,145.8878,900
2009-12,ASN00032101,-18.9558,146.2886,1662
2009-12,ASN00032165,-17.5308,145.8464,710
2009-12,ASN00032032,-18.5872,146.2508,866
2009-12,ASN00032023,-18.5819,146.2839,858
2009-12,ASN00031185,-17.5175,145.6089,750
2009-12,ASN00031186,-17.6803,145.6603,650
2009-12,ASN00031187,-17.4694,145.7311,800
2009-12,ASN00031188,-17.0039,145.4281,270
2009-12,ASN00031189,-16.6583,145.5672,854
2009-12,ASN00031191,-18.1494,145.4803,0
2009-12,ASN00031196,-17.7047,145.1461,1450
2009-12,ASN00031197,-18.0394,144.8856,180
2009-12,ASN00031198,-17.3769,145.3803,330
2009-12,ASN00032031,-18.5406,146.3356,952
2009-12,ASN00031200,-17.5908,145.5294,860
2009-12,ASN00031209,-15.4461,145.1861,756
2009-12,ASN00031210,-17.0672,145.4283,322
2009-12,ASN00031213,-14.9672,145.3106,528
2009-12,ASN00032001,-18.8828,146.17,1570
2009-12,ASN00032002,-18.5742,146.2225,860
2009-12,ASN00032004,-18.2553,146.0197,1490
2009-12,ASN00032009,-17.835,146.0986,933
2009-12,ASN00032019,-17.7214,145.9222,1213
2009-12,ASN00032020,-17.5556,145.9556,800
2009-12,ASN00031205,-16.9794,145.6747,970
2009-12,ASN00032166,-17.5456,145.9325,610
2009-12,ASN00032167,-17.9919,145.9425,600
2009-12,ASN00032169,-18.1919,145.3325,1060
2009-12,ASN00033076,-23.1333,150.3669,1018
2009-12,ASN00033077,-23.0967,150.7342,1844
2009-12,ASN00033080,-21.0003,148.7375,2250
2009-12,ASN00033095,-21.8031,149.3569,2750
2009-12,ASN00033096,-20.2081,148.13,100
2009-12,ASN00033106,-20.3658,148.9536,596
2009-12,ASN00033111,-22.8131,149.89,0
2009-12,ASN00033119,-21.1172,149.2169,1816
2009-12,ASN00033151,-19.5953,146.9342,1534
2009-12,ASN00033073,-19.8314,147.13,277
2009-12,ASN00033170,-22.3614,149.3747,2809
2009-12,ASN00033195,-22.4703,150.1786,1566
2009-12,ASN00033210,-22.3472,149.5242,1878
2009-12,ASN00033255,-20.3531,148.9508,734
2009-12,ASN00033260,-23.16,150.96,874
2009-12,ASN00033263,-20.4186,148.1108,240
2009-12,ASN00033264,-20.0089,148.2044,180
2009-12,ASN00033266,-20.2381,148.0311,370
2009-12,ASN00026105,-37.1776,139.8054,330
2009-12,ASN00033265,-20.2886,148.1175,740
2009-12,ASN00033175,-20.2144,147.7761,262
2009-12,ASN00033068,-21.1631,148.87,2627
2009-12,ASN00033065,-22.3458,149.5356,1763
2009-12,ASN00033062,-20.0997,146.8892,486
2009-12,ASN00032170,-18.4125,145.7722,310
2009-12,ASN00032171,-18.6347,146.1444,600
2009-12,ASN00032172,-18.4606,145.7383,480
2009-12,ASN00032173,-18.6797,145.9961,560
2009-12,ASN00032176,-18.1439,145.61,320
2009-12,ASN00032183,-18.7497,146.115,900
2009-12,ASN00032184,-18.4506,145.8294,460
2009-12,ASN00032185,-18.5789,146.2803,1020
2009-12,ASN00032186,-18.8478,145.9067,460
2009-12,ASN00033001,-19.5775,147.4075,32
2009-12,ASN00033002,-19.6169,147.3758,220
2009-12,ASN00033008,-22.8461,150.6475,1480
2009-12,ASN00033013,-20.5534,147.8464,42
2009-12,ASN00033032,-19.6667,147.4147,782
2009-12,ASN00033038,-21.6256,149.2367,2845
2009-12,ASN00033041,-20.5392,148.6572,158
2009-12,ASN00033045,-21.1706,149.1794,1156
2009-12,ASN00033051,-19.8789,146.6319,662
2009-12,ASN00033053,-21.0011,148.9364,1620
2009-12,ASN00033059,-21.4267,149.2164,2464
2009-12,ASN00033060,-21.1422,149.0381,965
2009-12,ASN00031184,-17.4442,145.5094,720
2009-12,ASN00031183,-17.3594,145.5922,900
2009-12,ASN00033247,-20.4925,148.555,558
2009-12,ASN00031181,-17.545,145.7156,430
2009-12,ASN00029004,-17.7425,139.5475,738
2009-12,ASN00029008,-20.7089,140.5192,1160
2009-12,ASN00029012,-18.2044,142.2447,1830
2009-12,ASN00029030,-20.4247,141.4047,396
2009-12,ASN00029037,-17.3297,141.8797,1980
2009-12,ASN00029038,-15.4818,141.7483,2153
2009-12,ASN00029047,-19.6242,138.6386,758
2009-12,ASN00029058,-20.6672,141.7214,356
2009-12,ASN00029061,-18.9511,138.0531,1378
2009-12,ASN00029001,-18.5447,139.8706,0
2009-12,ASN00029063,-17.6872,141.0733,2274
2009-12,ASN00029069,-17.3383,138.2508,80
2009-12,ASN00029077,-17.7483,139.5356,616
2009-12,ASN00029092,-19.8392,140.9336,450
2009-12,ASN00029100,-18.6419,139.2516,1005
2009-12,ASN00029110,-15.6386,141.8228,4092
2009-12,ASN00029121,-20.5958,139.6939,710
2009-12,ASN00029126,-20.7361,139.4817,302
2009-12,ASN00029127,-20.6778,139.4875,302
2009-12,ASN00029129,-21.215,140.2333,312
2009-12,ASN00029065,-18.7881,139.7119,289
2009-12,ASN00029131,-20.02,139.8433,784
2009-12,ASN00029000,-18.2952,139.2828,418
2009-12,ASN00028031,-14.7317,143.5864,1094
2009-12,ASN00031182,-17.5875,145.5997,820
2009-12,ASN00027000,-13.3539,141.7208,1046
2009-12,ASN00027015,-12.4536,142.6389,2250
2009-12,ASN00027038,-16.4231,143.1456,396
2009-12,ASN00027044,-13.0658,142.4511,1740
2009-12,ASN00027045,-12.6778,141.9208,2827
2009-12,ASN00027054,-10.0511,143.0686,936
2009-12,ASN00027058,-10.5844,142.29,1682
2009-12,ASN00027061,-14.5181,142.0389,3770
2009-12,ASN00028035,-14.7117,143.7303,1208
2009-12,ASN00027063,-13.4381,142.9417,1240
2009-12,ASN00026109,-37.3818,139.9454,266
2009-12,ASN00027072,-12.0933,142.5589,4069
2009-12,ASN00027073,-13.7606,143.1183,476
2009-12,ASN00027075,-12.6167,142.0869,1484
2009-12,ASN00028000,-15.5581,144.4453,573
2009-12,ASN00028004,-16.0008,144.0758,1320
2009-12,ASN00028008,-12.785,143.3047,1610
2009-12,ASN00028013,-16.2217,144.7081,1030
2009-12,ASN00028023,-14.9258,144.1994,511
2009-12,ASN00027064,-13.1325,142.7872,1129
2009-12,ASN00029132,-20.6556,142.1006,646
2009-12,ASN00027042,-12.6267,141.8836,1224
2009-12,ASN00029139,-17.1142,139.5981,1745
2009-12,ASN00031032,-17.4311,145.2028,884
2009-12,ASN00031036,-16.8178,145.6383,1010
2009-12,ASN00031037,-16.3842,145.5592,1080
2009-12,ASN00031044,-16.4569,145.3775,1992
2009-12,ASN00031046,-17.677,145.115,887
2009-12,ASN00031051,-17.3442,144.9306,603
2009-12,ASN00031062,-16.3906,145.3511,1976
2009-12,ASN00031069,-17.6697,145.2414,1132
2009-12,ASN00031075,-17.1694,145.5481,24
2009-12,ASN00031104,-17.1644,145.8783,1360
2009-12,ASN00031108,-17.1347,145.4281,400
2009-12,ASN00031119,-17.6758,145.2783,948
2009-12,ASN00031125,-17.3439,145.5028,714
2009-12,ASN00031131,-17.3394,144.6797,550
2009-12,ASN00031140,-17.27,145.8997,1552
2009-12,ASN00031141,-17.2639,145.8536,1500
2009-12,ASN00031147,-14.6683,145.4467,497
2009-12,ASN00031158,-18.2531,145.1269,90
2009-12,ASN00031168,-17.5875,145.6,920
2009-12,ASN00029136,-21.3661,140.4986,266
2009-12,ASN00031180,-16.5319,145.1325,202
2009-12,ASN00031024,-17.535,145.4822,1178
2009-12,ASN00031012,-16.0969,145.4575,1788
2009-12,ASN00026110,-36.7746,140.0222,258
2009-12,ASN00031011,-16.8736,145.7458,782
2009-12,ASN00029150,-20.8422,141.4292,546
2009-12,ASN00029152,-18.7036,138.4839,52
2009-12,ASN00029154,-18.4306,141.2686,1620
2009-12,ASN00029167,-18.7569,138.7056,598
2009-12,ASN00030019,-19.2647,143.6741,1770
2009-12,ASN00030022,-20.8192,144.2333,1686
2009-12,ASN00030048,-18.6242,144.5739,348
2009-12,ASN00030072,-20.0969,144.9875,1246
2009-12,ASN00030082,-19.7037,144.3775,1500
2009-12,ASN00030088,-19.3769,144.1156,1630
2009-12,ASN00029141,-20.6664,140.505,124
2009-12,ASN00030115,-19.055,144.9594,400
2009-12,ASN00030103,-18.2225,143.9697,1942
2009-12,ASN00031010,-16.9333,145.7833,1971
2009-12,ASN00030161,-20.7017,143.1167,392
2009-12,ASN00030158,-18.4564,143.2986,464
2009-12,ASN00030149,-21.0442,144.0992,1300
2009-12,ASN00031004,-17.3436,145.9217,1539
2009-12,ASN00030137,-19.6347,145.7886,440
2009-12,ASN00030124,-18.3039,143.5306,2916
2009-12,ASN00030127,-20.9942,144.6433,1242
